Pocket:
10, 19, 13, 21, 0, 20, 3, 7, 17, 8, 24, 6, 5, 25, 9, 16, 22, 15, 23, 4, 1, 11, 18, 14, 12, 2
25, 16, 12, 19, 3, 2, 17, 6, 14, 23, 21, 20, 22, 5, 0, 24, 11, 13, 15, 1, 4, 8, 18, 9, 10, 7
1, 21, 13, 3, 19, 15, 5, 23, 0, 12, 10, 25, 4, 16, 9, 17, 14, 7, 18, 22, 24, 11, 20, 6, 2, 8
3, 14, 8, 19, 20, 5, 10, 13, 2, 0, 22, 1, 23, 15, 7, 6, 12, 17, 16, 21, 9, 18, 25, 11, 24, 4
6, 21, 19, 12, 20, 10, 0, 7, 18, 23, 13, 4, 15, 14, 9, 24, 2, 8, 16, 1, 17, 25, 5, 22, 11, 3
11, 14, 7, 0, 17, 8, 2, 16, 6, 10, 9, 1, 19, 21, 13, 15, 3, 12, 25, 23, 24, 20, 5, 18, 22, 4
2, 5, 4, 7, 20, 23, 9, 18, 14, 1, 0, 25, 12, 6, 3, 24, 10, 19, 21, 16, 11, 17, 13, 22, 8, 15
6, 8, 1, 19, 18, 3, 4, 20, 0, 12, 22, 11, 21, 17, 24, 16, 15, 9, 13, 10, 14, 2, 23, 25, 7, 5
9, 4, 7, 0, 18, 3, 25, 21, 16, 12, 22, 5, 20, 2, 15, 24, 10, 13, 6, 19, 17, 11, 23, 8, 1, 14
2, 20, 23, 5, 18, 0, 13, 7, 12, 24, 1, 10, 21, 19, 4, 8, 16, 14, 15, 9, 6, 25, 22, 11, 3, 17
Pocket:
21, 14, 10, 7, 8, 22, 24, 15, 16, 19, 3, 4, 2, 0, 9, 25, 12, 17, 11, 13, 18, 6, 23, 20, 5, 1
21, 10, 18, 4, 22, 16, 15, 23, 25, 11, 19, 6, 1, 7, 9, 8, 0, 20, 17, 12, 24, 5, 14, 3, 2, 13
16, 1, 20, 7, 21, 13, 18, 4, 5, 24, 6, 3, 12, 2, 14, 19, 8, 25, 0, 22, 17, 9, 23, 15, 10, 11
17, 9, 2, 19, 11, 10, 25, 24, 20, 5, 14, 18, 0, 15, 6, 4, 23, 21, 16, 12, 13, 22, 1, 3, 7, 8
19, 10, 4, 23, 7, 22, 8, 1, 17, 6, 13, 0, 20, 3, 9, 18, 5, 12, 21, 14, 15, 11, 16, 24, 2, 25
2, 1, 25, 10, 17, 4, 12, 21, 8, 13, 14, 3, 5, 9, 6, 20, 7, 24, 0, 15, 22, 11, 23, 16, 19, 18
19, 3, 13, 20, 2, 16, 12, 15, 22, 8, 6, 24, 11, 10, 9, 18, 21, 7, 0, 4, 1, 17, 5, 25, 23, 14
20, 14, 7, 6, 22, 10, 11, 18, 9, 3, 4, 15, 24, 13, 2, 12, 21, 25, 5, 0, 19, 1, 17, 16, 23, 8
6, 4, 19, 10, 9, 7, 16, 17, 8, 12, 11, 20, 25, 0, 18, 5, 13, 22, 2, 24, 14, 23, 15, 3, 1, 21
19, 22, 9, 7, 25, 15, 24, 14, 16, 18, 4, 6, 8, 2, 13, 1, 17, 21, 3, 5, 10, 20, 0, 11, 12, 23
Pocket:
7, 8, 1, 24, 3, 23, 4, 10, 20, 9, 21, 22, 0, 17, 16, 14, 25, 18, 5, 15, 6, 11, 2, 13, 19, 12
1, 11, 10, 2, 3, 12, 19, 18, 0, 24, 8, 20, 6, 25, 23, 16, 15, 7, 5, 14, 4, 21, 17, 9, 13, 22
6, 4, 24, 8, 10, 12, 11, 19, 14, 2, 1, 25, 3, 18, 15, 20, 9, 22, 16, 0, 23, 21, 17, 5, 7, 13
11, 20, 12, 18, 22, 13, 7, 3, 24, 14, 0, 16, 25, 9, 15, 17, 10, 8, 4, 19, 1, 2, 6, 23, 21, 5
1, 15, 10, 4, 16, 11, 23, 5, 3, 18, 17, 9, 19, 20, 6, 25, 7, 21, 12, 8, 2, 24, 13, 14, 0, 22
17, 4, 24, 10, 5, 1, 2, 21, 0, 23, 11, 13, 7, 15, 6, 12, 9, 16, 3, 20, 8, 25, 14, 22, 19, 18
12, 23, 4, 2, 16, 6, 18, 25, 20, 17, 19, 24, 15, 11, 8, 10, 9, 1, 3, 0, 13, 14, 22, 7, 21, 5
3, 20, 17, 0, 18, 6, 22, 2, 12, 24, 19, 21, 15, 25, 9, 16, 5, 8, 10, 11, 4, 14, 13, 23, 1, 7
25, 0, 12, 1, 23, 15, 5, 2, 19, 21, 16, 18, 11, 9, 6, 7, 8, 17, 13, 3, 20, 10, 14, 22, 4, 24
13, 25, 0, 8, 21, 5, 4, 3, 20, 11, 23, 18, 17, 7, 16, 14, 24, 22, 9, 10, 12, 1, 15, 19, 6, 2
Pocket:
5, 1, 14, 12, 25, 19, 10, 23, 6, 2, 0, 4, 8, 18, 22, 15, 16, 11, 24, 17, 21, 9, 20, 13, 3, 7
10, 14, 15, 21, 13, 9, 8, 25, 24, 20, 3, 2, 4, 12, 6, 22, 23, 1, 18, 17, 0, 16, 5, 19, 11, 7
14, 2, 19, 8, 22, 7, 1, 6, 23, 13, 21, 25, 11, 12, 10, 15, 24, 3, 20, 5, 16, 9, 17, 0, 4, 18
5, 4, 9, 3, 8, 15, 6, 18, 24, 2, 22, 19, 23, 16, 0, 1, 12, 20, 25, 7, 17, 10, 13, 11, 14, 21
20, 6, 11, 4, 12, 24, 22, 25, 19, 21, 5, 16, 17, 9, 15, 14, 8, 10, 13, 23, 0, 18, 7, 1, 3, 2
18, 8, 25, 0, 5, 12, 2, 23, 7, 15, 24, 4, 17, 13, 6, 3, 9, 1, 21, 11, 10, 14, 22, 20, 16, 19
7, 10, 5, 17, 23, 20, 3, 13, 12, 24, 18, 25, 16, 19, 9, 6, 15, 14, 11, 21, 0, 22, 1, 8, 4, 2
14, 22, 5, 9, 13, 25, 6, 23, 10, 1, 4, 3, 0, 18, 19, 2, 20, 7, 16, 11, 12, 21, 24, 8, 15, 17
6, 8, 7, 20, 9, 3, 22, 23, 21, 10, 12, 16, 19, 24, 5, 11, 17, 15, 18, 14, 1, 0, 2, 25, 13, 4
8, 3, 19, 4, 14, 23, 20, 22, 7, 9, 17, 16, 0, 1, 21, 11, 2, 10, 5, 15, 24, 18, 25, 12, 6, 13
Pocket:
23, 1, 3, 4, 7, 22, 8, 15, 5, 14, 10, 13, 25, 12, 20, 21, 0, 16, 17, 19, 24, 2, 11, 9, 6, 18
19, 17, 9, 22, 5, 12, 6, 7, 1, 3, 18, 10, 2, 16, 23, 25, 20, 8, 24, 13, 0, 11, 14, 15, 21, 4
10, 15, 11, 24, 2, 1, 4, 17, 14, 6, 7, 25, 16, 9, 3, 12, 8, 5, 23, 21, 0, 22, 20, 18, 19, 13
16, 4, 15, 10, 14, 18, 1, 21, 24, 8, 0, 25, 12, 13, 9, 11, 6, 19, 5, 17, 3, 23, 20, 22, 7, 2
23, 20, 16, 6, 9, 13, 12, 1, 2, 10, 15, 3, 5, 22, 11, 0, 25, 18, 4, 17, 8, 21, 24, 7, 14, 19
16, 24, 13, 1, 15, 18, 2, 9, 17, 25, 19, 5, 4, 11, 7, 21, 22, 0, 3, 12, 8, 20, 23, 10, 14, 6
23, 0, 2, 10, 20, 19, 9, 1, 12, 22, 3, 11, 25, 21, 4, 6, 18, 14, 8, 7, 15, 5, 13, 17, 16, 24
22, 18, 1, 11, 9, 0, 15, 4, 21, 12, 3, 14, 8, 6, 19, 16, 7, 17, 24, 25, 10, 2, 13, 23, 20, 5
17, 15, 4, 16, 18, 22, 0, 12, 11, 13, 24, 5, 20, 10, 8, 2, 3, 14, 7, 9, 6, 1, 25, 21, 19, 23
25, 13, 4, 16, 19, 6, 22, 5, 17, 9, 21, 8, 18, 15, 3, 0, 7, 23, 1, 20, 12, 11, 10, 14, 2, 24
Pocket:
3, 21, 10, 24, 14, 17, 19, 20, 1, 11, 2, 23, 16, 8, 15, 13, 12, 18, 7, 22, 9, 4, 6, 0, 5, 25
12, 4, 20, 8, 0, 23, 21, 14, 18, 2, 25, 5, 7, 6, 16, 17, 11, 15, 3, 1, 13, 9, 19, 10, 22, 24
14, 17, 22, 21, 10, 20, 12, 9, 18, 3, 23, 11, 5, 19, 16, 1, 13, 15, 2, 7, 8, 6, 24, 0, 4, 25
24, 6, 17, 9, 21, 19, 10, 8, 18, 11, 0, 13, 16, 12, 25, 23, 14, 2, 7, 4, 22, 20, 5, 1, 3, 15
0, 24, 9, 2, 18, 4, 13, 25, 21, 14, 6, 8, 16, 11, 20, 10, 12, 7, 5, 17, 22, 3, 1, 15, 23, 19
8, 19, 7, 10, 13, 3, 11, 24, 1, 18, 4, 6, 21, 15, 5, 25, 2, 16, 14, 17, 23, 22, 9, 0, 20, 12
21, 15, 4, 9, 8, 11, 1, 10, 0, 16, 17, 24, 14, 3, 23, 19, 12, 7, 22, 2, 5, 20, 25, 18, 6, 13
12, 18, 19, 10, 23, 24, 25, 1, 20, 4, 6, 5, 0, 21, 15, 8, 9, 7, 13, 11, 17, 2, 22, 3, 14, 16
16, 20, 13, 22, 17, 19, 4, 10, 12, 25, 8, 18, 14, 0, 9, 15, 1, 24, 7, 3, 6, 23, 5, 21, 2, 11
14, 8, 24, 10, 22, 2, 1, 23, 5, 13, 6, 0, 18, 19, 15, 7, 20, 17, 12, 21, 16, 4, 11, 9, 25, 3
Pocket:
10, 15, 8, 4, 18, 12, 3, 24, 25, 16, 14, 7, 9, 6, 11, 17, 20, 1, 22, 19, 5, 23, 13, 21, 0, 2
17, 2, 18, 21, 13, 22, 10, 20, 4, 8, 0, 16, 1, 9, 14, 6, 7, 19, 3, 12, 11, 15, 25, 5, 23, 24
3, 21, 8, 16, 13, 14, 25, 6, 11, 10, 17, 19, 0, 23, 7, 1, 20, 18, 22, 5, 9, 24, 15, 4, 2, 12
19, 1, 0, 22, 2, 23, 4, 9, 7, 13, 12, 15, 24, 14, 17, 25, 10, 8, 16, 5, 11, 21, 18, 20, 3, 6
8, 0, 24, 9, 22, 7, 3, 21, 5, 12, 1, 14, 4, 13, 16, 6, 2, 11, 17, 20, 23, 19, 15, 10, 25, 18
12, 2, 19, 6, 21, 9, 25, 20, 3, 16, 0, 8, 13, 1, 17, 11, 7, 14, 10, 18, 22, 15, 4, 24, 23, 5
14, 21, 6, 10, 1, 7, 4, 24, 13, 15, 19, 0, 25, 2, 12, 22, 20, 11, 18, 9, 16, 5, 3, 23, 8, 17
2, 1, 6, 24, 22, 8, 14, 25, 17, 13, 9, 11, 10, 20, 3, 5, 19, 0, 12, 4, 16, 15, 7, 23, 18, 21
5, 23, 4, 20, 1, 7, 14, 16, 24, 8, 12, 11, 10, 15, 19, 3, 13, 22, 0, 9, 6, 21, 18, 2, 25, 17
8, 15, 2, 19, 22, 14, 5, 1, 3, 6, 7, 17, 4, 0, 10, 24, 12, 11, 16, 23, 20, 18, 25, 9, 21, 13
Pocket:
3, 9, 6, 17, 11, 7, 20, 12, 10, 13, 18, 19, 16, 15, 1, 25, 23, 0, 14, 24, 5, 22, 8, 4, 2, 21
8, 9, 10, 1, 4, 15, 23, 0, 24, 2, 18, 25, 16, 11, 3, 20, 21, 19, 7, 13, 6, 17, 22, 12, 14, 5
20, 17, 18, 5, 24, 0, 3, 15, 6, 4, 16, 12, 19, 8, 14, 10, 11, 22, 23, 9, 2, 1, 13, 21, 7, 25
7, 21, 25, 14, 22, 10, 11, 6, 17, 1, 23, 5, 12, 15, 4, 2, 18, 9, 20, 13, 19, 3, 24, 16, 8, 0
20, 19, 10, 6, 0, 8, 3, 9, 11, 18, 2, 4, 24, 14, 21, 16, 12, 25, 23, 22, 1, 17, 5, 7, 15, 13
23, 22, 0, 15, 17, 12, 7, 19, 1, 25, 4, 6, 21, 2, 16, 3, 9, 11, 18, 24, 10, 8, 14, 13, 5, 20
2, 5, 14, 18, 13, 23, 12, 21, 24, 6, 3, 9, 8, 16, 17, 7, 0, 1, 25, 11, 15, 4, 10, 22, 20, 19
9, 15, 17, 12, 10, 3, 22, 19, 2, 23, 16, 14, 7, 8, 24, 18, 11, 25, 0, 4, 21, 1, 6, 20, 5, 13
12, 24, 6, 3, 10, 23, 17, 0, 19, 18, 11, 1, 14, 21, 4, 20, 2, 5, 7, 22, 13, 25, 8, 15, 16, 9
11, 7, 10, 24, 21, 12, 3, 6, 1, 9, 18, 13, 22, 20, 4, 8, 15, 17, 5, 0, 2, 14, 16, 23, 25, 19
Pocket:
10, 9, 17, 14, 8, 7, 12, 5, 15, 22, 21, 11, 25, 2, 3, 0, 6, 18, 19, 1, 4, 23, 13, 16, 24, 20
11, 5, 1, 25, 4, 24, 8, 6, 3, 14, 2, 15, 9, 22, 13, 18, 10, 7, 16, 19, 0, 17, 21, 20, 12, 23
6, 15, 3, 9, 0, 21, 20, 16, 19, 7, 13, 23, 24, 5, 4, 14, 10, 18, 1, 22, 8, 11, 25, 12, 2, 17
20, 18, 21, 19, 5, 1, 6, 9, 15, 23, 17, 3, 4, 11, 14, 0, 7, 22, 10, 25, 2, 16, 12, 13, 24, 8
11, 4, 1, 18, 3, 19, 15, 9, 7, 16, 8, 14, 10, 20, 6, 5, 23, 17, 13, 25, 0, 24, 22, 21, 2, 12
3, 22, 14, 8, 17, 24, 20, 15, 13, 5, 19, 6, 10, 2, 7, 12, 0, 9, 11, 4, 21, 25, 1, 23, 18, 16
21, 15, 17, 5, 10, 13, 9, 4, 7, 24, 19, 20, 3, 11, 12, 16, 23, 18, 25, 22, 0, 8, 1, 6, 2, 14
6, 20, 10, 18, 11, 9, 24, 14, 19, 17, 2, 21, 1, 0, 22, 12, 13, 4, 7, 15, 16, 8, 3, 5, 25, 23
13, 0, 16, 15, 24, 7, 19, 25, 20, 18, 2, 14, 4, 9, 12, 6, 11, 5, 8, 23, 3, 22, 17, 1, 21, 10
1, 14, 12, 6, 5, 11, 7, 19, 9, 18, 15, 21, 8, 23, 16, 4, 20, 10, 22, 0, 25, 3, 2, 17, 24, 13
Pocket:
13, 18, 17, 1, 9, 16, 3, 11, 6, 23, 21, 2, 7, 15, 8, 10, 24, 25, 22, 19, 12, 0, 4, 20, 5, 14
13, 16, 15, 6, 23, 19, 14, 20, 0, 24, 22, 18, 17, 12, 5, 4, 11, 9, 10, 21, 25, 8, 2, 3, 1, 7
20, 14, 15, 12, 2, 23, 10, 21, 6, 13, 19, 24, 17, 25, 5, 7, 8, 0, 18, 4, 1, 11, 22, 3, 9, 16
21, 16, 1, 22, 7, 4, 19, 25, 5, 0, 9, 13, 24, 14, 6, 20, 23, 10, 12, 17, 18, 2, 11, 3, 15, 8
0, 4, 17, 10, 5, 8, 6, 13, 22, 18, 3, 9, 24, 23, 25, 2, 7, 1, 19, 14, 16, 15, 11, 12, 21, 20
23, 7, 19, 0, 12, 6, 9, 4, 3, 25, 5, 14, 15, 20, 22, 8, 16, 17, 21, 18, 11, 13, 2, 1, 10, 24
22, 11, 13, 21, 14, 7, 4, 9, 0, 5, 19, 20, 6, 1, 25, 16, 2, 17, 18, 8, 10, 24, 15, 12, 23, 3
20, 12, 2, 4, 9, 18, 22, 16, 3, 11, 5, 7, 23, 25, 14, 17, 19, 8, 0, 6, 13, 24, 1, 21, 15, 10
22, 20, 23, 25, 11, 24, 0, 6, 21, 19, 10, 7, 18, 13, 9, 2, 1, 16, 4, 3, 17, 12, 5, 15, 14, 8
20, 21, 13, 18, 15, 10, 12, 14, 1, 23, 4, 9, 8, 25, 19, 3, 24, 17, 22, 2, 6, 11, 16, 5, 7, 0
Pocket:
3, 2, 23, 7, 9, 13, 22, 16, 6, 15, 11, 8, 5, 24, 0, 14, 1, 21, 19, 10, 25, 4, 12, 17, 18, 20
12, 23, 20, 19, 3, 16, 6, 22, 9, 18, 0, 17, 25, 11, 24, 1, 4, 8, 10, 21, 5, 2, 14, 15, 7, 13
19, 22, 2, 12, 1, 7, 0, 18, 21, 15, 10, 5, 8, 24, 17, 4, 14, 3, 13, 25, 16, 20, 23, 11, 6, 9
21, 6, 1, 9, 7, 0, 25, 16, 17, 24, 20, 22, 10, 14, 11, 4, 23, 8, 2, 12, 5, 18, 15, 3, 13, 19
18, 7, 19, 0, 23, 6, 4, 15, 20, 24, 16, 11, 17, 12, 22, 14, 3, 21, 25, 2, 10, 13, 1, 8, 5, 9
17, 16, 20, 7, 2, 3, 14, 1, 5, 6, 25, 21, 10, 24, 4, 12, 0, 8, 13, 15, 9, 18, 22, 23, 19, 11
15, 2, 17, 9, 13, 5, 8, 18, 21, 12, 16, 7, 23, 0, 1, 11, 10, 14, 3, 22, 20, 24, 19, 6, 4, 25
22, 9, 16, 23, 25, 13, 7, 6, 15, 11, 17, 18, 3, 14, 20, 10, 4, 19, 21, 8, 24, 2, 0, 1, 12, 5
1, 0, 4, 21, 11, 5, 22, 23, 3, 6, 12, 14, 10, 7, 2, 18, 24, 20, 13, 16, 15, 17, 19, 25, 8, 9
11, 1, 7, 25, 21, 5, 23, 20, 24, 13, 22, 8, 14, 17, 2, 9, 6, 12, 4, 15, 0, 19, 3, 16, 10, 18
Pocket:
10, 0, 23, 24, 1, 9, 5, 20, 8, 22, 12, 16, 17, 4, 6, 14, 25, 19, 3, 2, 18, 15, 21, 7, 13, 11
24, 15, 16, 22, 1, 0, 13, 19, 17, 12, 7, 5, 6, 21, 23, 3, 20, 25, 8, 2, 11, 10, 14, 4, 18, 9
12, 17, 14, 19, 15, 9, 16, 4, 7, 6, 10, 8, 18, 21, 20, 13, 0, 23, 24, 25, 3, 22, 11, 2, 1, 5
16, 5, 25, 24, 20, 11, 1, 23, 6, 18, 7, 8, 22, 0, 9, 4, 17, 10, 15, 14, 21, 3, 13, 19, 2, 12
18, 1, 15, 24, 10, 5, 7, 12, 14, 13, 0, 21, 3, 23, 19, 22, 11, 25, 2, 8, 17, 4, 9, 20, 16, 6
7, 17, 23, 2, 4, 22, 13, 0, 8, 15, 5, 9, 16, 20, 1, 3, 14, 11, 12, 24, 18, 10, 25, 19, 21, 6
17, 7, 10, 24, 16, 8, 15, 20, 6, 22, 4, 23, 9, 2, 25, 5, 21, 11, 0, 19, 1, 12, 13, 3, 14, 18
19, 12, 25, 18, 15, 16, 10, 21, 1, 13, 24, 17, 9, 14, 6, 3, 2, 5, 23, 22, 11, 7, 8, 4, 0, 20
21, 2, 23, 17, 25, 5, 1, 8, 9, 4, 18, 24, 6, 22, 3, 10, 7, 12, 20, 0, 15, 19, 14, 16, 11, 13
13, 0, 7, 9, 22, 20, 19, 23, 18, 11, 17, 2, 25, 5, 24, 15, 21, 4, 3, 1, 10, 6, 8, 16, 14, 12
Pocket:
9, 8, 23, 18, 20, 5, 13, 11, 0, 3, 14, 7, 24, 10, 1, 25, 4, 17, 2, 6, 12, 22, 21, 15, 19, 16
7, 18, 15, 3, 20, 23, 17, 0, 14, 19, 21, 22, 2, 9, 12, 16, 1, 4, 6, 10, 5, 8, 13, 11, 25, 24
17, 23, 21, 1, 6, 0, 11, 18, 4, 5, 19, 14, 22, 13, 15, 16, 7, 9, 3, 10, 2, 8, 20, 12, 25, 24
6, 5, 21, 16, 10, 7, 19, 12, 1, 24, 13, 20, 3, 23, 2, 8, 4, 9, 25, 0, 15, 11, 22, 17, 14, 18
10, 9, 6, 14, 11, 3, 23, 17, 7, 4, 25, 5, 18, 15, 20, 22, 19, 12, 13, 0, 24, 2, 1, 21, 16, 8
4, 22, 25, 10, 7, 9, 1, 2, 6, 0, 19, 15, 17, 16, 21, 24, 12, 18, 20, 23, 11, 5, 14, 3, 8, 13
1, 18, 21, 7, 0, 17, 16, 25, 2, 24, 4, 22, 15, 9, 13, 8, 12, 5, 23, 20, 14, 3, 6, 19, 11, 10
6, 11, 14, 17, 4, 2, 20, 25, 10, 22, 5, 18, 8, 15, 19, 3, 0, 24, 13, 21, 23, 7, 9, 1, 16, 12
24, 16, 12, 25, 17, 1, 21, 14, 9, 2, 5, 11, 8, 22, 18, 7, 20, 0, 13, 4, 15, 6, 23, 3, 19, 10
20, 12, 4, 13, 6, 0, 19, 2, 24, 10, 17, 1, 21, 18, 9, 11, 7, 8, 3, 25, 5, 14, 16, 15, 23, 22