Pocket:
7, 2, 9, 3, 24, 17, 13, 19, 23, 0, 12, 25, 6, 20, 22, 14, 11, 15, 5, 8, 4, 10, 21, 1, 18, 16
0, 9, 4, 18, 1, 24, 11, 16, 14, 12, 21, 23, 20, 17, 10, 19, 6, 5, 3, 2, 7, 13, 22, 25, 8, 15
5, 24, 6, 21, 12, 4, 10, 13, 25, 20, 18, 15, 11, 2, 9, 14, 7, 3, 23, 1, 16, 8, 17, 22, 19, 0
0, 8, 14, 12, 20, 15, 23, 2, 10, 16, 3, 25, 6, 5, 4, 11, 1, 7, 22, 17, 18, 19, 21, 9, 24, 13
23, 5, 24, 10, 16, 9, 4, 14, 1, 3, 21, 13, 11, 0, 8, 15, 6, 22, 20, 25, 19, 7, 17, 12, 2, 18
1, 11, 25, 8, 16, 6, 18, 14, 24, 17, 15, 20, 19, 10, 0, 21, 2, 22, 23, 5, 3, 9, 4, 12, 7, 13
8, 16, 5, 20, 6, 3, 9, 1, 24, 17, 0, 23, 14, 11, 25, 2, 13, 22, 7, 4, 19, 18, 21, 15, 12, 10
4, 22, 17, 23, 10, 8, 15, 11, 7, 20, 6, 21, 2, 12, 24, 9, 5, 14, 13, 0, 18, 16, 25, 3, 1, 19
1, 3, 24, 18, 15, 7, 9, 13, 14, 20, 2, 6, 8, 11, 22, 10, 21, 5, 19, 16, 4, 25, 17, 23, 0, 12
4, 19, 9, 2, 11, 16, 1, 8, 0, 7, 3, 24, 25, 13, 23, 22, 15, 14, 17, 20, 21, 6, 18, 5, 10, 12
Pocket:
13, 16, 11, 6, 25, 21, 2, 12, 0, 20, 4, 10, 17, 18, 9, 5, 14, 8, 7, 24, 23, 1, 3, 15, 22, 19
15, 13, 18, 8, 25, 5, 3, 19, 6, 11, 23, 24, 16, 22, 21, 4, 17, 12, 1, 7, 2, 10, 0, 14, 9, 20
2, 12, 23, 16, 13, 8, 9, 11, 0, 5, 4, 19, 18, 1, 3, 22, 20, 14, 17, 21, 25, 10, 24, 15, 6, 7
22, 25, 12, 18, 1, 21, 11, 20, 23, 24, 2, 6, 14, 17, 9, 5, 8, 4, 15, 19, 7, 16, 10, 13, 0, 3
25, 13, 16, 6, 0, 4, 21, 24, 22, 3, 20, 23, 15, 1, 18, 19, 10, 11, 12, 5, 14, 2, 8, 7, 17, 9
3, 1, 22, 18, 5, 4, 12, 9, 14, 8, 23, 17, 2, 15, 24, 6, 21, 0, 25, 16, 20, 11, 13, 19, 10, 7
17, 25, 3, 7, 15, 19, 20, 23, 6, 1, 10, 9, 0, 5, 12, 18, 24, 2, 14, 13, 4, 22, 21, 8, 11, 16
15, 22, 5, 7, 23, 20, 19, 12, 10, 21, 8, 6, 24, 9, 1, 2, 3, 17, 0, 4, 11, 25, 18, 13, 16, 14
19, 11, 1, 4, 25, 22, 18, 10, 9, 21, 5, 16, 7, 2, 0, 3, 13, 14, 15, 12, 8, 24, 23, 6, 20, 17
15, 12, 6, 8, 11, 21, 17, 19, 23, 4, 5, 1, 10, 7, 18, 3, 20, 22, 16, 24, 14, 25, 2, 9, 13, 0
Pocket:
7, 19, 22, 12, 24, 5, 9, 15, 1, 21, 14, 18, 4, 17, 25, 2, 11, 23, 3, 16, 0, 10, 13, 8, 20, 6
16, 4, 13, 7, 15, 20, 18, 24, 14, 11, 6, 23, 2, 8, 22, 10, 3, 0, 5, 21, 19, 1, 9, 12, 25, 17
1, 22, 3, 9, 23, 18, 0, 19, 10, 12, 7, 11, 16, 6, 13, 5, 17, 24, 21, 14, 2, 8, 15, 25, 4, 20
13, 3, 12, 10, 17, 20, 14, 4, 16, 21, 25, 6, 22, 24, 15, 2, 0, 1, 8, 19, 18, 9, 7, 11, 23, 5
17, 18, 2, 22, 4, 25, 7, 20, 5, 10, 1, 23, 6, 8, 3, 14, 12, 16, 9, 21, 11, 24, 0, 19, 15, 13
20, 2, 3, 6, 17, 13, 12, 9, 7, 24, 23, 16, 14, 21, 5, 8, 11, 18, 4, 0, 22, 25, 10, 19, 15, 1
0, 24, 13, 19, 6, 25, 16, 20, 15, 3, 7, 14, 18, 5, 8, 22, 9, 21, 2, 11, 17, 1, 4, 23, 12, 10
25, 12, 4, 3, 8, 24, 17, 22, 11, 7, 16, 20, 9, 14, 19, 10, 23, 6, 2, 1, 18, 13, 0, 5, 21, 15
21, 16, 15, 9, 23, 18, 8, 10, 4, 24, 2, 25, 17, 20, 6, 11, 13, 7, 3, 14, 0, 1, 22, 5, 19, 12
23, 7, 15, 25, 3, 9, 19, 10, 21, 14, 6, 20, 5, 16, 4, 1, 13, 18, 17, 8, 12, 24, 11, 2, 22, 0
Pocket:
22, 3, 18, 6, 14, 21, 15, 16, 9, 8, 11, 17, 2, 25, 23, 5, 20, 1, 12, 10, 24, 19, 13, 0, 4, 7
5, 10, 12, 23, 2, 18, 0, 6, 8, 15, 1, 11, 22, 9, 4, 14, 17, 19, 16, 20, 24, 7, 3, 25, 21, 13
20, 12, 4, 21, 18, 25, 0, 2, 24, 6, 1, 7, 23, 5, 3, 11, 8, 10, 16, 9, 15, 13, 17, 22, 19, 14
14, 15, 4, 18, 7, 24, 16, 5, 17, 1, 10, 2, 21, 6, 20, 23, 19, 9, 8, 25, 12, 13, 22, 11, 3, 0
4, 19, 9, 21, 2, 16, 13, 23, 7, 12, 5, 17, 22, 6, 24, 10, 15, 11, 8, 14, 18, 0, 25, 1, 20, 3
14, 1, 12, 8, 16, 10, 17, 22, 18, 25, 24, 21, 0, 2, 23, 5, 19, 11, 15, 3, 13, 20, 7, 4, 9, 6
14, 0, 24, 2, 3, 12, 7, 4, 13, 21, 6, 9, 1, 8, 25, 17, 15, 20, 23, 22, 16, 11, 19, 18, 10, 5
13, 16, 21, 7, 23, 1, 10, 5, 2, 6, 9, 22, 11, 20, 17, 12, 18, 8, 24, 3, 0, 4, 14, 19, 25, 15
0, 23, 15, 19, 2, 22, 3, 16, 12, 24, 21, 17, 7, 13, 20, 8, 6, 25, 18, 9, 11, 14, 1, 4, 5, 10
4, 9, 11, 20, 22, 15, 13, 6, 16, 2, 25, 1, 5, 8, 23, 10, 12, 3, 14, 21, 19, 24, 17, 18, 0, 7
Pocket:
12, 13, 9, 20, 6, 1, 25, 18, 17, 4, 5, 15, 24, 16, 22, 23, 10, 21, 3, 19, 14, 0, 7, 2, 8, 11
23, 7, 21, 1, 12, 13, 11, 19, 18, 0, 15, 17, 3, 24, 10, 8, 14, 9, 25, 4, 2, 6, 20, 5, 22, 16
19, 0, 24, 11, 8, 23, 15, 10, 20, 4, 13, 18, 16, 1, 25, 21, 12, 14, 3, 6, 2, 9, 17, 5, 7, 22
22, 2, 13, 10, 12, 8, 17, 24, 1, 25, 19, 0, 11, 21, 9, 7, 18, 14, 5, 23, 3, 15, 16, 4, 6, 20
20, 18, 0, 10, 11, 23, 2, 9, 1, 6, 8, 15, 14, 3, 22, 24, 12, 17, 7, 16, 5, 21, 4, 19, 13, 25
7, 25, 0, 24, 11, 16, 6, 20, 21, 5, 10, 3, 1, 15, 17, 13, 12, 22, 2, 23, 18, 4, 14, 8, 9, 19
14, 13, 10, 7, 23, 5, 24, 0, 2, 6, 15, 8, 1, 12, 16, 3, 11, 18, 25, 22, 20, 9, 4, 17, 19, 21
24, 2, 22, 9, 25, 18, 1, 13, 14, 4, 6, 15, 17, 3, 20, 11, 23, 8, 16, 7, 21, 12, 19, 0, 5, 10
16, 19, 10, 8, 2, 22, 6, 14, 13, 17, 9, 20, 24, 23, 21, 12, 15, 1, 4, 25, 18, 3, 0, 5, 11, 7
17, 14, 3, 10, 22, 18, 0, 11, 23, 21, 7, 9, 15, 1, 5, 19, 12, 2, 4, 24, 20, 13, 8, 6, 16, 25
Pocket:
8, 9, 15, 24, 11, 14, 23, 3, 13, 20, 21, 12, 5, 4, 0, 6, 1, 10, 22, 16, 2, 19, 7, 17, 25, 18
10, 15, 5, 4, 9, 7, 0, 17, 18, 21, 11, 14, 20, 2, 16, 3, 25, 22, 12, 19, 6, 8, 13, 23, 24, 1
5, 7, 3, 15, 11, 24, 9, 1, 23, 21, 14, 4, 13, 2, 25, 18, 20, 0, 8, 19, 10, 22, 6, 12, 16, 17
9, 13, 0, 7, 11, 5, 8, 24, 19, 18, 2, 14, 16, 3, 12, 17, 25, 10, 22, 4, 6, 15, 21, 20, 1, 23
18, 0, 19, 8, 2, 14, 11, 20, 22, 13, 21, 5, 6, 15, 17, 12, 4, 25, 9, 3, 23, 1, 24, 10, 7, 16
5, 18, 14, 23, 13, 8, 15, 3, 12, 9, 11, 24, 1, 16, 7, 2, 25, 6, 10, 22, 17, 0, 4, 21, 20, 19
0, 14, 1, 8, 13, 23, 20, 21, 22, 9, 2, 25, 16, 12, 18, 24, 6, 7, 5, 10, 19, 3, 11, 4, 15, 17
17, 18, 22, 0, 20, 9, 11, 19, 1, 5, 6, 7, 23, 25, 2, 3, 12, 14, 8, 10, 13, 24, 4, 21, 15, 16
16, 8, 4, 11, 25, 3, 24, 22, 21, 15, 6, 18, 9, 20, 10, 17, 5, 23, 12, 0, 7, 19, 1, 14, 13, 2
25, 8, 0, 2, 10, 23, 14, 11, 6, 7, 3, 4, 19, 18, 21, 17, 5, 15, 9, 1, 24, 16, 12, 20, 13, 22
Pocket:
19, 3, 16, 10, 22, 9, 17, 5, 13, 18, 8, 21, 1, 4, 20, 24, 25, 12, 11, 2, 0, 23, 15, 14, 6, 7
20, 8, 15, 24, 6, 4, 11, 5, 3, 23, 9, 2, 19, 16, 0, 22, 21, 1, 14, 25, 13, 17, 7, 12, 18, 10
11, 16, 14, 10, 20, 25, 22, 3, 2, 12, 8, 24, 6, 0, 1, 23, 15, 13, 18, 9, 4, 19, 21, 17, 7, 5
24, 20, 0, 19, 6, 23, 17, 25, 12, 1, 16, 13, 21, 7, 4, 15, 22, 3, 8, 9, 5, 14, 18, 2, 10, 11
17, 20, 2, 1, 13, 9, 22, 8, 5, 14, 18, 12, 15, 0, 10, 16, 23, 4, 7, 24, 6, 3, 19, 25, 21, 11
21, 16, 0, 19, 15, 3, 8, 25, 9, 5, 10, 2, 14, 23, 24, 18, 13, 1, 17, 6, 4, 22, 12, 11, 20, 7
5, 17, 4, 22, 1, 6, 10, 24, 14, 19, 11, 25, 9, 13, 2, 12, 18, 21, 16, 3, 0, 23, 7, 8, 20, 15
12, 6, 17, 7, 24, 21, 19, 8, 9, 22, 13, 18, 1, 0, 15, 14, 10, 25, 23, 20, 16, 11, 5, 3, 2, 4
12, 0, 11, 14, 20, 9, 19, 6, 1, 21, 5, 8, 16, 25, 24, 22, 23, 2, 3, 18, 7, 15, 17, 4, 10, 13
10, 25, 24, 20, 16, 1, 15, 14, 17, 5, 2, 7, 12, 21, 9, 23, 6, 11, 4, 8, 18, 13, 3, 22, 19, 0
Pocket:
21, 6, 4, 8, 18, 25, 22, 11, 9, 24, 12, 14, 23, 0, 7, 10, 5, 3, 13, 2, 15, 16, 17, 1, 19, 20
0, 6, 12, 15, 18, 17, 23, 10, 13, 24, 1, 5, 16, 21, 2, 4, 3, 14, 20, 8, 22, 11, 7, 25, 9, 19
19, 18, 3, 22, 17, 21, 8, 11, 13, 20, 7, 15, 4, 5, 12, 24, 23, 1, 0, 9, 10, 6, 14, 25, 2, 16
22, 8, 0, 18, 2, 17, 5, 24, 25, 21, 20, 3, 11, 15, 1, 4, 12, 19, 23, 14, 13, 10, 16, 6, 9, 7
19, 17, 0, 12, 3, 20, 4, 5, 25, 15, 6, 18, 1, 7, 2, 23, 22, 8, 9, 10, 24, 11, 14, 13, 16, 21
9, 8, 14, 21, 3, 11, 18, 12, 23, 24, 20, 22, 13, 6, 15, 17, 5, 16, 1, 2, 7, 25, 4, 10, 19, 0
22, 11, 0, 13, 10, 8, 12, 6, 2, 23, 21, 15, 25, 16, 7, 24, 5, 18, 1, 4, 19, 14, 9, 3, 17, 20
11, 7, 4, 25, 12, 16, 13, 2, 20, 24, 1, 6, 22, 21, 15, 19, 14, 18, 5, 17, 10, 8, 9, 3, 23, 0
14, 3, 0, 23, 16, 15, 1, 21, 13, 9, 7, 11, 2, 10, 17, 12, 25, 19, 22, 5, 18, 24, 6, 20, 8, 4
4, 20, 16, 13, 9, 25, 21, 15, 0, 11, 23, 1, 17, 2, 14, 10, 7, 8, 6, 22, 12, 19, 18, 24, 5, 3
Pocket:
5, 19, 7, 0, 17, 21, 9, 25, 8, 12, 24, 2, 15, 10, 20, 16, 18, 23, 11, 14, 1, 4, 22, 6, 13, 3
17, 23, 25, 24, 18, 8, 4, 12, 20, 1, 0, 19, 16, 5, 14, 13, 9, 11, 6, 22, 2, 21, 10, 7, 3, 15
21, 15, 9, 1, 16, 4, 12, 13, 2, 6, 19, 22, 10, 25, 7, 17, 20, 24, 14, 3, 0, 23, 11, 5, 18, 8
25, 17, 7, 3, 0, 6, 15, 5, 19, 9, 4, 16, 21, 12, 11, 10, 23, 2, 22, 13, 18, 8, 20, 1, 24, 14
6, 25, 5, 19, 3, 4, 23, 14, 24, 9, 1, 20, 2, 8, 12, 11, 10, 18, 17, 0, 13, 15, 7, 22, 16, 21
25, 2, 15, 18, 9, 21, 10, 16, 20, 13, 12, 7, 23, 17, 8, 19, 14, 3, 4, 1, 0, 6, 11, 5, 22, 24
0, 2, 17, 1, 9, 11, 24, 5, 14, 3, 16, 4, 10, 20, 13, 8, 19, 21, 6, 18, 12, 7, 25, 15, 22, 23
5, 24, 8, 16, 3, 15, 10, 23, 19, 4, 17, 18, 2, 25, 1, 20, 0, 13, 14, 12, 9, 21, 22, 6, 11, 7
0, 10, 4, 3, 18, 24, 9, 6, 16, 8, 17, 11, 12, 14, 15, 7, 5, 22, 21, 13, 23, 19, 2, 1, 25, 20
4, 22, 5, 8, 23, 11, 17, 7, 2, 12, 6, 15, 9, 1, 21, 16, 18, 0, 24, 20, 3, 10, 14, 19, 13, 25
Pocket:
25, 1, 10, 13, 0, 23, 14, 20, 6, 21, 12, 16, 18, 22, 2, 4, 9, 7, 24, 8, 17, 3, 15, 11, 19, 5
12, 3, 22, 18, 25, 0, 10, 7, 6, 23, 19, 8, 2, 11, 16, 4, 24, 15, 20, 9, 13, 17, 1, 14, 5, 21
22, 11, 24, 25, 3, 2, 5, 13, 20, 12, 4, 8, 14, 18, 0, 16, 10, 9, 6, 21, 15, 19, 17, 1, 23, 7
14, 7, 22, 24, 20, 2, 25, 10, 12, 17, 5, 18, 3, 0, 21, 8, 19, 23, 11, 1, 4, 16, 9, 13, 15, 6
20, 7, 18, 11, 3, 2, 1, 4, 19, 15, 16, 10, 5, 12, 21, 13, 24, 25, 0, 17, 6, 8, 22, 23, 14, 9
9, 5, 0, 12, 1, 19, 15, 11, 10, 23, 20, 8, 3, 4, 16, 6, 17, 25, 2, 24, 14, 7, 18, 21, 13, 22
12, 11, 17, 7, 4, 22, 25, 18, 21, 24, 10, 15, 20, 2, 5, 3, 6, 9, 8, 23, 0, 13, 16, 14, 19, 1
23, 13, 16, 22, 24, 4, 10, 21, 7, 14, 19, 25, 20, 17, 1, 11, 15, 12, 8, 2, 6, 9, 18, 5, 3, 0
24, 17, 0, 15, 5, 2, 21, 16, 23, 1, 6, 22, 14, 18, 10, 20, 3, 11, 4, 8, 12, 9, 7, 13, 19, 25
6, 20, 9, 22, 23, 19, 24, 12, 10, 17, 18, 15, 25, 16, 14, 11, 8, 7, 3, 13, 21, 0, 2, 1, 4, 5
Pocket:
11, 18, 3, 15, 8, 20, 13, 19, 16, 7, 21, 6, 14, 5, 1, 10, 12, 17, 24, 9, 0, 22, 25, 2, 4, 23
18, 3, 6, 12, 1, 13, 24, 4, 0, 20, 25, 11, 7, 2, 14, 15, 23, 9, 5, 19, 22, 16, 10, 21, 17, 8
13, 18, 23, 4, 1, 8, 7, 12, 2, 17, 21, 3, 11, 0, 19, 25, 16, 6, 14, 10, 24, 5, 15, 9, 20, 22
8, 18, 16, 4, 17, 25, 15, 0, 19, 12, 6, 5, 10, 2, 1, 22, 21, 3, 7, 11, 23, 24, 20, 13, 14, 9
14, 12, 20, 9, 10, 21, 22, 16, 15, 17, 24, 5, 11, 18, 7, 23, 6, 1, 25, 13, 19, 0, 8, 4, 3, 2
20, 13, 16, 0, 9, 12, 17, 15, 8, 5, 23, 21, 10, 14, 7, 18, 6, 1, 22, 4, 3, 25, 2, 19, 11, 24
9, 20, 3, 23, 1, 25, 22, 8, 12, 7, 16, 2, 14, 4, 10, 6, 0, 11, 18, 21, 24, 5, 17, 19, 13, 15
2, 4, 0, 1, 22, 9, 8, 13, 5, 21, 19, 15, 23, 11, 16, 14, 7, 3, 18, 12, 25, 24, 6, 20, 17, 10
3, 11, 8, 20, 23, 2, 25, 16, 5, 18, 15, 9, 12, 19, 7, 10, 22, 21, 17, 6, 14, 13, 1, 24, 0, 4
17, 18, 1, 11, 2, 9, 4, 12, 25, 15, 6, 22, 19, 20, 0, 23, 3, 5, 14, 16, 13, 21, 7, 24, 10, 8
Pocket:
17, 2, 18, 23, 7, 3, 22, 9, 20, 10, 0, 15, 21, 16, 24, 25, 19, 13, 11, 8, 5, 14, 12, 6, 4, 1
3, 0, 15, 20, 16, 19, 13, 1, 23, 9, 2, 7, 17, 21, 14, 25, 22, 6, 8, 18, 12, 11, 4, 5, 10, 24
11, 9, 1, 13, 23, 7, 6, 14, 22, 3, 16, 25, 19, 8, 21, 4, 17, 18, 5, 24, 12, 2, 10, 0, 20, 15
6, 4, 2, 21, 8, 10, 18, 15, 23, 20, 0, 11, 12, 16, 7, 5, 25, 13, 19, 22, 9, 24, 3, 14, 1, 17
4, 8, 7, 23, 17, 15, 24, 19, 12, 0, 6, 20, 14, 21, 9, 3, 10, 2, 18, 22, 16, 5, 1, 13, 11, 25
17, 21, 2, 16, 11, 20, 24, 14, 12, 7, 1, 8, 23, 5, 15, 10, 13, 0, 25, 18, 4, 6, 3, 22, 9, 19
0, 13, 5, 17, 18, 4, 20, 23, 14, 10, 19, 22, 8, 7, 24, 11, 15, 9, 25, 21, 3, 1, 16, 2, 6, 12
8, 18, 12, 2, 13, 1, 7, 21, 17, 0, 4, 5, 6, 15, 9, 23, 22, 10, 11, 24, 20, 19, 16, 3, 25, 14
17, 13, 15, 3, 23, 12, 20, 10, 6, 18, 24, 11, 19, 22, 4, 5, 21, 0, 1, 2, 14, 8, 16, 9, 7, 25
6, 8, 14, 20, 24, 11, 15, 5, 23, 16, 19, 3, 12, 4, 13, 10, 21, 25, 17, 18, 0, 7, 22, 1, 2, 9
Pocket:
18, 19, 16, 24, 17, 22, 25, 0, 20, 15, 3, 7, 13, 14, 5, 10, 6, 12, 8, 1, 4, 23, 9, 2, 11, 21
5, 14, 24, 2, 23, 8, 10, 17, 16, 6, 4, 7, 11, 15, 25, 0, 21, 1, 19, 13, 3, 18, 9, 22, 12, 20
2, 7, 12, 8, 24, 14, 4, 19, 0, 15, 17, 22, 25, 10, 20, 3, 1, 13, 21, 5, 16, 18, 9, 11, 23, 6
10, 23, 4, 16, 9, 2, 3, 13, 1, 7, 18, 0, 20, 21, 15, 11, 19, 14, 24, 22, 6, 12, 17, 8, 5, 25
16, 23, 6, 21, 25, 7, 10, 22, 8, 24, 3, 0, 4, 20, 18, 11, 17, 2, 12, 1, 5, 15, 14, 19, 13, 9
18, 15, 16, 9, 5, 7, 23, 2, 19, 4, 24, 6, 22, 10, 25, 21, 17, 20, 12, 11, 13, 8, 14, 0, 3, 1
9, 17, 16, 13, 24, 19, 20, 1, 18, 15, 2, 0, 14, 12, 7, 4, 10, 23, 3, 8, 21, 11, 5, 22, 25, 6
21, 25, 9, 17, 3, 7, 11, 0, 13, 16, 20, 18, 6, 12, 19, 1, 8, 14, 15, 5, 23, 2, 24, 4, 10, 22
1, 19, 10, 8, 7, 16, 20, 12, 4, 15, 3, 14, 17, 2, 0, 13, 9, 18, 11, 21, 23, 25, 5, 6, 24, 22
21, 13, 16, 22, 8, 9, 14, 23, 7, 24, 19, 12, 25, 5, 20, 18, 15, 10, 0, 6, 1, 2, 4, 3, 17, 11