Pocket:
13, 10, 22, 23, 17, 15, 2, 16, 3, 7, 6, 5, 11, 9, 20, 14, 8, 24, 1, 12, 18, 25, 4, 21, 0, 19
6, 8, 2, 22, 9, 16, 24, 7, 13, 4, 21, 1, 14, 19, 3, 18, 5, 15, 12, 17, 10, 25, 23, 11, 0, 20
2, 9, 6, 7, 1, 24, 21, 15, 18, 3, 14, 4, 0, 5, 19, 12, 20, 25, 16, 8, 22, 17, 10, 11, 13, 23
23, 15, 17, 5, 20, 12, 14, 22, 18, 2, 1, 11, 9, 21, 25, 0, 6, 19, 8, 13, 10, 4, 3, 7, 16, 24
24, 6, 11, 15, 17, 4, 9, 13, 14, 18, 0, 7, 23, 25, 21, 1, 10, 8, 16, 5, 2, 20, 19, 3, 12, 22
17, 19, 14, 5, 12, 8, 7, 24, 4, 21, 10, 2, 9, 23, 1, 15, 25, 6, 16, 20, 11, 22, 0, 13, 3, 18
24, 0, 17, 11, 5, 23, 15, 6, 10, 18, 22, 9, 16, 14, 19, 3, 21, 12, 1, 4, 7, 8, 25, 13, 2, 20
7, 2, 14, 15, 0, 25, 21, 6, 18, 5, 20, 17, 12, 23, 11, 22, 24, 3, 4, 19, 8, 10, 1, 13, 9, 16
7, 15, 10, 24, 4, 1, 6, 17, 16, 22, 2, 25, 5, 3, 18, 20, 11, 14, 19, 12, 8, 0, 9, 23, 21, 13
13, 8, 16, 3, 23, 6, 17, 21, 1, 19, 15, 25, 18, 9, 11, 0, 24, 14, 20, 2, 7, 10, 22, 5, 12, 4
Pocket:
5, 12, 23, 0, 4, 11, 3, 16, 1, 13, 25, 10, 19, 6, 17, 2, 18, 9, 14, 24, 20, 15, 7, 21, 8, 22
24, 8, 1, 14, 5, 7, 23, 6, 4, 20, 2, 9, 17, 19, 13, 12, 16, 10, 15, 21, 22, 3, 25, 0, 11, 18
22, 16, 10, 2, 7, 12, 11, 21, 4, 23, 0, 15, 18, 5, 20, 13, 24, 25, 17, 1, 3, 9, 6, 8, 19, 14
24, 23, 16, 18, 9, 5, 1, 20, 7, 14, 10, 17, 6, 22, 15, 0, 25, 11, 13, 12, 21, 4, 8, 2, 19, 3
5, 21, 8, 15, 17, 4, 11, 7, 14, 25, 19, 3, 24, 10, 1, 20, 22, 13, 6, 9, 23, 2, 0, 18, 16, 12
20, 21, 1, 4, 8, 0, 15, 2, 13, 19, 18, 9, 14, 3, 10, 12, 23, 17, 5, 24, 7, 16, 22, 25, 11, 6
17, 11, 16, 0, 18, 21, 24, 19, 3, 7, 25, 12, 5, 4, 15, 13, 1, 2, 6, 14, 8, 22, 23, 10, 20, 9
19, 20, 14, 0, 25, 24, 17, 10, 3, 16, 4, 5, 6, 8, 18, 9, 13, 1, 15, 23, 11, 21, 2, 22, 7, 12
8, 3, 5, 21, 15, 12, 4, 10, 18, 9, 19, 6, 11, 1, 13, 16, 0, 25, 14, 2, 22, 20, 7, 17, 23, 24
3, 19, 18, 12, 11, 15, 8, 4, 25, 9, 20, 14, 21, 24, 5, 7, 13, 23, 6, 1, 2, 22, 17, 0, 16, 10
Pocket:
21, 25, 6, 1, 13, 2, 8, 7, 0, 9, 20, 4, 3, 23, 19, 24, 14, 11, 5, 12, 17, 16, 15, 10, 18, 22
12, 14, 15, 16, 22, 4, 17, 7, 23, 0, 5, 19, 24, 1, 2, 3, 21, 9, 11, 13, 6, 18, 20, 10, 8, 25
4, 6, 25, 21, 17, 22, 10, 23, 12, 7, 14, 20, 9, 8, 5, 16, 3, 1, 0, 2, 24, 18, 13, 15, 19, 11
7, 12, 10, 13, 25, 17, 11, 20, 16, 21, 2, 5, 18, 4, 22, 15, 6, 24, 14, 1, 0, 23, 3, 19, 9, 8
18, 4, 16, 7, 13, 19, 21, 25, 6, 5, 15, 12, 9, 1, 10, 23, 0, 2, 11, 3, 17, 20, 14, 8, 22, 24
12, 0, 8, 10, 3, 1, 16, 7, 15, 6, 25, 19, 5, 11, 17, 13, 4, 9, 22, 18, 24, 21, 14, 20, 2, 23
24, 12, 3, 19, 2, 20, 17, 21, 5, 14, 18, 22, 1, 23, 4, 7, 10, 0, 8, 25, 16, 9, 15, 11, 6, 13
1, 8, 21, 13, 7, 12, 11, 17, 24, 15, 9, 2, 3, 20, 4, 22, 23, 25, 0, 18, 10, 14, 5, 6, 19, 16
8, 2, 23, 0, 22, 3, 25, 18, 13, 24, 4, 14, 21, 7, 16, 11, 12, 10, 5, 1, 17, 15, 6, 19, 9, 20
19, 16, 24, 2, 23, 5, 25, 9, 22, 10, 21, 12, 17, 13, 6, 4, 18, 3, 1, 11, 7, 14, 0, 15, 20, 8
Pocket:
5, 1, 11, 25, 23, 13, 9, 3, 22, 20, 24, 19, 18, 0, 8, 16, 7, 14, 17, 15, 6, 2, 10, 4, 21, 12
22, 9, 20, 7, 14, 0, 15, 12, 3, 5, 24, 13, 11, 6, 8, 23, 2, 16, 4, 10, 17, 25, 18, 1, 21, 19
2, 25, 13, 22, 7, 8, 11, 21, 15, 18, 4, 14, 10, 3, 23, 16, 17, 20, 0, 9, 24, 19, 1, 5, 6, 12
2, 11, 18, 19, 4, 9, 12, 7, 23, 5, 6, 14, 20, 0, 15, 25, 3, 13, 22, 10, 16, 1, 17, 8, 24, 21
21, 4, 8, 25, 19, 10, 13, 24, 5, 20, 9, 12, 16, 11, 7, 6, 22, 15, 18, 3, 14, 17, 23, 1, 0, 2
16, 20, 4, 10, 23, 24, 21, 3, 15, 6, 14, 9, 19, 8, 5, 13, 22, 2, 7, 18, 0, 11, 1, 12, 17, 25
17, 20, 21, 6, 5, 8, 7, 19, 4, 1, 14, 15, 2, 11, 13, 16, 24, 12, 0, 23, 10, 25, 3, 18, 22, 9
20, 11, 13, 0, 21, 9, 15, 6, 8, 10, 22, 2, 12, 14, 17, 7, 24, 5, 1, 16, 23, 19, 25, 18, 4, 3
1, 2, 9, 23, 13, 7, 11, 3, 14, 6, 24, 4, 10, 8, 20, 19, 0, 22, 21, 15, 5, 17, 25, 16, 12, 18
6, 22, 13, 25, 10, 20, 11, 14, 19, 17, 4, 5, 21, 2, 3, 24, 23, 18, 0, 9, 16, 15, 7, 12, 1, 8
Pocket:
1, 15, 5, 17, 2, 12, 21, 24, 22, 8, 16, 3, 19, 0, 13, 20, 10, 25, 18, 11, 7, 23, 14, 4, 6, 9
21, 25, 2, 0, 12, 18, 7, 23, 16, 11, 4, 14, 8, 5, 22, 19, 15, 1, 13, 9, 3, 10, 20, 24, 6, 17
15, 10, 11, 9, 16, 13, 7, 14, 25, 22, 18, 3, 0, 12, 4, 2, 8, 24, 1, 19, 23, 20, 6, 17, 21, 5
10, 16, 21, 18, 9, 8, 25, 7, 20, 5, 23, 14, 24, 13, 0, 22, 12, 1, 3, 2, 17, 15, 4, 19, 6, 11
21, 5, 10, 3, 4, 25, 17, 23, 24, 15, 11, 1, 0, 16, 6, 22, 9, 13, 18, 12, 7, 19, 8, 2, 14, 20
24, 15, 5, 16, 9, 20, 14, 10, 22, 18, 2, 11, 21, 23, 0, 13, 7, 6, 17, 8, 25, 1, 19, 12, 3, 4
20, 21, 19, 17, 8, 14, 4, 13, 23, 0, 9, 22, 3, 2, 6, 18, 10, 16, 7, 25, 24, 5, 12, 11, 1, 15
3, 14, 20, 13, 23, 24, 10, 11, 5, 7, 0, 22, 6, 25, 2, 19, 21, 1, 12, 18, 4, 16, 17, 15, 8, 9
6, 11, 12, 24, 18, 7, 16, 20, 25, 10, 1, 15, 2, 3, 22, 4, 23, 5, 0, 13, 17, 19, 21, 8, 9, 14
13, 24, 19, 25, 11, 1, 16, 20, 22, 21, 5, 23, 8, 10, 2, 14, 15, 6, 0, 3, 12, 18, 9, 17, 4, 7
Pocket:
9, 18, 7, 1, 17, 19, 20, 14, 11, 15, 10, 24, 21, 16, 22, 13, 23, 2, 8, 25, 0, 4, 6, 12, 3, 5
5, 2, 1, 14, 20, 13, 15, 24, 3, 17, 22, 12, 16, 10, 9, 6, 11, 7, 21, 25, 8, 23, 4, 0, 18, 19
8, 21, 5, 14, 23, 18, 19, 24, 3, 2, 10, 11, 9, 22, 7, 25, 0, 16, 17, 1, 4, 15, 13, 12, 20, 6
3, 16, 5, 11, 6, 13, 0, 18, 23, 9, 1, 14, 7, 12, 15, 19, 22, 20, 10, 4, 2, 17, 24, 21, 25, 8
22, 9, 13, 14, 23, 7, 4, 17, 8, 16, 11, 3, 24, 12, 10, 5, 6, 15, 25, 20, 18, 19, 0, 21, 1, 2
1, 0, 11, 13, 14, 21, 25, 22, 7, 3, 20, 9, 17, 19, 2, 18, 8, 15, 23, 12, 4, 16, 24, 5, 6, 10
19, 2, 23, 25, 3, 0, 1, 10, 13, 9, 4, 15, 22, 7, 8, 21, 14, 18, 11, 6, 16, 5, 24, 17, 12, 20
10, 8, 3, 12, 14, 23, 15, 11, 0, 18, 4, 9, 1, 25, 16, 21, 22, 20, 6, 24, 13, 7, 19, 2, 17, 5
18, 7, 0, 25, 13, 8, 12, 3, 10, 19, 14, 11, 20, 21, 1, 17, 6, 5, 15, 22, 16, 24, 9, 23, 4, 2
17, 19, 11, 7, 13, 15, 3, 18, 12, 8, 1, 10, 24, 22, 5, 2, 4, 0, 25, 21, 9, 6, 20, 14, 23, 16
Pocket:
2, 17, 16, 9, 18, 20, 22, 1, 24, 23, 15, 5, 12, 3, 4, 7, 25, 13, 14, 11, 21, 0, 8, 6, 10, 19
17, 24, 13, 6, 4, 9, 1, 16, 12, 14, 20, 23, 3, 11, 21, 15, 18, 10, 8, 22, 2, 25, 0, 7, 19, 5
20, 13, 1, 15, 10, 8, 4, 9, 18, 11, 2, 24, 17, 19, 5, 22, 21, 14, 16, 6, 25, 7, 0, 12, 3, 23
1, 6, 14, 16, 21, 18, 4, 10, 0, 23, 2, 19, 8, 9, 25, 5, 15, 12, 17, 3, 22, 7, 11, 20, 24, 13
10, 1, 3, 14, 16, 8, 23, 13, 24, 20, 5, 15, 7, 11, 25, 12, 22, 6, 18, 4, 0, 9, 19, 21, 2, 17
13, 25, 9, 20, 23, 8, 15, 3, 4, 18, 1, 11, 6, 16, 12, 5, 10, 14, 17, 22, 2, 0, 7, 21, 19, 24
16, 21, 22, 8, 17, 20, 24, 11, 2, 5, 19, 3, 15, 4, 14, 23, 9, 6, 12, 0, 10, 1, 13, 18, 7, 25
18, 9, 23, 3, 10, 25, 13, 8, 15, 12, 19, 0, 4, 1, 7, 22, 5, 21, 6, 20, 17, 14, 24, 2, 16, 11
20, 0, 21, 6, 4, 15, 10, 13, 5, 19, 2, 18, 22, 7, 3, 24, 12, 1, 23, 16, 14, 17, 8, 11, 25, 9
11, 22, 13, 25, 21, 15, 5, 17, 1, 4, 0, 10, 18, 19, 14, 12, 8, 9, 24, 3, 16, 6, 23, 7, 2, 20
Pocket:
8, 15, 5, 11, 0, 18, 17, 13, 3, 7, 4, 19, 24, 1, 25, 22, 10, 9, 23, 16, 20, 12, 6, 2, 21, 14
25, 4, 6, 3, 8, 19, 7, 24, 11, 18, 15, 0, 20, 22, 16, 2, 13, 5, 9, 10, 12, 21, 17, 23, 14, 1
12, 5, 15, 21, 14, 7, 6, 4, 24, 17, 23, 3, 11, 1, 16, 13, 22, 2, 0, 9, 18, 8, 25, 10, 20, 19
24, 7, 19, 3, 18, 11, 13, 12, 6, 16, 20, 5, 14, 8, 22, 1, 15, 17, 2, 23, 10, 25, 9, 21, 4, 0
18, 10, 19, 15, 7, 14, 20, 2, 5, 3, 9, 17, 22, 25, 12, 23, 1, 4, 0, 24, 11, 16, 8, 6, 13, 21
3, 8, 6, 1, 0, 21, 7, 5, 25, 16, 19, 9, 14, 23, 24, 12, 20, 4, 11, 17, 15, 2, 18, 22, 10, 13
8, 18, 0, 20, 19, 3, 14, 10, 1, 11, 24, 17, 5, 16, 23, 15, 9, 25, 22, 2, 6, 7, 12, 4, 13, 21
5, 8, 9, 18, 11, 2, 23, 20, 14, 17, 6, 3, 25, 12, 21, 4, 24, 7, 1, 10, 0, 15, 22, 19, 16, 13
22, 19, 2, 9, 17, 23, 0, 10, 8, 20, 4, 11, 16, 18, 5, 7, 6, 12, 13, 21, 25, 3, 1, 24, 15, 14
12, 5, 11, 15, 8, 6, 7, 14, 1, 20, 4, 13, 17, 19, 25, 2, 9, 24, 22, 3, 0, 18, 10, 21, 23, 16
Pocket:
7, 25, 1, 24, 11, 17, 2, 9, 8, 16, 19, 0, 6, 10, 22, 4, 18, 13, 20, 12, 15, 21, 14, 23, 3, 5
13, 16, 17, 4, 2, 12, 15, 0, 24, 25, 11, 9, 22, 1, 20, 3, 7, 18, 8, 5, 23, 6, 10, 21, 19, 14
23, 9, 16, 8, 3, 11, 24, 12, 13, 14, 2, 6, 21, 18, 7, 20, 22, 1, 5, 10, 4, 17, 19, 25, 0, 15
0, 14, 19, 15, 13, 7, 21, 5, 4, 23, 1, 9, 2, 8, 18, 11, 17, 25, 10, 16, 22, 24, 3, 6, 20, 12
23, 18, 20, 12, 24, 7, 22, 25, 0, 9, 11, 4, 16, 1, 19, 5, 21, 8, 10, 2, 13, 3, 6, 15, 14, 17
3, 19, 12, 7, 20, 4, 5, 10, 8, 13, 18, 9, 14, 6, 0, 11, 21, 22, 15, 24, 1, 23, 25, 17, 16, 2
9, 16, 14, 24, 17, 4, 15, 12, 2, 23, 25, 11, 6, 13, 19, 22, 8, 21, 5, 10, 3, 0, 7, 1, 18, 20
3, 8, 23, 17, 24, 21, 5, 2, 11, 6, 10, 16, 7, 18, 12, 14, 0, 13, 22, 20, 19, 15, 1, 4, 9, 25
17, 1, 3, 13, 9, 6, 7, 8, 11, 16, 12, 15, 19, 10, 0, 24, 5, 2, 25, 14, 20, 18, 22, 21, 4, 23
14, 1, 9, 18, 24, 0, 17, 6, 2, 13, 10, 4, 23, 20, 15, 11, 25, 21, 3, 7, 5, 12, 19, 22, 8, 16
Pocket:
23, 12, 17, 19, 0, 10, 22, 7, 24, 20, 14, 18, 16, 11, 4, 2, 25, 15, 8, 9, 5, 1, 6, 3, 21, 13
0, 17, 3, 5, 25, 9, 2, 1, 23, 12, 18, 8, 15, 24, 21, 19, 13, 14, 6, 20, 7, 16, 10, 22, 4, 11
11, 9, 19, 4, 17, 12, 10, 21, 7, 14, 24, 16, 15, 20, 1, 22, 0, 5, 23, 18, 8, 6, 25, 2, 3, 13
24, 20, 0, 18, 6, 2, 15, 3, 1, 10, 23, 21, 11, 22, 12, 19, 5, 13, 16, 17, 8, 9, 4, 14, 7, 25
16, 0, 10, 11, 14, 12, 13, 6, 25, 7, 2, 23, 24, 1, 8, 17, 20, 9, 3, 5, 22, 15, 4, 21, 19, 18
23, 8, 1, 17, 2, 4, 7, 0, 11, 9, 3, 10, 15, 14, 12, 6, 19, 18, 21, 25, 20, 24, 22, 13, 5, 16
5, 9, 24, 13, 25, 7, 2, 6, 16, 15, 17, 20, 22, 1, 10, 14, 19, 3, 11, 18, 0, 8, 4, 12, 21, 23
11, 7, 1, 22, 13, 19, 9, 3, 18, 20, 0, 2, 14, 16, 8, 15, 4, 5, 23, 17, 25, 6, 12, 24, 21, 10
14, 19, 20, 1, 11, 2, 12, 4, 7, 10, 0, 15, 25, 3, 13, 24, 6, 18, 16, 5, 8, 23, 17, 9, 21, 22
12, 22, 23, 20, 2, 18, 24, 10, 21, 8, 13, 4, 25, 3, 1, 14, 11, 0, 7, 16, 5, 6, 17, 9, 19, 15
Pocket:
15, 14, 21, 16, 18, 17, 12, 9, 20, 2, 7, 25, 6, 8, 13, 23, 1, 11, 19, 0, 10, 4, 22, 3, 5, 24
2, 15, 10, 14, 4, 20, 16, 24, 7, 8, 19, 21, 5, 17, 0, 1, 9, 3, 12, 13, 22, 25, 11, 18, 6, 23
4, 12, 5, 11, 13, 10, 19, 24, 18, 20, 2, 15, 0, 8, 22, 1, 16, 3, 17, 25, 14, 9, 23, 21, 7, 6
1, 12, 7, 15, 16, 18, 0, 19, 4, 10, 24, 21, 23, 2, 11, 5, 9, 6, 8, 14, 13, 25, 3, 20, 22, 17
21, 19, 24, 4, 13, 18, 0, 9, 7, 15, 16, 11, 12, 1, 3, 14, 17, 8, 2, 22, 23, 10, 20, 5, 25, 6
23, 13, 20, 14, 12, 5, 11, 1, 2, 7, 19, 21, 8, 6, 0, 16, 3, 25, 22, 18, 15, 4, 24, 9, 17, 10
12, 15, 19, 7, 1, 0, 10, 8, 14, 3, 21, 23, 13, 18, 6, 16, 11, 2, 5, 17, 25, 4, 22, 24, 9, 20
6, 20, 9, 12, 5, 4, 18, 7, 23, 14, 24, 2, 22, 11, 19, 17, 21, 8, 3, 16, 1, 25, 0, 10, 13, 15
0, 11, 23, 15, 18, 21, 12, 17, 25, 14, 8, 16, 3, 1, 6, 5, 2, 24, 13, 20, 4, 10, 9, 19, 22, 7
11, 17, 15, 24, 5, 4, 16, 6, 0, 2, 13, 14, 25, 20, 10, 19, 23, 12, 8, 1, 21, 7, 3, 9, 18, 22
Pocket:
14, 13, 2, 4, 0, 7, 9, 15, 8, 12, 11, 22, 1, 16, 17, 10, 5, 19, 23, 18, 3, 6, 25, 24, 21, 20
19, 8, 18, 0, 15, 16, 17, 24, 4, 22, 6, 10, 23, 13, 12, 20, 25, 5, 2, 14, 3, 1, 7, 9, 11, 21
1, 24, 10, 21, 3, 4, 16, 18, 19, 6, 15, 9, 23, 11, 12, 25, 8, 5, 20, 7, 14, 13, 17, 0, 2, 22
23, 20, 13, 9, 16, 22, 7, 10, 19, 5, 17, 25, 0, 15, 24, 11, 8, 21, 3, 18, 1, 2, 4, 12, 6, 14
11, 8, 6, 22, 7, 0, 15, 25, 24, 10, 17, 1, 21, 3, 12, 23, 20, 4, 5, 18, 13, 9, 14, 19, 16, 2
21, 17, 11, 4, 0, 20, 22, 9, 2, 8, 24, 10, 19, 12, 6, 3, 7, 18, 15, 23, 5, 13, 16, 1, 25, 14
3, 11, 24, 6, 9, 25, 5, 0, 18, 19, 1, 22, 23, 17, 14, 12, 10, 13, 15, 20, 8, 7, 16, 4, 21, 2
2, 22, 6, 11, 12, 20, 5, 14, 8, 25, 3, 1, 23, 9, 15, 18, 19, 0, 4, 21, 24, 16, 17, 7, 13, 10
23, 4, 14, 12, 7, 25, 24, 21, 9, 15, 2, 3, 22, 8, 20, 18, 17, 0, 10, 5, 6, 1, 11, 16, 19, 13
4, 22, 21, 17, 12, 6, 25, 14, 7, 16, 20, 19, 5, 23, 9, 2, 11, 10, 24, 3, 18, 13, 8, 15, 1, 0
Pocket:
3, 4, 10, 17, 9, 7, 15, 8, 5, 6, 13, 16, 2, 18, 12, 11, 19, 21, 23, 14, 1, 20, 22, 25, 0, 24
20, 19, 18, 12, 4, 16, 5, 14, 21, 25, 2, 9, 23, 8, 0, 15, 17, 7, 10, 24, 1, 6, 22, 13, 3, 11
18, 20, 16, 11, 17, 5, 25, 21, 12, 0, 2, 19, 9, 8, 24, 23, 14, 22, 6, 1, 7, 4, 3, 13, 15, 10
0, 15, 2, 22, 24, 11, 23, 7, 18, 20, 19, 1, 16, 12, 17, 6, 13, 25, 9, 5, 4, 8, 14, 21, 10, 3
10, 19, 5, 24, 8, 12, 0, 9, 18, 14, 20, 4, 2, 7, 16, 3, 21, 13, 15, 23, 17, 25, 6, 1, 22, 11
18, 1, 3, 23, 25, 4, 5, 11, 7, 14, 0, 6, 20, 13, 17, 21, 24, 19, 16, 10, 8, 2, 9, 12, 22, 15
24, 13, 10, 12, 1, 5, 15, 16, 14, 22, 2, 6, 7, 21, 3, 23, 8, 20, 19, 4, 25, 17, 9, 18, 0, 11
16, 8, 25, 2, 7, 3, 10, 22, 19, 23, 9, 12, 5, 1, 4, 15, 17, 21, 6, 0, 11, 18, 13, 20, 14, 24
17, 2, 0, 4, 7, 15, 1, 11, 12, 25, 3, 9, 24, 13, 16, 5, 19, 22, 18, 14, 8, 6, 23, 21, 10, 20
20, 19, 9, 10, 7, 16, 2, 18, 6, 8, 17, 23, 11, 3, 24, 25, 13, 0, 14, 4, 1, 15, 22, 5, 21, 12