Pocket:
16, 23, 14, 12, 5, 3, 11, 2, 22, 21, 10, 6, 7, 9, 17, 19, 15, 18, 25, 24, 8, 13, 20, 0, 1, 4
25, 16, 24, 7, 0, 23, 13, 18, 19, 14, 4, 17, 12, 22, 10, 2, 8, 21, 1, 11, 6, 9, 15, 20, 3, 5
11, 14, 18, 19, 24, 20, 23, 16, 12, 13, 8, 6, 7, 3, 15, 1, 4, 5, 25, 9, 10, 22, 0, 17, 2, 21
20, 18, 5, 1, 22, 9, 6, 7, 13, 25, 15, 12, 21, 11, 17, 19, 23, 10, 4, 8, 3, 0, 24, 2, 16, 14
17, 22, 13, 20, 11, 19, 7, 1, 23, 6, 12, 0, 5, 3, 18, 2, 4, 15, 21, 9, 10, 8, 24, 16, 14, 25
2, 25, 13, 19, 0, 15, 4, 18, 11, 23, 10, 3, 9, 20, 7, 5, 17, 12, 8, 6, 22, 16, 1, 21, 14, 24
7, 10, 11, 0, 15, 16, 9, 6, 2, 24, 21, 14, 12, 17, 4, 1, 13, 5, 23, 8, 22, 3, 19, 25, 18, 20
7, 16, 17, 20, 24, 1, 15, 6, 18, 25, 9, 4, 23, 12, 21, 3, 14, 10, 11, 5, 13, 2, 8, 22, 19, 0
8, 20, 5, 25, 11, 17, 6, 4, 22, 0, 1, 19, 18, 10, 23, 15, 14, 12, 16, 7, 21, 9, 24, 2, 3, 13
7, 25, 10, 24, 23, 5, 20, 18, 4, 16, 11, 3, 6, 1, 12, 0, 14, 9, 2, 21, 8, 19, 22, 17, 15, 13
Pocket:
14, 9, 7, 8, 21, 6, 16, 25, 2, 18, 17, 13, 11, 24, 3, 0, 23, 19, 4, 1, 22, 15, 5, 20, 10, 12
21, 15, 9, 4, 16, 17, 22, 8, 3, 2, 13, 23, 14, 10, 19, 1, 6, 12, 25, 24, 7, 11, 18, 20, 5, 0
2, 9, 0, 21, 17, 11, 15, 16, 19, 8, 24, 6, 25, 20, 4, 10, 13, 14, 18, 12, 5, 23, 1, 3, 22, 7
21, 6, 14, 12, 8, 18, 5, 23, 0, 11, 16, 3, 19, 15, 22, 17, 10, 24, 1, 25, 13, 4, 7, 2, 9, 20
23, 11, 1, 18, 17, 20, 4, 9, 13, 0, 2, 6, 24, 10, 5, 14, 16, 19, 22, 7, 8, 15, 25, 12, 3, 21
16, 18, 7, 25, 13, 10, 1, 23, 2, 14, 8, 17, 11, 3, 5, 19, 20, 22, 24, 6, 12, 15, 21, 9, 4, 0
5, 21, 22, 24, 9, 10, 19, 7, 25, 4, 2, 16, 6, 23, 11, 0, 15, 3, 8, 1, 18, 17, 13, 20, 12, 14
23, 2, 6, 19, 7, 4, 10, 11, 24, 8, 9, 18, 22, 1, 5, 15, 13, 25, 16, 3, 12, 14, 17, 0, 21, 20
25, 20, 17, 6, 7, 19, 2, 22, 23, 5, 3, 21, 0, 12, 18, 24, 4, 10, 8, 1, 14, 16, 13, 15, 11, 9
0, 4, 6, 8, 3, 21, 15, 23, 9, 24, 25, 19, 10, 18, 11, 7, 1, 12, 22, 20, 16, 2, 14, 17, 13, 5
Pocket:
10, 1, 20, 7, 24, 12, 11, 19, 4, 9, 23, 3, 13, 22, 18, 0, 17, 15, 8, 25, 2, 21, 5, 14, 16, 6
13, 3, 19, 20, 9, 1, 18, 7, 5, 24, 22, 15, 4, 17, 23, 0, 2, 6, 10, 8, 12, 11, 16, 14, 25, 21
9, 16, 10, 0, 6, 12, 11, 22, 13, 2, 7, 5, 21, 1, 25, 20, 4, 8, 17, 15, 14, 19, 18, 24, 23, 3
2, 20, 8, 21, 10, 11, 18, 23, 14, 1, 15, 25, 6, 24, 3, 17, 12, 7, 0, 19, 5, 22, 13, 16, 4, 9
0, 24, 21, 3, 7, 14, 6, 4, 8, 1, 18, 5, 23, 10, 16, 12, 17, 20, 25, 19, 9, 15, 22, 2, 13, 11
24, 16, 10, 18, 17, 20, 8, 0, 12, 5, 1, 25, 6, 15, 7, 21, 22, 11, 19, 4, 13, 2, 3, 14, 9, 23
1, 22, 2, 5, 14, 0, 3, 21, 18, 12, 16, 17, 6, 23, 19, 25, 4, 11, 24, 10, 13, 8, 7, 20, 9, 15
20, 2, 14, 11, 13, 5, 22, 19, 7, 12, 10, 0, 8, 1, 15, 4, 9, 3, 17, 6, 21, 25, 18, 24, 16, 23
2, 12, 9, 22, 8, 5, 13, 25, 4, 11, 20, 6, 16, 19, 3, 17, 18, 24, 7, 15, 0, 14, 21, 23, 10, 1
3, 14, 1, 21, 16, 11, 20, 18, 12, 7, 9, 22, 17, 6, 0, 13, 15, 25, 10, 23, 4, 8, 2, 5, 24, 19
Pocket:
22, 17, 6, 15, 1, 0, 13, 4, 9, 21, 18, 11, 8, 16, 24, 14, 12, 23, 3, 20, 7, 25, 19, 10, 5, 2
24, 11, 25, 19, 14, 10, 13, 17, 12, 21, 3, 6, 20, 7, 8, 16, 18, 15, 22, 23, 5, 2, 4, 1, 9, 0
21, 14, 15, 13, 19, 3, 17, 4, 9, 5, 7, 16, 6, 22, 11, 23, 0, 8, 10, 20, 12, 24, 2, 1, 25, 18
11, 2, 8, 22, 23, 5, 6, 3, 21, 20, 10, 1, 15, 17, 14, 0, 18, 24, 12, 4, 7, 16, 9, 19, 13, 25
0, 3, 17, 21, 22, 12, 15, 10, 18, 13, 5, 11, 23, 1, 9, 16, 8, 2, 6, 19, 7, 14, 24, 20, 25, 4
25, 13, 10, 7, 3, 19, 24, 4, 1, 15, 5, 23, 2, 14, 17, 22, 16, 0, 11, 18, 20, 8, 9, 12, 21, 6
4, 18, 17, 19, 16, 25, 14, 11, 20, 1, 5, 7, 9, 12, 8, 24, 23, 22, 10, 21, 3, 2, 13, 15, 6, 0
3, 11, 2, 23, 7, 13, 14, 18, 0, 10, 21, 5, 16, 25, 20, 17, 19, 4, 12, 1, 6, 24, 9, 22, 15, 8
19, 3, 9, 2, 23, 25, 13, 11, 7, 17, 0, 15, 12, 4, 8, 21, 22, 20, 1, 24, 16, 14, 10, 18, 6, 5
9, 16, 14, 24, 19, 6, 5, 0, 25, 21, 1, 8, 12, 7, 18, 10, 17, 20, 3, 13, 4, 23, 11, 15, 2, 22
Pocket:
10, 8, 23, 21, 2, 14, 0, 19, 3, 25, 24, 11, 6, 18, 17, 13, 22, 7, 1, 4, 9, 16, 20, 12, 5, 15
25, 9, 14, 13, 12, 0, 18, 11, 22, 16, 19, 17, 10, 15, 1, 21, 8, 24, 4, 5, 20, 23, 3, 6, 7, 2
4, 15, 18, 8, 1, 2, 10, 22, 0, 23, 25, 11, 16, 9, 17, 24, 3, 12, 14, 5, 20, 6, 7, 13, 21, 19
20, 22, 21, 9, 14, 23, 15, 12, 13, 2, 4, 17, 5, 8, 24, 1, 16, 10, 19, 7, 25, 0, 6, 11, 3, 18
23, 2, 24, 4, 19, 1, 6, 11, 5, 13, 22, 16, 0, 17, 20, 18, 9, 25, 12, 3, 21, 15, 7, 8, 14, 10
16, 13, 20, 7, 17, 5, 2, 18, 0, 14, 22, 21, 6, 3, 1, 11, 8, 10, 15, 25, 19, 23, 9, 12, 24, 4
3, 13, 16, 25, 6, 0, 4, 8, 19, 24, 10, 11, 9, 18, 20, 5, 2, 23, 1, 7, 17, 14, 22, 15, 21, 12
1, 5, 12, 19, 18, 10, 2, 8, 20, 4, 21, 13, 9, 24, 11, 17, 0, 22, 6, 3, 7, 23, 16, 15, 25, 14
6, 4, 7, 14, 10, 12, 19, 23, 0, 18, 11, 25, 3, 8, 17, 24, 13, 22, 1, 15, 16, 21, 2, 20, 9, 5
15, 9, 4, 5, 19, 12, 14, 13, 6, 7, 11, 18, 22, 0, 1, 10, 2, 25, 24, 8, 17, 16, 21, 23, 20, 3
Pocket:
1, 10, 2, 13, 21, 8, 22, 25, 3, 5, 4, 6, 0, 20, 12, 7, 18, 16, 9, 17, 15, 19, 24, 11, 14, 23
12, 20, 2, 1, 16, 0, 10, 7, 24, 11, 21, 6, 3, 23, 8, 19, 18, 14, 15, 4, 9, 22, 17, 25, 5, 13
6, 10, 15, 22, 1, 25, 0, 21, 14, 24, 17, 12, 8, 16, 23, 4, 2, 7, 13, 19, 5, 9, 11, 18, 20, 3
8, 21, 20, 0, 22, 10, 7, 1, 4, 18, 13, 6, 15, 24, 23, 3, 25, 9, 17, 5, 12, 19, 11, 16, 2, 14
24, 10, 5, 7, 11, 8, 0, 16, 4, 13, 6, 14, 3, 22, 17, 19, 25, 20, 9, 18, 23, 1, 15, 12, 2, 21
1, 10, 12, 21, 13, 14, 7, 19, 22, 5, 8, 24, 0, 3, 9, 23, 2, 6, 4, 15, 16, 25, 11, 18, 17, 20
10, 16, 18, 21, 2, 6, 14, 0, 12, 7, 25, 13, 1, 23, 4, 8, 3, 9, 5, 17, 22, 19, 15, 11, 24, 20
8, 5, 0, 14, 22, 13, 1, 16, 15, 2, 9, 10, 12, 20, 18, 19, 6, 21, 17, 23, 25, 24, 7, 4, 3, 11
6, 23, 16, 14, 1, 13, 22, 5, 20, 10, 12, 0, 4, 21, 11, 25, 9, 15, 3, 18, 17, 8, 19, 2, 7, 24
9, 8, 18, 4, 11, 16, 13, 12, 23, 21, 14, 6, 17, 0, 2, 7, 22, 1, 15, 24, 19, 3, 25, 5, 20, 10
Pocket:
22, 23, 21, 12, 9, 19, 13, 25, 24, 5, 8, 4, 20, 17, 15, 6, 3, 16, 11, 10, 18, 2, 14, 0, 1, 7
3, 8, 7, 22, 19, 13, 18, 10, 15, 1, 11, 25, 23, 16, 4, 20, 14, 17, 5, 9, 0, 6, 24, 2, 21, 12
5, 13, 1, 2, 11, 17, 7, 8, 0, 14, 22, 23, 19, 10, 6, 21, 15, 25, 4, 24, 18, 16, 3, 12, 20, 9
8, 7, 0, 2, 10, 14, 21, 18, 5, 13, 22, 17, 1, 19, 11, 9, 20, 16, 23, 6, 3, 25, 24, 15, 12, 4
3, 0, 9, 8, 7, 13, 25, 22, 18, 12, 11, 19, 24, 16, 6, 23, 21, 14, 1, 5, 4, 17, 10, 15, 2, 20
24, 25, 5, 4, 9, 7, 16, 21, 10, 3, 23, 18, 19, 20, 0, 14, 1, 6, 2, 12, 22, 17, 15, 8, 13, 11
15, 17, 10, 3, 13, 21, 16, 4, 6, 23, 12, 5, 11, 14, 1, 7, 18, 2, 19, 20, 8, 9, 24, 0, 25, 22
13, 20, 24, 3, 14, 7, 25, 2, 21, 9, 5, 17, 10, 18, 11, 23, 4, 12, 1, 16, 22, 8, 15, 0, 19, 6
13, 2, 19, 5, 6, 0, 16, 12, 10, 24, 8, 3, 4, 15, 23, 11, 22, 7, 9, 21, 1, 25, 14, 18, 17, 20
12, 13, 25, 22, 20, 3, 9, 8, 21, 23, 6, 7, 4, 10, 17, 1, 24, 14, 2, 15, 5, 18, 16, 19, 0, 11
Pocket:
24, 9, 2, 18, 11, 6, 22, 12, 4, 19, 8, 0, 1, 21, 3, 14, 13, 17, 23, 15, 16, 20, 7, 5, 25, 10
8, 4, 11, 5, 3, 23, 6, 20, 10, 12, 17, 7, 25, 16, 1, 14, 0, 24, 2, 22, 19, 21, 9, 15, 18, 13
20, 25, 9, 11, 6, 13, 15, 23, 14, 22, 5, 24, 7, 21, 16, 1, 3, 18, 0, 8, 12, 10, 4, 17, 2, 19
13, 10, 24, 14, 19, 9, 4, 5, 1, 8, 21, 23, 2, 16, 20, 18, 12, 25, 11, 15, 0, 17, 3, 6, 22, 7
18, 11, 8, 3, 1, 5, 13, 17, 0, 12, 15, 7, 14, 22, 2, 9, 21, 6, 16, 25, 24, 10, 23, 19, 4, 20
5, 24, 16, 21, 22, 13, 10, 14, 12, 20, 23, 7, 8, 1, 6, 25, 19, 17, 18, 2, 3, 15, 9, 4, 0, 11
23, 16, 12, 7, 21, 19, 1, 6, 4, 11, 22, 17, 5, 3, 15, 25, 8, 14, 13, 2, 18, 24, 10, 9, 20, 0
7, 22, 17, 25, 15, 6, 19, 16, 14, 5, 0, 18, 12, 4, 23, 20, 21, 2, 3, 11, 1, 10, 24, 8, 13, 9
14, 9, 18, 6, 25, 5, 24, 20, 11, 12, 22, 23, 15, 13, 0, 2, 19, 7, 1, 4, 21, 16, 3, 10, 17, 8
19, 16, 20, 7, 3, 5, 21, 23, 14, 24, 10, 12, 9, 8, 4, 17, 2, 6, 0, 25, 11, 22, 1, 18, 13, 15
Pocket:
12, 2, 1, 17, 7, 19, 4, 14, 24, 8, 9, 23, 22, 16, 15, 11, 25, 10, 21, 13, 6, 3, 18, 20, 0, 5
13, 19, 23, 15, 7, 11, 9, 2, 4, 25, 24, 17, 6, 22, 20, 21, 18, 16, 5, 1, 12, 0, 3, 8, 10, 14
4, 18, 15, 19, 0, 5, 9, 12, 16, 7, 14, 20, 21, 10, 23, 6, 25, 22, 24, 13, 3, 2, 1, 8, 17, 11
7, 11, 15, 10, 3, 16, 19, 14, 20, 23, 18, 5, 4, 2, 21, 24, 9, 25, 22, 17, 6, 12, 0, 1, 8, 13
8, 7, 21, 9, 12, 4, 1, 10, 18, 5, 19, 6, 17, 11, 22, 20, 24, 16, 14, 3, 0, 23, 13, 15, 2, 25
9, 2, 3, 4, 22, 0, 14, 6, 25, 24, 11, 19, 20, 10, 23, 21, 13, 16, 18, 8, 15, 5, 1, 12, 17, 7
19, 10, 18, 24, 1, 12, 20, 6, 11, 3, 13, 15, 9, 2, 5, 8, 22, 16, 7, 23, 0, 17, 21, 4, 25, 14
15, 17, 11, 6, 12, 0, 7, 14, 21, 2, 24, 19, 10, 25, 4, 22, 23, 1, 16, 5, 9, 20, 18, 8, 3, 13
6, 12, 17, 18, 21, 24, 10, 0, 8, 13, 7, 2, 22, 15, 1, 14, 23, 3, 4, 16, 9, 25, 19, 5, 20, 11
7, 18, 6, 23, 10, 14, 2, 9, 13, 15, 22, 11, 16, 4, 8, 17, 3, 0, 5, 1, 19, 21, 12, 25, 20, 24
Pocket:
1, 20, 5, 10, 7, 13, 3, 12, 17, 24, 2, 11, 23, 8, 6, 14, 9, 22, 21, 0, 25, 15, 19, 16, 18, 4
9, 8, 18, 25, 5, 11, 14, 16, 4, 19, 15, 12, 10, 2, 0, 13, 23, 6, 22, 24, 1, 20, 7, 21, 17, 3
1, 23, 11, 9, 3, 2, 25, 5, 24, 22, 12, 17, 7, 18, 21, 8, 13, 19, 10, 20, 16, 14, 15, 4, 0, 6
12, 4, 18, 1, 20, 3, 13, 8, 5, 10, 23, 25, 2, 24, 7, 9, 15, 14, 0, 11, 21, 22, 6, 17, 16, 19
24, 10, 6, 5, 3, 17, 20, 12, 13, 7, 22, 15, 11, 21, 1, 23, 16, 19, 14, 18, 2, 25, 0, 4, 9, 8
10, 24, 9, 20, 16, 25, 13, 8, 23, 11, 19, 5, 0, 7, 21, 18, 2, 6, 22, 15, 12, 17, 3, 14, 4, 1
7, 17, 4, 24, 1, 23, 12, 21, 19, 15, 18, 25, 22, 3, 8, 9, 5, 16, 10, 0, 6, 20, 11, 2, 14, 13
24, 14, 4, 25, 9, 8, 19, 22, 10, 3, 16, 0, 6, 1, 15, 12, 2, 13, 7, 17, 5, 11, 23, 20, 21, 18
24, 9, 16, 13, 18, 2, 4, 7, 19, 20, 12, 6, 23, 25, 21, 22, 1, 17, 5, 0, 11, 15, 10, 8, 3, 14
9, 17, 16, 12, 5, 7, 8, 1, 10, 13, 18, 24, 4, 23, 15, 25, 14, 6, 2, 21, 3, 0, 20, 22, 19, 11
Pocket:
25, 18, 8, 13, 19, 7, 23, 22, 4, 15, 5, 21, 20, 11, 6, 3, 17, 12, 14, 0, 24, 1, 9, 2, 16, 10
6, 3, 13, 10, 22, 0, 7, 23, 11, 8, 14, 24, 17, 18, 15, 25, 19, 1, 5, 20, 9, 21, 4, 16, 12, 2
24, 18, 14, 13, 10, 4, 3, 21, 17, 15, 1, 0, 9, 25, 6, 22, 8, 5, 2, 12, 20, 19, 7, 23, 16, 11
20, 10, 11, 8, 16, 2, 7, 9, 12, 13, 15, 1, 23, 22, 17, 19, 14, 4, 6, 18, 24, 25, 21, 3, 0, 5
11, 13, 19, 14, 23, 0, 24, 6, 1, 15, 8, 20, 5, 10, 18, 9, 3, 21, 25, 17, 16, 2, 12, 7, 4, 22
17, 25, 22, 8, 14, 5, 9, 11, 16, 0, 2, 15, 4, 6, 23, 24, 12, 7, 13, 19, 1, 3, 10, 18, 20, 21
16, 9, 11, 1, 0, 10, 4, 20, 7, 6, 18, 13, 15, 8, 22, 23, 2, 5, 25, 12, 14, 19, 17, 21, 24, 3
7, 12, 19, 3, 17, 24, 18, 6, 20, 2, 22, 11, 10, 21, 1, 8, 16, 9, 13, 23, 5, 4, 25, 0, 15, 14
5, 24, 20, 25, 12, 7, 4, 1, 9, 13, 0, 23, 10, 2, 15, 14, 17, 8, 19, 11, 22, 3, 6, 16, 18, 21
9, 7, 13, 23, 2, 8, 4, 24, 1, 3, 6, 12, 19, 11, 16, 25, 0, 20, 5, 21, 10, 14, 18, 22, 17, 15
Pocket:
2, 5, 15, 17, 21, 18, 0, 19, 3, 9, 20, 8, 11, 24, 13, 14, 12, 10, 23, 7, 22, 4, 25, 16, 6, 1
1, 22, 9, 12, 2, 19, 0, 6, 21, 18, 7, 23, 5, 15, 24, 13, 10, 4, 25, 3, 14, 11, 8, 16, 20, 17
15, 7, 12, 13, 1, 3, 8, 0, 18, 24, 16, 14, 6, 21, 25, 5, 22, 4, 9, 10, 17, 20, 23, 11, 2, 19
12, 22, 3, 10, 25, 14, 8, 17, 4, 15, 19, 6, 20, 0, 21, 5, 18, 2, 7, 24, 11, 13, 23, 1, 16, 9
14, 19, 7, 21, 4, 20, 12, 16, 13, 2, 9, 23, 0, 24, 22, 10, 18, 1, 11, 3, 25, 17, 6, 8, 5, 15
24, 0, 19, 21, 7, 8, 3, 20, 1, 11, 13, 16, 10, 2, 5, 4, 9, 12, 22, 25, 23, 6, 14, 17, 18, 15
13, 3, 4, 11, 21, 14, 9, 8, 10, 25, 0, 7, 16, 23, 5, 1, 18, 17, 15, 22, 2, 6, 12, 24, 20, 19
3, 11, 1, 12, 7, 0, 2, 6, 13, 15, 14, 17, 18, 16, 22, 21, 20, 8, 23, 24, 25, 9, 4, 5, 19, 10
13, 4, 12, 24, 20, 15, 7, 0, 1, 14, 17, 3, 11, 16, 22, 21, 5, 18, 8, 9, 2, 10, 19, 25, 6, 23
18, 14, 21, 2, 8, 15, 23, 7, 10, 20, 4, 0, 22, 24, 1, 16, 13, 9, 17, 19, 5, 25, 3, 11, 12, 6
Pocket:
17, 15, 25, 2, 8, 10, 23, 5, 12, 0, 1, 4, 24, 11, 9, 3, 20, 13, 21, 6, 14, 18, 22, 7, 19, 16
10, 5, 19, 7, 24, 8, 6, 9, 16, 25, 1, 2, 20, 21, 22, 4, 14, 3, 15, 18, 23, 0, 17, 13, 12, 11
6, 15, 1, 9, 12, 16, 24, 17, 19, 22, 7, 2, 4, 21, 18, 3, 0, 10, 25, 13, 8, 11, 20, 23, 5, 14
2, 4, 19, 18, 25, 3, 11, 8, 14, 1, 21, 22, 5, 6, 23, 9, 24, 10, 12, 7, 13, 0, 16, 17, 20, 15
19, 16, 2, 11, 8, 4, 20, 6, 1, 24, 3, 5, 21, 12, 7, 18, 13, 23, 22, 10, 15, 9, 0, 25, 14, 17
5, 11, 20, 0, 3, 14, 9, 21, 10, 18, 25, 24, 2, 4, 23, 15, 13, 8, 16, 1, 6, 12, 22, 17, 19, 7
19, 16, 1, 25, 18, 11, 8, 14, 22, 17, 2, 15, 7, 23, 21, 12, 6, 9, 13, 5, 20, 10, 0, 3, 24, 4
18, 10, 17, 4, 12, 2, 0, 14, 3, 22, 20, 19, 23, 13, 11, 15, 1, 6, 9, 7, 8, 16, 21, 5, 24, 25
23, 16, 1, 3, 13, 7, 11, 10, 19, 20, 24, 6, 12, 5, 9, 18, 25, 22, 2, 17, 21, 8, 15, 14, 0, 4
13, 24, 0, 19, 3, 20, 9, 5, 7, 10, 11, 8, 2, 22, 17, 14, 23, 6, 21, 1, 25, 18, 4, 16, 15, 12