Pocket:
12, 13, 8, 19, 4, 5, 22, 21, 17, 2, 1, 23, 20, 3, 11, 6, 9, 7, 10, 14, 25, 24, 18, 16, 15, 0
25, 13, 24, 17, 15, 22, 7, 10, 3, 14, 16, 1, 0, 2, 23, 4, 18, 5, 20, 11, 9, 19, 21, 6, 12, 8
17, 9, 25, 8, 2, 22, 18, 6, 13, 3, 15, 10, 0, 11, 1, 16, 20, 21, 4, 7, 5, 24, 19, 14, 12, 23
3, 18, 11, 9, 20, 17, 5, 21, 15, 25, 0, 19, 23, 1, 10, 2, 24, 7, 22, 8, 12, 16, 13, 6, 4, 14
23, 0, 4, 20, 3, 9, 18, 10, 2, 21, 8, 15, 24, 6, 12, 25, 16, 11, 22, 17, 19, 13, 5, 7, 1, 14
25, 21, 5, 19, 1, 16, 12, 8, 13, 11, 14, 3, 24, 4, 9, 23, 20, 18, 10, 17, 2, 22, 0, 7, 15, 6
9, 24, 18, 19, 22, 20, 1, 11, 10, 4, 17, 23, 14, 8, 12, 6, 5, 25, 7, 2, 16, 21, 0, 3, 13, 15
1, 20, 8, 22, 14, 7, 24, 16, 23, 4, 0, 17, 9, 11, 12, 10, 19, 18, 2, 13, 15, 6, 21, 3, 25, 5
14, 9, 5, 23, 16, 1, 22, 2, 0, 12, 25, 20, 3, 7, 21, 4, 13, 10, 17, 8, 19, 11, 18, 24, 15, 6
12, 2, 19, 22, 8, 11, 24, 16, 18, 14, 10, 15, 5, 0, 17, 6, 25, 13, 1, 7, 20, 21, 3, 4, 23, 9
Pocket:
10, 16, 20, 21, 3, 6, 23, 9, 22, 8, 11, 13, 4, 19, 17, 18, 12, 1, 14, 7, 25, 5, 2, 0, 24, 15
11, 13, 7, 18, 25, 23, 6, 1, 12, 21, 10, 9, 15, 22, 20, 17, 4, 19, 5, 14, 8, 3, 0, 2, 24, 16
0, 3, 18, 8, 7, 4, 23, 6, 9, 21, 1, 5, 25, 24, 14, 12, 2, 16, 22, 17, 20, 19, 11, 13, 15, 10
5, 15, 23, 7, 4, 1, 19, 6, 10, 9, 3, 0, 14, 21, 12, 16, 17, 8, 13, 22, 24, 11, 18, 20, 2, 25
2, 24, 20, 16, 13, 23, 15, 12, 14, 7, 22, 10, 25, 1, 0, 6, 11, 3, 9, 5, 21, 17, 18, 19, 8, 4
8, 22, 9, 5, 19, 12, 7, 0, 1, 16, 10, 18, 2, 23, 14, 3, 20, 21, 25, 11, 24, 17, 13, 15, 6, 4
7, 23, 19, 2, 8, 25, 4, 9, 20, 13, 10, 18, 24, 11, 15, 21, 17, 1, 3, 14, 5, 12, 6, 22, 0, 16
13, 3, 8, 20, 22, 1, 10, 21, 14, 0, 7, 9, 6, 11, 2, 25, 5, 12, 4, 17, 15, 19, 24, 16, 23, 18
0, 11, 7, 8, 14, 23, 22, 9, 21, 17, 24, 3, 16, 2, 1, 15, 25, 13, 6, 4, 5, 12, 18, 10, 19, 20
21, 23, 14, 25, 6, 13, 0, 18, 4, 3, 11, 10, 16, 5, 20, 24, 2, 7, 12, 8, 19, 9, 15, 22, 1, 17
Pocket:
17, 11, 2, 13, 7, 6, 20, 16, 19, 14, 0, 3, 21, 9, 1, 5, 15, 8, 12, 18, 22, 4, 10, 24, 23, 25
13, 3, 16, 7, 8, 12, 10, 1, 19, 14, 0, 20, 9, 24, 25, 23, 4, 2, 5, 11, 22, 18, 21, 17, 6, 15
21, 24, 10, 0, 20, 6, 13, 9, 25, 22, 17, 3, 11, 15, 14, 5, 1, 18, 8, 7, 12, 4, 16, 23, 19, 2
14, 0, 2, 5, 18, 6, 1, 23, 11, 8, 19, 17, 3, 25, 22, 10, 24, 15, 9, 21, 16, 13, 7, 20, 4, 12
1, 18, 5, 9, 6, 12, 23, 13, 21, 11, 16, 22, 20, 4, 8, 0, 15, 14, 3, 24, 2, 10, 25, 17, 19, 7
21, 5, 9, 7, 1, 11, 14, 24, 16, 10, 17, 18, 15, 3, 20, 2, 0, 22, 13, 6, 25, 4, 19, 8, 12, 23
9, 0, 2, 22, 12, 19, 20, 11, 21, 14, 1, 13, 5, 4, 23, 17, 7, 10, 24, 8, 16, 15, 25, 6, 3, 18
24, 9, 11, 7, 17, 14, 5, 12, 4, 2, 22, 13, 20, 21, 15, 0, 23, 18, 25, 19, 10, 3, 8, 1, 6, 16
8, 2, 13, 11, 22, 23, 15, 17, 12, 5, 16, 1, 9, 20, 3, 6, 19, 4, 25, 21, 24, 7, 0, 10, 14, 18
21, 1, 5, 11, 6, 19, 9, 2, 13, 25, 14, 4, 17, 8, 24, 23, 15, 3, 0, 20, 7, 10, 18, 22, 16, 12
Pocket:
4, 22, 2, 20, 17, 12, 14, 8, 10, 13, 1, 16, 5, 18, 15, 3, 9, 23, 25, 19, 24, 7, 11, 0, 6, 21
1, 5, 22, 11, 14, 15, 17, 24, 13, 0, 10, 18, 9, 25, 6, 4, 2, 7, 23, 19, 21, 20, 8, 16, 3, 12
16, 5, 6, 22, 15, 4, 21, 0, 2, 7, 18, 24, 1, 19, 3, 11, 17, 20, 25, 12, 13, 14, 23, 10, 8, 9
14, 5, 7, 15, 24, 2, 6, 25, 1, 11, 20, 12, 17, 8, 18, 22, 16, 13, 3, 19, 23, 0, 21, 9, 10, 4
25, 0, 14, 5, 15, 19, 13, 6, 3, 12, 11, 8, 17, 21, 4, 1, 16, 23, 10, 22, 7, 9, 24, 18, 2, 20
8, 24, 4, 16, 14, 20, 1, 12, 25, 9, 23, 19, 2, 15, 3, 5, 10, 18, 22, 13, 0, 6, 11, 17, 7, 21
17, 8, 6, 15, 19, 13, 14, 4, 5, 16, 25, 1, 11, 2, 18, 9, 23, 10, 22, 21, 24, 3, 20, 7, 0, 12
23, 10, 21, 24, 11, 4, 14, 5, 25, 3, 18, 12, 19, 9, 16, 17, 8, 2, 20, 0, 15, 22, 7, 6, 13, 1
20, 24, 3, 17, 6, 18, 5, 10, 21, 23, 14, 7, 4, 0, 13, 11, 19, 9, 25, 16, 22, 12, 1, 8, 15, 2
25, 7, 24, 9, 17, 0, 13, 5, 14, 19, 15, 22, 4, 3, 12, 2, 6, 1, 10, 16, 23, 21, 20, 8, 11, 18
Pocket:
19, 22, 14, 8, 18, 10, 21, 13, 1, 20, 25, 24, 5, 16, 6, 2, 9, 23, 4, 3, 11, 0, 15, 17, 7, 12
2, 16, 17, 7, 24, 20, 12, 11, 9, 5, 14, 15, 13, 25, 3, 19, 0, 23, 10, 4, 18, 8, 6, 1, 22, 21
17, 24, 4, 3, 6, 15, 12, 14, 11, 1, 22, 25, 5, 10, 13, 2, 7, 18, 0, 19, 8, 20, 9, 21, 23, 16
25, 18, 3, 10, 0, 7, 22, 23, 21, 9, 6, 11, 19, 14, 15, 16, 24, 12, 5, 17, 2, 20, 13, 8, 4, 1
10, 18, 22, 9, 20, 15, 0, 8, 12, 6, 5, 1, 21, 3, 24, 16, 4, 11, 13, 23, 19, 17, 2, 14, 7, 25
13, 8, 15, 24, 2, 23, 22, 14, 10, 16, 21, 6, 18, 5, 9, 7, 12, 20, 3, 1, 0, 4, 25, 17, 11, 19
25, 9, 0, 24, 15, 18, 21, 6, 12, 10, 16, 7, 22, 2, 1, 8, 14, 20, 3, 4, 19, 5, 13, 11, 17, 23
21, 17, 13, 24, 4, 0, 8, 16, 9, 14, 19, 3, 6, 7, 5, 2, 12, 10, 1, 15, 23, 22, 20, 25, 11, 18
14, 11, 6, 3, 5, 4, 21, 2, 0, 25, 24, 23, 22, 13, 18, 8, 17, 12, 10, 15, 7, 9, 16, 20, 19, 1
3, 17, 8, 9, 7, 0, 11, 4, 15, 12, 5, 24, 14, 13, 16, 6, 22, 19, 2, 25, 20, 18, 10, 21, 1, 23
Pocket:
5, 9, 23, 8, 2, 11, 4, 3, 10, 25, 0, 15, 1, 16, 12, 21, 17, 13, 7, 20, 19, 6, 22, 14, 24, 18
25, 3, 24, 23, 16, 9, 15, 17, 1, 12, 7, 18, 11, 14, 6, 13, 10, 0, 19, 4, 8, 2, 5, 21, 22, 20
25, 23, 3, 6, 12, 10, 14, 13, 20, 4, 21, 2, 9, 11, 7, 5, 17, 18, 15, 0, 24, 16, 22, 1, 8, 19
5, 10, 19, 21, 3, 9, 4, 18, 12, 23, 22, 8, 20, 7, 14, 25, 0, 17, 15, 2, 24, 13, 11, 6, 1, 16
4, 23, 5, 11, 14, 13, 25, 24, 2, 12, 19, 17, 15, 10, 8, 9, 3, 21, 22, 7, 1, 18, 20, 6, 16, 0
16, 10, 25, 22, 9, 24, 13, 20, 8, 12, 4, 0, 3, 5, 18, 17, 15, 2, 11, 19, 14, 23, 21, 7, 6, 1
24, 4, 0, 7, 10, 13, 16, 14, 20, 1, 5, 6, 8, 2, 22, 17, 21, 9, 19, 11, 3, 15, 25, 23, 12, 18
7, 5, 22, 16, 11, 10, 14, 25, 1, 6, 24, 8, 12, 2, 13, 3, 19, 17, 4, 0, 20, 18, 15, 23, 9, 21
14, 11, 0, 15, 2, 3, 12, 7, 21, 25, 13, 24, 18, 1, 9, 23, 20, 19, 16, 8, 22, 17, 6, 5, 4, 10
17, 19, 1, 16, 9, 23, 6, 20, 25, 11, 3, 2, 18, 7, 14, 24, 8, 15, 10, 0, 22, 5, 21, 12, 4, 13
Pocket:
10, 25, 9, 19, 22, 15, 11, 5, 20, 23, 14, 24, 2, 8, 12, 18, 0, 21, 7, 16, 17, 6, 1, 3, 4, 13
20, 25, 1, 17, 13, 8, 6, 14, 3, 21, 11, 5, 10, 19, 12, 15, 18, 9, 2, 22, 0, 23, 24, 7, 16, 4
17, 5, 7, 19, 15, 1, 0, 14, 9, 22, 10, 24, 6, 23, 16, 18, 4, 11, 25, 21, 20, 3, 8, 13, 12, 2
11, 18, 7, 8, 2, 4, 14, 22, 25, 24, 6, 17, 5, 12, 20, 15, 1, 13, 23, 3, 9, 10, 0, 19, 16, 21
14, 0, 19, 4, 10, 17, 5, 13, 24, 1, 8, 6, 25, 18, 3, 15, 16, 20, 23, 11, 21, 12, 2, 9, 22, 7
21, 13, 24, 5, 23, 19, 11, 6, 9, 15, 25, 0, 1, 12, 8, 20, 14, 22, 10, 3, 2, 17, 18, 16, 7, 4
13, 18, 8, 0, 1, 4, 10, 12, 24, 17, 9, 11, 15, 5, 22, 14, 21, 6, 3, 20, 2, 7, 16, 19, 23, 25
7, 23, 11, 5, 6, 24, 3, 0, 10, 15, 4, 19, 21, 12, 1, 2, 20, 13, 22, 18, 9, 25, 16, 17, 8, 14
8, 18, 24, 14, 16, 0, 1, 19, 13, 12, 25, 9, 21, 2, 7, 5, 4, 17, 11, 15, 6, 20, 10, 22, 3, 23
20, 12, 13, 11, 21, 25, 1, 2, 14, 22, 16, 23, 18, 7, 0, 9, 15, 19, 17, 3, 24, 6, 10, 5, 8, 4
Pocket:
5, 1, 22, 2, 25, 20, 4, 13, 15, 10, 23, 18, 6, 19, 8, 11, 3, 7, 24, 21, 17, 16, 12, 9, 0, 14
19, 2, 12, 24, 9, 0, 7, 6, 4, 8, 11, 10, 20, 25, 17, 23, 16, 5, 21, 3, 22, 14, 1, 18, 15, 13
8, 4, 21, 5, 24, 18, 17, 3, 25, 7, 20, 12, 15, 10, 9, 23, 2, 14, 0, 6, 19, 22, 1, 11, 13, 16
16, 22, 5, 0, 19, 9, 23, 1, 25, 14, 7, 11, 2, 4, 3, 8, 24, 6, 20, 13, 21, 12, 17, 18, 15, 10
25, 6, 5, 2, 18, 19, 23, 10, 7, 22, 11, 1, 0, 24, 14, 3, 4, 12, 15, 21, 20, 16, 13, 9, 17, 8
24, 9, 7, 17, 3, 4, 21, 12, 20, 5, 10, 6, 22, 23, 1, 15, 18, 14, 25, 11, 16, 13, 0, 8, 19, 2
21, 9, 7, 22, 20, 12, 4, 1, 2, 8, 13, 10, 5, 6, 3, 11, 18, 16, 15, 17, 0, 24, 25, 19, 23, 14
10, 8, 12, 23, 5, 0, 9, 18, 1, 19, 7, 24, 22, 17, 6, 25, 4, 2, 13, 3, 14, 15, 21, 11, 16, 20
5, 18, 24, 8, 19, 12, 9, 2, 4, 17, 7, 13, 14, 20, 0, 6, 1, 23, 15, 22, 11, 10, 16, 25, 21, 3
7, 9, 15, 24, 19, 4, 21, 14, 10, 1, 6, 13, 0, 16, 18, 8, 20, 3, 12, 22, 25, 17, 5, 11, 2, 23
Pocket:
9, 1, 14, 19, 16, 17, 4, 2, 21, 10, 24, 13, 25, 3, 15, 20, 12, 11, 0, 6, 23, 8, 5, 18, 7, 22
24, 13, 7, 11, 6, 23, 16, 15, 21, 4, 5, 18, 20, 1, 9, 19, 3, 22, 8, 2, 0, 10, 14, 25, 17, 12
25, 22, 0, 6, 2, 10, 16, 24, 1, 7, 20, 13, 4, 9, 12, 17, 15, 8, 18, 19, 14, 5, 11, 21, 23, 3
23, 13, 20, 25, 18, 22, 16, 5, 24, 19, 4, 8, 14, 6, 15, 3, 0, 17, 11, 21, 10, 1, 2, 9, 7, 12
5, 10, 18, 8, 6, 0, 1, 16, 2, 7, 21, 19, 12, 13, 11, 22, 4, 25, 9, 15, 20, 24, 14, 23, 3, 17
14, 1, 7, 15, 25, 17, 3, 24, 8, 9, 22, 6, 12, 16, 20, 13, 2, 11, 0, 19, 18, 4, 21, 5, 23, 10
25, 15, 0, 22, 24, 11, 10, 9, 1, 21, 5, 4, 14, 8, 7, 12, 13, 2, 16, 17, 18, 23, 19, 20, 3, 6
17, 2, 12, 19, 16, 7, 1, 6, 10, 25, 3, 20, 9, 14, 11, 18, 21, 15, 4, 13, 8, 22, 23, 24, 0, 5
13, 3, 15, 2, 0, 12, 24, 1, 9, 17, 7, 23, 8, 11, 16, 4, 14, 22, 21, 6, 18, 20, 10, 25, 19, 5
25, 4, 19, 12, 0, 20, 23, 14, 22, 8, 18, 2, 6, 10, 5, 24, 15, 7, 13, 17, 9, 1, 11, 21, 3, 16
Pocket:
18, 17, 4, 0, 3, 15, 7, 21, 10, 24, 8, 12, 19, 20, 9, 22, 6, 2, 5, 25, 1, 16, 23, 14, 11, 13
17, 0, 7, 9, 22, 2, 21, 8, 24, 18, 4, 15, 14, 12, 11, 23, 13, 19, 20, 10, 3, 6, 16, 5, 25, 1
13, 12, 0, 24, 22, 4, 14, 17, 19, 15, 3, 1, 9, 16, 18, 2, 11, 23, 5, 20, 8, 10, 25, 6, 7, 21
8, 12, 21, 15, 3, 23, 9, 6, 14, 1, 16, 4, 20, 11, 18, 13, 17, 22, 2, 0, 7, 25, 10, 5, 24, 19
22, 11, 16, 20, 21, 8, 7, 3, 10, 12, 15, 0, 6, 13, 2, 18, 5, 14, 23, 17, 25, 1, 19, 24, 4, 9
8, 19, 14, 20, 7, 4, 13, 11, 9, 23, 21, 12, 2, 17, 22, 25, 5, 3, 24, 1, 0, 6, 16, 18, 10, 15
3, 24, 18, 19, 9, 11, 2, 22, 7, 15, 17, 16, 5, 12, 8, 0, 1, 21, 10, 6, 13, 4, 25, 23, 20, 14
10, 11, 22, 17, 19, 21, 15, 1, 18, 20, 23, 24, 4, 6, 2, 13, 12, 5, 3, 9, 7, 25, 8, 0, 16, 14
17, 7, 10, 14, 24, 11, 0, 16, 20, 8, 22, 9, 21, 5, 18, 12, 15, 19, 6, 3, 13, 4, 1, 23, 25, 2
6, 2, 3, 21, 11, 7, 24, 20, 13, 16, 4, 22, 14, 25, 8, 15, 23, 1, 0, 5, 10, 12, 18, 17, 19, 9
Pocket:
7, 23, 17, 21, 10, 14, 22, 6, 0, 18, 4, 8, 15, 2, 13, 5, 16, 25, 12, 9, 20, 24, 19, 11, 3, 1
22, 8, 18, 12, 9, 11, 0, 14, 2, 15, 4, 23, 17, 19, 5, 16, 25, 10, 1, 7, 24, 21, 13, 20, 3, 6
16, 22, 14, 15, 23, 11, 25, 18, 20, 13, 7, 24, 2, 10, 6, 1, 4, 8, 9, 12, 21, 0, 19, 3, 17, 5
14, 15, 23, 7, 19, 3, 5, 22, 1, 18, 6, 16, 0, 9, 2, 4, 24, 8, 12, 10, 11, 25, 13, 21, 20, 17
15, 21, 10, 2, 19, 7, 17, 18, 20, 5, 11, 24, 14, 13, 12, 23, 0, 9, 1, 4, 8, 25, 6, 3, 16, 22
17, 21, 15, 7, 19, 2, 14, 12, 13, 4, 3, 16, 25, 22, 24, 23, 11, 6, 20, 10, 18, 8, 0, 1, 5, 9
8, 7, 3, 21, 9, 23, 4, 12, 14, 20, 1, 2, 19, 24, 22, 18, 11, 0, 6, 16, 25, 15, 10, 13, 17, 5
19, 0, 3, 2, 13, 7, 14, 25, 20, 4, 1, 5, 8, 9, 21, 15, 23, 24, 18, 10, 16, 6, 12, 17, 11, 22
4, 20, 12, 18, 8, 1, 10, 25, 3, 0, 23, 13, 11, 21, 14, 9, 5, 17, 6, 2, 22, 24, 7, 16, 19, 15
18, 23, 11, 3, 16, 7, 17, 22, 8, 0, 5, 21, 9, 20, 1, 25, 2, 24, 6, 13, 14, 19, 15, 4, 10, 12
Pocket:
4, 1, 19, 13, 25, 15, 5, 3, 6, 10, 16, 14, 21, 11, 8, 9, 17, 0, 2, 7, 20, 23, 22, 24, 12, 18
17, 6, 22, 16, 21, 9, 11, 20, 12, 5, 18, 4, 24, 2, 15, 3, 19, 14, 13, 8, 0, 23, 25, 1, 7, 10
3, 10, 2, 13, 12, 4, 11, 25, 16, 19, 0, 14, 9, 1, 22, 6, 5, 23, 7, 18, 8, 24, 20, 17, 21, 15
23, 24, 14, 5, 11, 19, 13, 21, 22, 25, 9, 0, 7, 16, 6, 4, 8, 18, 15, 3, 10, 17, 20, 12, 1, 2
3, 17, 24, 11, 0, 12, 13, 25, 6, 8, 14, 5, 9, 21, 19, 4, 1, 23, 10, 22, 7, 2, 15, 18, 16, 20
6, 8, 2, 22, 11, 5, 25, 23, 14, 4, 7, 3, 1, 12, 17, 10, 20, 15, 16, 24, 9, 0, 19, 21, 18, 13
12, 8, 23, 20, 10, 6, 5, 13, 2, 25, 21, 16, 1, 22, 18, 4, 11, 19, 15, 14, 17, 0, 7, 24, 3, 9
8, 14, 17, 24, 5, 21, 19, 0, 11, 1, 20, 2, 7, 9, 6, 10, 16, 22, 25, 12, 23, 3, 4, 15, 13, 18
12, 16, 8, 10, 20, 5, 17, 3, 6, 21, 2, 24, 1, 22, 4, 19, 25, 0, 14, 18, 23, 11, 9, 15, 13, 7
20, 17, 1, 5, 15, 14, 7, 21, 3, 2, 6, 24, 22, 25, 19, 11, 9, 16, 13, 10, 12, 18, 23, 8, 0, 4
Pocket:
22, 17, 6, 4, 21, 10, 7, 1, 5, 2, 15, 24, 11, 25, 14, 0, 13, 18, 16, 19, 8, 20, 23, 3, 12, 9
15, 17, 14, 12, 2, 21, 16, 6, 18, 7, 22, 19, 3, 4, 13, 11, 10, 5, 9, 1, 23, 25, 8, 20, 0, 24
25, 5, 24, 14, 3, 22, 21, 0, 17, 4, 13, 12, 19, 11, 16, 2, 7, 10, 9, 8, 23, 6, 1, 20, 18, 15
15, 6, 21, 4, 22, 1, 25, 12, 8, 10, 7, 24, 18, 0, 9, 13, 19, 20, 23, 17, 2, 14, 5, 11, 3, 16
22, 21, 4, 6, 7, 12, 9, 8, 24, 14, 10, 18, 19, 20, 23, 1, 3, 16, 0, 5, 13, 15, 17, 11, 25, 2
9, 16, 12, 25, 6, 3, 24, 13, 2, 1, 15, 11, 23, 14, 7, 10, 22, 21, 20, 4, 5, 17, 8, 0, 18, 19
3, 18, 12, 25, 24, 15, 6, 8, 10, 19, 9, 21, 23, 7, 13, 5, 14, 0, 4, 2, 20, 22, 11, 1, 17, 16
8, 24, 22, 19, 17, 9, 11, 4, 2, 10, 23, 13, 16, 25, 14, 7, 6, 21, 12, 1, 18, 20, 0, 5, 15, 3
8, 13, 6, 9, 23, 5, 10, 4, 1, 15, 11, 14, 3, 2, 16, 18, 25, 7, 12, 24, 22, 0, 17, 21, 19, 20
3, 23, 9, 12, 25, 11, 22, 10, 17, 4, 16, 18, 15, 7, 19, 5, 24, 13, 6, 14, 8, 0, 2, 1, 21, 20