Pocket:
12, 15, 16, 2, 13, 4, 17, 18, 14, 3, 19, 6, 23, 20, 7, 21, 24, 22, 11, 1, 25, 8, 9, 10, 5, 0
6, 14, 20, 25, 12, 8, 23, 13, 10, 24, 15, 16, 11, 7, 18, 19, 4, 2, 1, 17, 9, 5, 22, 3, 0, 21
4, 22, 7, 17, 20, 15, 2, 8, 18, 14, 5, 16, 21, 23, 9, 24, 1, 11, 13, 0, 6, 12, 25, 10, 19, 3
7, 18, 5, 16, 0, 21, 23, 17, 12, 4, 10, 24, 14, 8, 9, 3, 25, 11, 19, 13, 6, 22, 15, 2, 1, 20
7, 14, 24, 3, 16, 13, 12, 2, 9, 22, 4, 5, 11, 8, 6, 23, 25, 15, 1, 10, 0, 17, 20, 19, 21, 18
2, 13, 10, 11, 17, 21, 9, 18, 25, 0, 3, 7, 12, 14, 22, 16, 15, 4, 8, 5, 20, 23, 6, 24, 19, 1
16, 12, 17, 5, 22, 6, 24, 7, 20, 9, 0, 11, 2, 21, 1, 23, 15, 19, 14, 8, 25, 4, 18, 10, 13, 3
16, 19, 2, 20, 7, 25, 21, 8, 14, 3, 15, 22, 13, 23, 10, 5, 6, 18, 11, 24, 0, 1, 9, 12, 17, 4
16, 10, 25, 1, 9, 13, 7, 21, 22, 3, 6, 24, 11, 14, 17, 4, 5, 8, 20, 18, 0, 23, 15, 2, 12, 19
25, 12, 4, 15, 6, 5, 23, 9, 21, 24, 0, 17, 11, 18, 8, 1, 3, 10, 14, 13, 19, 7, 22, 16, 20, 2
Pocket:
12, 3, 18, 21, 15, 16, 13, 4, 9, 2, 17, 24, 1, 8, 6, 14, 7, 22, 23, 10, 5, 11, 25, 19, 0, 20
19, 16, 20, 11, 22, 18, 25, 3, 14, 17, 10, 2, 9, 7, 15, 12, 24, 21, 5, 6, 8, 23, 13, 0, 4, 1
13, 11, 15, 19, 9, 10, 7, 1, 24, 17, 2, 4, 25, 3, 5, 22, 18, 16, 12, 20, 21, 8, 23, 6, 0, 14
23, 20, 7, 1, 24, 15, 18, 8, 12, 22, 25, 13, 6, 11, 5, 0, 21, 3, 14, 4, 10, 16, 2, 9, 17, 19
16, 19, 7, 6, 3, 21, 8, 18, 1, 0, 24, 9, 14, 11, 12, 17, 15, 13, 4, 25, 20, 22, 10, 23, 2, 5
10, 25, 14, 1, 11, 17, 5, 18, 6, 24, 0, 20, 15, 13, 2, 19, 9, 7, 8, 12, 23, 4, 3, 21, 16, 22
1, 5, 6, 4, 13, 11, 7, 9, 8, 24, 23, 12, 22, 21, 17, 18, 20, 10, 2, 3, 14, 19, 15, 0, 16, 25
8, 12, 24, 5, 9, 16, 15, 2, 3, 6, 14, 11, 0, 19, 20, 25, 4, 17, 23, 1, 10, 21, 22, 7, 18, 13
25, 22, 15, 14, 2, 12, 18, 9, 21, 17, 8, 23, 3, 10, 0, 1, 16, 4, 5, 7, 20, 19, 13, 6, 24, 11
16, 10, 2, 11, 15, 4, 3, 23, 6, 13, 19, 24, 5, 20, 0, 18, 9, 17, 1, 25, 21, 8, 12, 22, 7, 14
Pocket:
0, 21, 4, 17, 2, 16, 22, 6, 3, 15, 24, 10, 12, 7, 1, 20, 8, 14, 13, 18, 23, 25, 9, 19, 5, 11
5, 15, 16, 3, 10, 8, 7, 24, 6, 12, 0, 2, 9, 25, 14, 20, 23, 4, 21, 11, 19, 1, 18, 13, 17, 22
11, 24, 6, 4, 10, 3, 20, 1, 21, 14, 0, 19, 13, 22, 25, 17, 9, 5, 8, 16, 18, 7, 23, 15, 12, 2
6, 23, 20, 18, 14, 25, 10, 1, 15, 7, 17, 22, 8, 2, 5, 3, 11, 4, 0, 16, 9, 13, 19, 24, 21, 12
21, 19, 1, 8, 15, 24, 17, 9, 3, 16, 7, 4, 10, 22, 2, 11, 5, 20, 25, 0, 18, 13, 12, 6, 23, 14
0, 25, 15, 23, 1, 16, 22, 14, 17, 18, 6, 19, 4, 3, 5, 10, 8, 12, 21, 2, 9, 7, 13, 11, 20, 24
1, 11, 8, 25, 22, 0, 2, 14, 10, 7, 13, 3, 19, 23, 12, 18, 15, 4, 20, 6, 16, 17, 9, 21, 24, 5
8, 24, 5, 4, 18, 7, 0, 3, 15, 25, 21, 6, 17, 20, 14, 16, 11, 13, 10, 9, 2, 23, 19, 1, 22, 12
15, 16, 3, 8, 14, 17, 2, 22, 19, 23, 9, 5, 21, 18, 11, 13, 25, 4, 12, 1, 24, 7, 6, 10, 0, 20
13, 22, 15, 4, 16, 12, 18, 14, 21, 0, 5, 23, 6, 7, 20, 2, 1, 8, 17, 11, 9, 24, 3, 10, 25, 19
Pocket:
16, 18, 14, 6, 9, 20, 10, 24, 11, 15, 0, 4, 19, 13, 8, 1, 3, 25, 12, 21, 17, 23, 5, 2, 7, 22
4, 14, 24, 17, 5, 3, 23, 10, 21, 19, 20, 6, 11, 0, 22, 16, 13, 12, 15, 2, 8, 7, 25, 1, 9, 18
20, 16, 8, 6, 19, 3, 11, 15, 24, 9, 2, 14, 10, 13, 1, 5, 21, 25, 17, 4, 0, 22, 18, 12, 23, 7
24, 22, 7, 1, 16, 13, 14, 8, 25, 10, 18, 9, 12, 6, 11, 21, 3, 4, 19, 17, 20, 2, 0, 23, 15, 5
7, 14, 22, 9, 11, 6, 5, 24, 17, 8, 20, 2, 16, 10, 3, 21, 18, 23, 0, 25, 4, 1, 15, 13, 19, 12
11, 23, 17, 9, 6, 14, 25, 13, 1, 7, 0, 8, 19, 10, 21, 4, 12, 5, 2, 22, 16, 24, 3, 15, 20, 18
24, 15, 13, 23, 4, 8, 11, 21, 19, 17, 2, 7, 5, 22, 16, 1, 3, 20, 12, 9, 6, 14, 0, 25, 18, 10
4, 24, 14, 11, 20, 5, 13, 16, 15, 9, 8, 2, 1, 23, 18, 0, 25, 6, 17, 7, 22, 21, 12, 10, 19, 3
20, 5, 6, 24, 23, 1, 18, 0, 21, 17, 16, 19, 13, 7, 10, 11, 12, 15, 4, 14, 8, 25, 2, 9, 22, 3
14, 21, 12, 9, 5, 11, 22, 8, 7, 13, 19, 1, 23, 20, 16, 17, 25, 0, 6, 2, 3, 10, 15, 24, 4, 18
Pocket:
19, 7, 17, 4, 0, 5, 22, 6, 10, 14, 23, 21, 9, 3, 25, 13, 24, 16, 20, 18, 1, 8, 2, 12, 15, 11
7, 5, 4, 11, 9, 10, 1, 21, 0, 19, 18, 15, 24, 2, 23, 3, 25, 16, 14, 13, 22, 20, 17, 6, 8, 12
23, 21, 4, 14, 13, 1, 12, 19, 9, 15, 17, 5, 8, 11, 3, 0, 10, 16, 25, 6, 2, 20, 7, 22, 24, 18
17, 20, 8, 19, 5, 16, 7, 11, 12, 13, 21, 1, 18, 15, 25, 22, 4, 6, 9, 2, 14, 23, 3, 24, 0, 10
6, 9, 25, 2, 4, 23, 13, 22, 8, 14, 21, 20, 17, 5, 1, 12, 11, 18, 10, 15, 7, 19, 0, 3, 16, 24
4, 7, 20, 0, 23, 2, 21, 18, 10, 12, 1, 6, 16, 11, 13, 17, 8, 3, 19, 25, 14, 5, 15, 22, 24, 9
14, 2, 0, 7, 13, 9, 3, 17, 22, 16, 19, 25, 8, 6, 5, 23, 21, 1, 11, 12, 15, 20, 10, 24, 4, 18
23, 9, 8, 6, 18, 5, 0, 4, 7, 13, 11, 2, 3, 14, 21, 17, 22, 25, 20, 12, 15, 19, 16, 1, 24, 10
1, 3, 15, 8, 22, 0, 19, 13, 18, 4, 25, 5, 9, 7, 10, 23, 12, 24, 20, 2, 11, 14, 21, 17, 16, 6
25, 18, 11, 0, 21, 8, 5, 22, 12, 3, 23, 15, 19, 4, 17, 13, 10, 20, 6, 24, 7, 1, 9, 16, 14, 2
Pocket:
21, 13, 17, 20, 12, 5, 22, 24, 19, 2, 25, 4, 6, 0, 14, 11, 3, 23, 10, 1, 7, 16, 8, 18, 9, 15
18, 10, 3, 22, 7, 17, 5, 2, 4, 0, 11, 16, 6, 21, 8, 12, 1, 13, 20, 24, 9, 19, 25, 23, 14, 15
24, 17, 23, 16, 7, 15, 18, 14, 3, 11, 5, 8, 22, 20, 21, 12, 2, 0, 19, 6, 25, 10, 4, 13, 9, 1
15, 9, 20, 6, 14, 0, 3, 18, 19, 24, 23, 12, 4, 10, 7, 11, 25, 2, 22, 1, 17, 21, 8, 16, 13, 5
22, 21, 11, 25, 0, 19, 2, 23, 6, 5, 13, 24, 16, 14, 8, 18, 10, 7, 4, 9, 15, 3, 1, 20, 12, 17
9, 10, 25, 6, 24, 20, 7, 4, 16, 3, 21, 18, 1, 17, 2, 12, 15, 5, 13, 14, 8, 23, 11, 0, 19, 22
24, 25, 7, 15, 12, 4, 6, 21, 19, 3, 13, 0, 10, 20, 8, 17, 23, 22, 18, 9, 16, 11, 1, 2, 14, 5
13, 12, 19, 9, 7, 4, 2, 8, 14, 11, 0, 3, 6, 23, 1, 20, 21, 5, 18, 22, 15, 10, 16, 17, 24, 25
19, 13, 7, 9, 14, 22, 15, 2, 18, 16, 10, 11, 24, 3, 1, 6, 8, 21, 20, 4, 12, 0, 25, 5, 23, 17
5, 7, 17, 12, 24, 8, 13, 4, 16, 18, 2, 1, 10, 21, 0, 19, 6, 22, 15, 11, 3, 14, 23, 25, 9, 20
Pocket:
14, 12, 8, 25, 20, 23, 4, 3, 10, 24, 11, 15, 21, 22, 9, 13, 1, 16, 0, 7, 19, 2, 5, 17, 6, 18
19, 21, 1, 4, 24, 13, 25, 8, 7, 23, 11, 6, 18, 20, 15, 17, 3, 14, 10, 2, 12, 5, 9, 16, 22, 0
3, 20, 8, 5, 1, 15, 10, 12, 7, 9, 19, 23, 4, 21, 22, 6, 11, 18, 14, 24, 13, 0, 16, 2, 25, 17
2, 21, 25, 23, 20, 0, 22, 16, 18, 12, 6, 24, 7, 3, 15, 1, 13, 19, 11, 4, 10, 5, 8, 17, 9, 14
11, 23, 20, 12, 5, 4, 22, 17, 8, 19, 2, 21, 14, 18, 13, 6, 16, 15, 24, 10, 3, 7, 25, 9, 1, 0
3, 16, 17, 15, 25, 6, 14, 11, 22, 8, 2, 0, 19, 9, 18, 20, 23, 5, 21, 10, 1, 4, 7, 13, 24, 12
19, 3, 2, 10, 17, 5, 9, 6, 11, 4, 13, 20, 1, 15, 12, 7, 0, 21, 23, 25, 18, 14, 22, 8, 24, 16
9, 0, 25, 10, 13, 8, 19, 15, 1, 4, 7, 2, 21, 23, 3, 14, 11, 12, 17, 6, 16, 5, 20, 18, 24, 22
24, 18, 15, 9, 0, 2, 22, 11, 14, 17, 3, 7, 12, 25, 19, 13, 1, 5, 10, 16, 6, 8, 21, 23, 20, 4
8, 17, 2, 19, 10, 3, 13, 14, 15, 7, 9, 22, 5, 24, 25, 16, 12, 0, 23, 18, 6, 21, 20, 11, 4, 1
Pocket:
10, 9, 15, 21, 24, 5, 8, 14, 18, 23, 3, 16, 2, 20, 7, 22, 11, 19, 6, 17, 13, 4, 12, 0, 25, 1
18, 24, 2, 12, 19, 21, 6, 8, 14, 11, 10, 17, 20, 22, 16, 15, 3, 1, 25, 9, 0, 23, 5, 7, 13, 4
7, 2, 9, 10, 17, 14, 25, 22, 1, 3, 4, 6, 21, 5, 0, 18, 20, 23, 24, 12, 15, 11, 8, 19, 16, 13
15, 11, 18, 19, 14, 20, 22, 17, 8, 5, 9, 4, 12, 21, 6, 7, 13, 16, 24, 1, 10, 0, 23, 3, 2, 25
10, 2, 25, 9, 6, 1, 4, 3, 0, 8, 5, 16, 14, 20, 19, 22, 17, 11, 23, 12, 13, 18, 15, 7, 21, 24
17, 2, 13, 4, 10, 1, 7, 22, 16, 18, 0, 11, 23, 20, 25, 24, 19, 8, 5, 9, 15, 21, 14, 12, 3, 6
0, 18, 14, 25, 7, 9, 13, 10, 12, 21, 8, 1, 23, 16, 2, 22, 3, 4, 24, 19, 20, 17, 6, 5, 15, 11
17, 13, 22, 8, 11, 9, 7, 20, 24, 10, 19, 0, 3, 5, 15, 18, 25, 12, 6, 4, 16, 23, 21, 14, 1, 2
17, 4, 10, 14, 19, 11, 23, 22, 3, 1, 18, 2, 8, 0, 20, 16, 9, 21, 5, 13, 12, 7, 25, 6, 24, 15
13, 16, 10, 2, 19, 23, 12, 20, 7, 9, 6, 11, 0, 14, 4, 17, 3, 1, 15, 8, 5, 25, 24, 21, 22, 18
Pocket:
11, 8, 14, 20, 1, 18, 16, 17, 12, 5, 25, 9, 0, 15, 21, 23, 24, 22, 13, 7, 2, 3, 6, 19, 4, 10
21, 9, 20, 14, 10, 17, 11, 7, 6, 16, 22, 18, 0, 23, 24, 8, 25, 3, 13, 1, 15, 19, 12, 5, 4, 2
14, 0, 12, 20, 17, 9, 2, 1, 18, 13, 24, 4, 25, 6, 22, 10, 21, 15, 19, 7, 23, 8, 3, 11, 16, 5
17, 5, 11, 14, 8, 7, 16, 2, 3, 1, 10, 0, 6, 15, 13, 9, 4, 20, 24, 12, 23, 22, 21, 25, 18, 19
22, 8, 6, 1, 23, 17, 13, 11, 20, 19, 14, 16, 0, 10, 2, 12, 24, 9, 21, 25, 3, 15, 7, 4, 5, 18
21, 24, 20, 4, 12, 13, 11, 17, 6, 19, 9, 8, 10, 1, 18, 5, 16, 22, 25, 0, 15, 14, 7, 2, 23, 3
5, 21, 3, 25, 20, 17, 19, 16, 23, 7, 22, 14, 13, 1, 8, 6, 9, 12, 4, 10, 24, 11, 18, 2, 15, 0
9, 24, 6, 0, 1, 22, 19, 20, 25, 18, 3, 14, 2, 23, 15, 21, 17, 13, 16, 7, 4, 5, 12, 11, 10, 8
25, 23, 0, 22, 15, 14, 21, 18, 17, 10, 2, 12, 11, 1, 19, 8, 9, 13, 16, 4, 3, 7, 5, 20, 6, 24
0, 6, 17, 25, 12, 16, 14, 15, 23, 18, 22, 10, 13, 9, 1, 11, 21, 5, 3, 19, 2, 24, 7, 20, 8, 4
Pocket:
4, 7, 2, 19, 10, 16, 5, 22, 6, 18, 15, 13, 9, 11, 0, 23, 1, 3, 12, 17, 8, 21, 20, 25, 14, 24
12, 17, 7, 2, 4, 11, 25, 8, 22, 14, 6, 15, 24, 3, 13, 9, 5, 21, 19, 1, 0, 18, 23, 20, 16, 10
14, 17, 11, 5, 18, 4, 20, 6, 10, 1, 16, 13, 0, 9, 21, 2, 15, 12, 19, 8, 24, 25, 7, 3, 23, 22
25, 24, 16, 20, 23, 19, 6, 1, 11, 3, 13, 15, 2, 18, 17, 7, 21, 12, 5, 22, 0, 10, 8, 4, 14, 9
4, 1, 20, 15, 25, 18, 9, 0, 17, 24, 13, 23, 14, 2, 10, 8, 12, 7, 3, 19, 16, 22, 11, 5, 6, 21
8, 7, 2, 23, 4, 10, 16, 24, 5, 20, 18, 13, 9, 1, 21, 22, 12, 25, 6, 17, 0, 15, 19, 3, 14, 11
17, 0, 4, 5, 22, 12, 10, 6, 8, 9, 14, 7, 15, 25, 2, 23, 3, 16, 1, 11, 24, 20, 21, 18, 13, 19
21, 24, 23, 4, 6, 22, 15, 20, 2, 19, 11, 5, 14, 13, 8, 7, 10, 12, 25, 0, 18, 9, 1, 16, 3, 17
11, 9, 19, 15, 22, 24, 14, 1, 12, 20, 0, 8, 17, 18, 4, 10, 23, 16, 21, 7, 3, 5, 25, 6, 13, 2
0, 14, 20, 13, 11, 6, 7, 21, 15, 2, 16, 10, 4, 3, 8, 1, 18, 19, 9, 25, 24, 23, 17, 22, 5, 12
Pocket:
17, 10, 16, 11, 18, 2, 4, 5, 9, 3, 19, 21, 6, 14, 0, 8, 24, 20, 25, 1, 12, 7, 15, 13, 23, 22
15, 22, 8, 6, 18, 24, 3, 16, 4, 13, 25, 9, 5, 17, 23, 1, 19, 14, 11, 7, 21, 0, 20, 12, 10, 2
1, 4, 12, 19, 17, 0, 3, 5, 14, 24, 16, 18, 13, 23, 7, 9, 6, 20, 11, 10, 25, 2, 15, 8, 22, 21
21, 24, 18, 5, 13, 17, 7, 16, 9, 14, 2, 8, 11, 10, 12, 3, 20, 1, 6, 22, 19, 15, 4, 23, 25, 0
6, 19, 16, 18, 25, 11, 1, 5, 4, 24, 0, 20, 21, 3, 23, 2, 14, 13, 17, 9, 22, 15, 12, 8, 10, 7
8, 19, 20, 9, 22, 16, 5, 12, 6, 14, 13, 10, 24, 15, 0, 7, 21, 1, 25, 3, 11, 2, 18, 23, 4, 17
14, 5, 4, 0, 3, 10, 7, 24, 22, 20, 6, 19, 25, 16, 11, 1, 8, 18, 9, 12, 13, 23, 2, 15, 21, 17
2, 21, 11, 7, 10, 18, 24, 4, 1, 13, 9, 25, 14, 6, 8, 22, 16, 19, 20, 3, 17, 15, 12, 0, 5, 23
22, 4, 25, 5, 12, 21, 15, 0, 24, 13, 1, 7, 19, 23, 14, 18, 8, 9, 2, 20, 16, 17, 10, 11, 3, 6
3, 9, 2, 14, 22, 10, 16, 1, 5, 24, 20, 25, 11, 15, 17, 21, 6, 4, 23, 7, 8, 13, 18, 12, 0, 19
Pocket:
18, 9, 21, 8, 5, 6, 15, 19, 3, 14, 16, 17, 24, 23, 7, 2, 22, 11, 0, 13, 20, 12, 1, 4, 10, 25
18, 10, 3, 23, 0, 24, 13, 7, 19, 9, 20, 21, 11, 17, 4, 16, 14, 12, 22, 5, 1, 6, 15, 8, 2, 25
11, 6, 14, 24, 12, 9, 23, 8, 22, 2, 25, 4, 17, 7, 18, 15, 5, 21, 10, 16, 20, 13, 0, 3, 1, 19
21, 18, 23, 13, 19, 14, 2, 15, 5, 8, 3, 20, 25, 1, 12, 0, 24, 17, 11, 16, 10, 6, 4, 7, 22, 9
17, 10, 2, 19, 13, 22, 25, 5, 1, 20, 18, 0, 15, 14, 11, 12, 9, 3, 16, 21, 4, 7, 23, 24, 8, 6
11, 2, 1, 14, 0, 17, 13, 8, 10, 20, 22, 3, 25, 24, 21, 7, 16, 4, 6, 15, 23, 5, 18, 12, 9, 19
1, 10, 15, 13, 19, 16, 9, 23, 11, 18, 6, 7, 25, 12, 3, 2, 21, 24, 4, 8, 0, 22, 17, 14, 20, 5
5, 12, 3, 17, 11, 15, 2, 9, 23, 13, 20, 8, 18, 6, 0, 14, 16, 22, 24, 4, 1, 19, 10, 21, 25, 7
20, 1, 8, 24, 15, 25, 7, 17, 3, 23, 10, 2, 9, 12, 21, 18, 0, 14, 22, 5, 4, 16, 13, 11, 19, 6
25, 11, 13, 14, 6, 16, 22, 3, 17, 1, 20, 23, 2, 24, 21, 19, 9, 4, 7, 0, 12, 18, 15, 10, 5, 8
Pocket:
14, 9, 10, 0, 17, 8, 11, 7, 21, 5, 18, 12, 19, 25, 13, 16, 2, 6, 3, 20, 4, 1, 24, 15, 22, 23
2, 13, 15, 20, 10, 21, 19, 7, 14, 8, 23, 17, 1, 22, 6, 16, 0, 3, 24, 11, 25, 18, 4, 5, 12, 9
10, 15, 12, 1, 3, 19, 16, 4, 24, 13, 6, 7, 14, 9, 21, 23, 5, 20, 2, 18, 8, 25, 17, 22, 11, 0
16, 15, 7, 11, 17, 10, 14, 23, 1, 9, 19, 13, 4, 24, 3, 6, 21, 2, 25, 22, 12, 8, 18, 5, 20, 0
16, 3, 17, 4, 21, 0, 2, 11, 7, 18, 5, 9, 15, 22, 14, 1, 24, 13, 25, 8, 19, 12, 10, 23, 20, 6
9, 19, 11, 24, 23, 13, 8, 18, 2, 0, 6, 7, 12, 15, 20, 21, 14, 4, 17, 25, 10, 3, 22, 1, 16, 5
11, 25, 6, 12, 15, 8, 18, 3, 16, 2, 7, 5, 19, 10, 13, 20, 14, 1, 21, 4, 22, 17, 24, 23, 9, 0
7, 24, 2, 12, 11, 14, 17, 13, 22, 8, 23, 10, 1, 0, 21, 3, 9, 19, 6, 5, 16, 4, 20, 18, 15, 25
9, 0, 5, 14, 25, 16, 6, 11, 22, 2, 7, 17, 10, 18, 24, 19, 12, 1, 4, 8, 15, 23, 20, 21, 3, 13
24, 4, 17, 0, 1, 11, 9, 13, 19, 12, 21, 16, 20, 6, 8, 22, 14, 15, 23, 2, 18, 10, 25, 7, 3, 5
