Pocket:
13, 21, 7, 11, 0, 24, 25, 14, 9, 1, 3, 18, 19, 20, 23, 22, 6, 5, 16, 4, 15, 12, 8, 17, 10, 2
2, 25, 4, 20, 6, 21, 11, 10, 0, 23, 5, 16, 12, 14, 22, 9, 8, 7, 19, 18, 13, 3, 1, 15, 24, 17
16, 5, 17, 6, 12, 22, 8, 24, 4, 18, 25, 2, 13, 14, 10, 19, 9, 11, 3, 23, 15, 21, 20, 7, 1, 0
3, 17, 24, 8, 0, 12, 25, 14, 2, 13, 19, 1, 4, 22, 6, 10, 11, 15, 21, 20, 16, 5, 7, 9, 23, 18
1, 23, 0, 20, 15, 7, 6, 9, 25, 17, 16, 10, 19, 18, 13, 14, 5, 8, 21, 3, 11, 24, 4, 2, 22, 12
13, 16, 21, 6, 19, 0, 4, 2, 3, 24, 5, 20, 11, 15, 1, 18, 25, 17, 23, 12, 8, 14, 7, 22, 10, 9
10, 22, 3, 0, 18, 24, 7, 1, 16, 25, 15, 20, 9, 11, 8, 6, 14, 12, 21, 5, 19, 17, 23, 4, 2, 13
22, 21, 5, 9, 7, 17, 20, 14, 3, 15, 23, 13, 4, 11, 1, 12, 19, 2, 0, 25, 16, 10, 18, 24, 6, 8
18, 20, 7, 2, 21, 1, 14, 24, 9, 4, 0, 6, 16, 15, 19, 12, 3, 11, 10, 17, 5, 23, 25, 8, 13, 22
23, 17, 4, 0, 25, 24, 13, 20, 18, 3, 21, 7, 2, 16, 9, 10, 1, 12, 15, 8, 6, 19, 14, 5, 22, 11
Pocket:
11, 16, 6, 0, 2, 14, 1, 8, 25, 15, 13, 20, 9, 17, 24, 3, 4, 22, 19, 23, 12, 10, 18, 21, 5, 7
7, 25, 9, 23, 2, 1, 11, 12, 16, 6, 18, 22, 8, 14, 4, 15, 17, 0, 24, 10, 13, 19, 20, 21, 3, 5
7, 18, 19, 20, 0, 9, 8, 2, 12, 1, 13, 14, 24, 6, 22, 10, 5, 21, 16, 3, 23, 4, 25, 11, 17, 15
11, 12, 21, 9, 1, 10, 8, 5, 2, 14, 4, 13, 17, 15, 24, 25, 19, 16, 22, 20, 0, 6, 7, 18, 3, 23
3, 20, 4, 21, 10, 9, 6, 11, 0, 12, 14, 22, 7, 16, 2, 25, 23, 8, 18, 5, 13, 1, 15, 17, 19, 24
18, 2, 12, 17, 4, 25, 6, 9, 5, 20, 23, 15, 3, 21, 11, 8, 19, 7, 14, 24, 10, 16, 13, 22, 0, 1
23, 13, 20, 16, 21, 14, 6, 0, 18, 24, 1, 12, 22, 10, 11, 19, 5, 25, 2, 15, 8, 7, 17, 3, 4, 9
1, 25, 9, 12, 4, 2, 14, 3, 18, 11, 24, 21, 7, 8, 20, 6, 23, 19, 13, 22, 17, 5, 15, 0, 10, 16
0, 13, 25, 14, 6, 22, 10, 19, 24, 4, 2, 3, 20, 12, 23, 21, 18, 11, 8, 17, 5, 15, 16, 1, 9, 7
9, 19, 14, 3, 8, 24, 4, 5, 15, 13, 10, 11, 12, 18, 22, 17, 16, 1, 21, 7, 6, 2, 20, 0, 23, 25
Pocket:
25, 11, 22, 13, 4, 1, 16, 5, 18, 6, 14, 15, 8, 10, 21, 23, 0, 3, 9, 2, 7, 19, 12, 24, 20, 17
23, 6, 8, 17, 5, 3, 19, 13, 12, 25, 4, 1, 0, 24, 2, 14, 9, 10, 15, 22, 7, 16, 11, 21, 20, 18
18, 16, 24, 19, 23, 20, 10, 22, 4, 7, 13, 1, 17, 0, 6, 15, 2, 3, 25, 11, 5, 14, 12, 8, 21, 9
1, 20, 5, 19, 21, 12, 4, 16, 23, 6, 11, 22, 17, 8, 0, 9, 3, 14, 18, 10, 13, 15, 25, 24, 7, 2
4, 22, 12, 0, 2, 24, 25, 5, 23, 13, 17, 21, 6, 18, 10, 11, 9, 20, 14, 19, 15, 3, 7, 16, 1, 8
21, 7, 14, 22, 15, 1, 16, 4, 13, 8, 19, 6, 17, 25, 5, 24, 3, 18, 11, 12, 20, 2, 0, 23, 10, 9
2, 23, 1, 0, 19, 16, 10, 14, 20, 11, 25, 3, 6, 12, 4, 7, 18, 22, 9, 21, 5, 15, 13, 8, 17, 24
24, 1, 11, 5, 22, 14, 3, 20, 18, 12, 8, 16, 23, 17, 10, 13, 7, 19, 6, 21, 15, 2, 9, 0, 25, 4
15, 18, 21, 7, 25, 6, 11, 12, 16, 8, 10, 20, 2, 24, 5, 22, 14, 9, 4, 1, 3, 23, 13, 17, 19, 0
15, 17, 10, 12, 5, 7, 21, 9, 6, 24, 3, 22, 19, 2, 0, 8, 18, 1, 16, 25, 23, 11, 20, 13, 14, 4
Pocket:
20, 23, 21, 14, 19, 15, 25, 17, 22, 7, 6, 8, 2, 11, 0, 5, 4, 3, 18, 24, 13, 10, 12, 1, 16, 9
9, 21, 5, 13, 12, 8, 11, 3, 14, 10, 23, 25, 1, 2, 15, 20, 0, 6, 24, 18, 4, 17, 7, 22, 16, 19
1, 24, 12, 20, 13, 25, 15, 16, 14, 2, 11, 18, 19, 23, 0, 8, 5, 4, 21, 17, 7, 22, 10, 6, 9, 3
15, 18, 1, 7, 13, 25, 20, 6, 5, 3, 11, 2, 21, 23, 24, 22, 10, 12, 4, 17, 16, 14, 19, 0, 9, 8
6, 7, 5, 23, 13, 9, 12, 16, 0, 8, 15, 10, 4, 1, 21, 22, 14, 2, 20, 24, 3, 18, 19, 25, 11, 17
15, 14, 2, 19, 6, 23, 1, 17, 0, 22, 21, 11, 5, 3, 20, 18, 8, 16, 25, 24, 12, 10, 9, 7, 13, 4
18, 16, 17, 9, 25, 14, 24, 6, 1, 20, 10, 7, 23, 13, 19, 12, 3, 15, 4, 0, 5, 11, 21, 8, 22, 2
1, 4, 9, 6, 0, 3, 25, 23, 21, 11, 5, 13, 14, 10, 19, 24, 16, 12, 15, 7, 18, 17, 2, 20, 8, 22
11, 24, 9, 15, 21, 13, 18, 0, 7, 10, 3, 17, 4, 19, 5, 25, 23, 12, 16, 6, 20, 14, 1, 2, 8, 22
8, 23, 3, 10, 12, 22, 9, 15, 17, 18, 5, 21, 4, 7, 0, 16, 2, 25, 13, 1, 19, 14, 6, 20, 11, 24
Pocket:
21, 19, 16, 17, 12, 7, 20, 14, 8, 6, 3, 13, 9, 2, 23, 0, 25, 1, 24, 18, 10, 22, 4, 15, 5, 11
0, 18, 21, 10, 4, 8, 11, 12, 3, 5, 16, 2, 7, 15, 23, 17, 1, 20, 13, 24, 25, 19, 9, 6, 22, 14
18, 5, 12, 0, 13, 20, 1, 10, 22, 21, 9, 16, 4, 8, 14, 25, 2, 19, 15, 6, 23, 7, 17, 11, 24, 3
22, 23, 19, 15, 11, 3, 1, 10, 6, 4, 2, 25, 8, 18, 12, 21, 0, 24, 17, 16, 9, 13, 5, 7, 20, 14
24, 8, 19, 15, 25, 9, 17, 2, 0, 22, 6, 1, 3, 23, 11, 13, 20, 21, 18, 5, 12, 16, 14, 10, 4, 7
10, 1, 19, 15, 5, 11, 21, 14, 9, 24, 0, 4, 6, 23, 8, 3, 16, 25, 7, 2, 13, 20, 17, 12, 18, 22
24, 18, 14, 0, 22, 8, 9, 15, 7, 21, 20, 5, 23, 13, 25, 19, 1, 3, 17, 6, 16, 11, 12, 10, 4, 2
7, 5, 4, 23, 16, 20, 25, 9, 17, 2, 12, 0, 10, 8, 1, 19, 21, 6, 15, 18, 3, 14, 24, 11, 13, 22
5, 2, 9, 10, 20, 3, 18, 14, 13, 15, 22, 12, 23, 7, 4, 25, 6, 1, 21, 11, 8, 17, 16, 0, 24, 19
19, 13, 20, 10, 14, 15, 18, 11, 7, 5, 12, 23, 16, 3, 25, 4, 2, 8, 0, 1, 22, 21, 24, 6, 17, 9
Pocket:
17, 13, 2, 1, 12, 4, 22, 24, 16, 0, 20, 19, 23, 5, 25, 10, 7, 11, 8, 18, 14, 9, 6, 21, 3, 15
4, 5, 9, 8, 3, 22, 23, 12, 14, 2, 6, 11, 13, 15, 17, 10, 24, 19, 1, 21, 0, 18, 7, 16, 20, 25
11, 4, 20, 15, 17, 12, 5, 14, 3, 16, 8, 18, 7, 2, 1, 22, 21, 13, 6, 25, 19, 24, 9, 0, 10, 23
18, 5, 10, 11, 22, 8, 4, 21, 7, 3, 16, 12, 19, 17, 14, 25, 13, 0, 20, 9, 1, 24, 23, 2, 15, 6
19, 4, 22, 17, 24, 14, 0, 13, 2, 8, 16, 1, 6, 10, 12, 20, 11, 3, 15, 25, 23, 18, 5, 9, 7, 21
8, 6, 18, 7, 3, 13, 0, 21, 16, 15, 10, 11, 23, 1, 12, 25, 17, 19, 2, 22, 4, 20, 14, 5, 9, 24
6, 0, 18, 7, 25, 23, 14, 3, 20, 17, 1, 13, 4, 24, 9, 16, 21, 15, 5, 2, 12, 10, 11, 19, 8, 22
24, 2, 20, 8, 17, 12, 9, 18, 16, 14, 7, 5, 0, 22, 6, 13, 10, 4, 11, 23, 25, 3, 15, 21, 19, 1
17, 7, 15, 8, 25, 6, 9, 13, 10, 14, 11, 23, 24, 1, 2, 21, 5, 18, 16, 0, 3, 12, 19, 22, 4, 20
8, 7, 22, 6, 21, 23, 14, 5, 15, 24, 9, 17, 19, 20, 11, 16, 18, 25, 3, 0, 12, 13, 1, 4, 10, 2
Pocket:
24, 10, 0, 20, 3, 23, 16, 7, 12, 22, 13, 25, 15, 9, 14, 17, 6, 2, 11, 21, 4, 1, 19, 5, 18, 8
7, 4, 2, 19, 25, 15, 22, 16, 14, 17, 3, 12, 18, 23, 20, 21, 10, 24, 8, 11, 13, 9, 6, 5, 1, 0
10, 21, 3, 19, 7, 18, 5, 6, 12, 22, 17, 13, 23, 0, 2, 11, 24, 25, 15, 4, 20, 14, 9, 8, 1, 16
25, 5, 20, 3, 23, 16, 12, 18, 19, 6, 15, 7, 14, 10, 13, 8, 2, 11, 0, 9, 21, 24, 4, 1, 17, 22
14, 8, 9, 0, 4, 7, 6, 21, 1, 18, 2, 3, 13, 17, 12, 19, 20, 22, 23, 5, 10, 15, 11, 24, 25, 16
3, 17, 22, 21, 2, 25, 7, 0, 16, 23, 11, 5, 9, 10, 1, 13, 8, 20, 12, 4, 14, 19, 24, 6, 15, 18
12, 15, 13, 9, 10, 14, 23, 21, 8, 11, 19, 17, 24, 5, 4, 16, 20, 2, 3, 1, 18, 7, 0, 6, 25, 22
12, 24, 25, 7, 4, 1, 0, 22, 20, 3, 17, 18, 6, 8, 13, 2, 9, 23, 19, 10, 11, 15, 14, 16, 21, 5
5, 9, 15, 1, 10, 24, 8, 21, 7, 2, 3, 0, 13, 22, 11, 20, 12, 19, 6, 17, 4, 18, 16, 14, 25, 23
11, 5, 1, 25, 4, 7, 16, 8, 10, 19, 22, 2, 6, 0, 9, 24, 12, 21, 13, 17, 3, 15, 18, 23, 20, 14
Pocket:
11, 18, 17, 15, 1, 6, 0, 12, 25, 14, 16, 5, 22, 20, 10, 9, 21, 8, 24, 23, 3, 7, 19, 2, 4, 13
17, 19, 23, 22, 5, 20, 21, 6, 12, 1, 25, 10, 7, 8, 24, 4, 14, 0, 16, 3, 11, 15, 13, 2, 9, 18
15, 23, 8, 9, 1, 25, 18, 14, 20, 5, 11, 22, 17, 19, 2, 4, 21, 24, 6, 10, 16, 12, 13, 7, 0, 3
10, 8, 14, 25, 18, 17, 22, 19, 21, 13, 16, 0, 23, 15, 11, 9, 1, 3, 20, 2, 6, 24, 7, 4, 5, 12
23, 6, 16, 14, 11, 5, 12, 9, 3, 0, 25, 17, 2, 8, 10, 22, 24, 4, 21, 20, 7, 1, 15, 13, 19, 18
14, 17, 12, 8, 1, 4, 6, 10, 0, 7, 20, 25, 13, 11, 5, 3, 23, 21, 16, 15, 22, 2, 18, 24, 9, 19
19, 5, 20, 6, 25, 12, 16, 21, 7, 4, 9, 23, 10, 14, 24, 8, 0, 18, 15, 1, 13, 2, 17, 22, 3, 11
12, 22, 1, 0, 2, 21, 17, 16, 24, 23, 6, 25, 9, 5, 18, 15, 7, 8, 13, 11, 19, 14, 10, 3, 4, 20
21, 11, 7, 20, 13, 12, 23, 25, 24, 10, 3, 22, 1, 18, 4, 6, 2, 16, 14, 9, 0, 15, 19, 5, 17, 8
14, 25, 3, 17, 15, 12, 24, 6, 4, 13, 11, 16, 7, 9, 8, 18, 1, 22, 23, 0, 10, 19, 2, 20, 5, 21
Pocket:
2, 20, 7, 19, 8, 6, 13, 1, 9, 4, 18, 15, 5, 21, 24, 0, 14, 23, 16, 11, 10, 17, 3, 22, 12, 25
8, 22, 15, 21, 1, 10, 9, 13, 3, 4, 18, 7, 14, 16, 5, 23, 19, 0, 24, 17, 12, 2, 6, 25, 11, 20
24, 25, 1, 11, 4, 15, 3, 5, 16, 7, 17, 14, 18, 12, 23, 21, 0, 8, 22, 19, 13, 10, 9, 2, 6, 20
3, 6, 22, 14, 10, 7, 20, 8, 18, 5, 23, 12, 4, 15, 0, 25, 19, 2, 17, 1, 13, 16, 11, 21, 9, 24
17, 8, 4, 25, 23, 14, 13, 5, 18, 9, 15, 1, 12, 21, 24, 0, 16, 19, 7, 11, 22, 20, 2, 6, 10, 3
21, 5, 6, 22, 16, 17, 23, 19, 14, 7, 18, 8, 2, 12, 0, 1, 13, 15, 24, 11, 3, 25, 4, 20, 9, 10
0, 14, 17, 11, 9, 18, 4, 1, 6, 19, 5, 20, 15, 10, 24, 21, 22, 16, 13, 25, 12, 3, 23, 8, 7, 2
1, 3, 2, 15, 22, 18, 8, 14, 11, 0, 21, 7, 6, 20, 19, 16, 25, 13, 5, 4, 23, 17, 9, 10, 12, 24
11, 7, 8, 2, 22, 15, 13, 12, 17, 1, 14, 19, 20, 23, 18, 4, 0, 6, 9, 25, 5, 10, 16, 24, 3, 21
18, 11, 4, 7, 13, 15, 16, 12, 19, 2, 8, 20, 1, 6, 22, 14, 0, 3, 21, 9, 10, 17, 24, 25, 5, 23
Pocket:
9, 1, 23, 14, 8, 2, 5, 15, 25, 16, 19, 24, 21, 13, 22, 0, 18, 11, 10, 4, 17, 3, 20, 12, 7, 6
17, 24, 6, 14, 5, 0, 21, 9, 10, 3, 25, 7, 13, 19, 1, 22, 8, 23, 20, 16, 12, 4, 18, 11, 15, 2
21, 3, 23, 17, 5, 7, 25, 18, 0, 13, 6, 19, 10, 9, 22, 1, 2, 24, 4, 12, 14, 15, 11, 8, 16, 20
16, 15, 17, 4, 12, 5, 25, 19, 10, 7, 3, 22, 23, 1, 11, 14, 2, 8, 24, 21, 0, 9, 13, 18, 20, 6
24, 11, 2, 3, 5, 20, 16, 7, 13, 12, 18, 14, 0, 19, 17, 4, 1, 23, 8, 25, 15, 22, 6, 21, 10, 9
9, 13, 1, 11, 19, 18, 16, 15, 10, 2, 0, 4, 3, 25, 21, 14, 6, 17, 8, 7, 5, 22, 23, 20, 12, 24
2, 0, 10, 6, 5, 8, 11, 23, 22, 7, 4, 21, 19, 17, 24, 9, 16, 15, 14, 13, 1, 12, 20, 25, 3, 18
19, 16, 20, 11, 7, 0, 22, 12, 15, 10, 14, 3, 13, 21, 5, 2, 18, 24, 17, 6, 23, 4, 8, 25, 9, 1
21, 11, 12, 22, 19, 10, 14, 8, 2, 16, 3, 5, 18, 13, 23, 15, 25, 1, 20, 4, 7, 24, 9, 0, 6, 17
18, 1, 20, 16, 10, 24, 0, 13, 7, 9, 6, 23, 3, 4, 11, 17, 2, 21, 14, 19, 22, 25, 5, 15, 8, 12
Pocket:
21, 18, 15, 20, 13, 23, 7, 4, 22, 8, 9, 24, 16, 17, 11, 12, 14, 6, 3, 1, 10, 2, 5, 19, 25, 0
6, 20, 11, 12, 19, 17, 24, 14, 13, 15, 10, 3, 1, 16, 18, 7, 2, 23, 25, 0, 22, 4, 5, 8, 9, 21
8, 13, 3, 2, 15, 21, 19, 5, 11, 20, 24, 16, 9, 1, 17, 0, 25, 7, 18, 10, 6, 23, 12, 22, 4, 14
12, 17, 8, 25, 14, 2, 22, 1, 5, 24, 6, 18, 4, 21, 16, 11, 3, 20, 7, 15, 19, 0, 13, 10, 23, 9
12, 1, 4, 14, 6, 11, 20, 15, 8, 7, 16, 9, 23, 0, 3, 21, 24, 13, 25, 18, 10, 5, 22, 17, 19, 2
18, 2, 24, 5, 15, 22, 19, 11, 9, 12, 17, 7, 13, 6, 0, 4, 8, 10, 25, 20, 1, 23, 14, 21, 3, 16
11, 6, 5, 17, 8, 19, 2, 15, 1, 16, 14, 21, 0, 7, 23, 18, 20, 4, 9, 12, 10, 24, 3, 25, 13, 22
6, 7, 3, 16, 23, 15, 24, 18, 13, 4, 25, 17, 10, 0, 5, 14, 1, 9, 21, 20, 11, 22, 2, 8, 19, 12
0, 24, 13, 3, 22, 10, 20, 25, 15, 19, 6, 12, 1, 8, 23, 17, 16, 4, 11, 21, 14, 18, 7, 9, 5, 2
8, 7, 2, 9, 25, 4, 11, 21, 12, 3, 19, 22, 14, 17, 1, 10, 18, 15, 20, 23, 5, 0, 13, 24, 6, 16
Pocket:
3, 6, 22, 7, 0, 8, 14, 24, 5, 20, 19, 21, 17, 10, 25, 18, 13, 11, 4, 1, 2, 16, 15, 23, 9, 12
7, 23, 10, 14, 13, 17, 15, 19, 4, 24, 9, 22, 16, 1, 3, 25, 11, 18, 6, 21, 20, 12, 2, 0, 5, 8
13, 2, 8, 11, 22, 20, 10, 3, 25, 19, 23, 15, 1, 12, 6, 24, 0, 4, 17, 9, 5, 14, 18, 16, 21, 7
19, 17, 3, 10, 22, 11, 2, 8, 1, 24, 13, 14, 16, 21, 23, 5, 0, 18, 12, 25, 20, 15, 6, 7, 9, 4
1, 18, 13, 5, 14, 4, 0, 19, 6, 23, 3, 25, 9, 22, 16, 11, 12, 24, 17, 10, 20, 8, 2, 15, 7, 21
7, 16, 21, 5, 8, 14, 3, 11, 13, 12, 0, 9, 20, 4, 19, 18, 6, 23, 24, 15, 17, 22, 25, 2, 1, 10
16, 24, 18, 13, 20, 11, 14, 1, 21, 17, 0, 10, 15, 22, 23, 9, 2, 12, 4, 7, 6, 25, 3, 5, 19, 8
5, 15, 13, 10, 7, 21, 4, 8, 18, 3, 11, 2, 22, 17, 20, 12, 0, 24, 16, 19, 6, 14, 9, 1, 23, 25
13, 22, 17, 16, 7, 15, 19, 1, 2, 8, 10, 4, 3, 20, 5, 0, 25, 9, 11, 18, 24, 12, 6, 21, 23, 14
17, 18, 10, 14, 0, 20, 2, 8, 1, 6, 21, 5, 12, 11, 13, 19, 23, 24, 25, 16, 15, 4, 7, 3, 22, 9
Pocket:
25, 22, 21, 20, 8, 2, 4, 17, 13, 16, 23, 24, 9, 19, 15, 11, 10, 18, 6, 12, 5, 0, 1, 7, 3, 14
4, 12, 17, 25, 13, 18, 15, 23, 7, 2, 24, 21, 20, 5, 16, 6, 22, 14, 10, 1, 0, 9, 3, 11, 8, 19
24, 8, 5, 4, 6, 7, 15, 2, 3, 21, 18, 12, 11, 9, 23, 19, 10, 1, 0, 17, 14, 16, 25, 13, 22, 20
6, 9, 0, 15, 1, 16, 10, 12, 24, 22, 7, 8, 25, 13, 11, 19, 5, 18, 17, 20, 23, 14, 2, 21, 4, 3
17, 20, 22, 1, 3, 25, 8, 4, 12, 10, 7, 24, 6, 9, 23, 19, 13, 15, 11, 2, 18, 0, 21, 16, 14, 5
5, 16, 21, 13, 12, 2, 15, 6, 10, 4, 11, 7, 20, 24, 25, 3, 23, 0, 1, 18, 8, 9, 17, 22, 14, 19
4, 14, 22, 5, 24, 2, 19, 18, 11, 21, 7, 23, 12, 0, 15, 10, 3, 9, 16, 1, 17, 6, 25, 13, 8, 20
19, 3, 18, 12, 11, 6, 1, 5, 21, 10, 2, 24, 23, 0, 22, 16, 20, 13, 7, 15, 4, 9, 8, 25, 14, 17
22, 15, 23, 17, 6, 18, 1, 21, 14, 16, 2, 5, 4, 19, 7, 3, 10, 20, 12, 9, 24, 25, 8, 0, 11, 13
21, 13, 25, 6, 9, 7, 12, 8, 4, 23, 1, 10, 19, 3, 0, 2, 17, 5, 20, 24, 11, 16, 15, 22, 14, 18