Pocket:
1, 19, 9, 7, 0, 24, 3, 11, 21, 6, 15, 14, 13, 25, 5, 10, 16, 12, 18, 17, 8, 2, 20, 23, 22, 4
6, 2, 15, 1, 3, 13, 25, 10, 24, 14, 22, 12, 23, 0, 5, 20, 18, 17, 11, 19, 9, 4, 21, 8, 16, 7
16, 12, 6, 19, 4, 1, 24, 9, 8, 20, 2, 15, 23, 22, 21, 17, 13, 18, 25, 14, 10, 5, 7, 3, 11, 0
10, 9, 23, 0, 2, 6, 11, 12, 21, 16, 22, 14, 4, 3, 19, 18, 13, 24, 1, 25, 17, 20, 15, 7, 8, 5
9, 0, 25, 13, 12, 1, 14, 18, 11, 5, 2, 17, 20, 19, 23, 3, 22, 4, 10, 7, 15, 24, 16, 6, 21, 8
24, 4, 9, 1, 18, 25, 23, 12, 16, 17, 20, 22, 11, 19, 5, 2, 15, 0, 6, 14, 21, 8, 10, 13, 7, 3
6, 17, 5, 24, 4, 3, 11, 20, 15, 13, 14, 23, 2, 22, 0, 18, 19, 10, 1, 16, 7, 12, 21, 9, 25, 8
11, 13, 1, 24, 0, 21, 15, 20, 23, 14, 17, 19, 7, 8, 2, 25, 5, 18, 4, 16, 3, 10, 9, 22, 6, 12
16, 11, 22, 17, 3, 12, 2, 20, 18, 13, 24, 0, 9, 1, 6, 8, 7, 25, 19, 21, 14, 4, 5, 23, 10, 15
20, 18, 14, 4, 5, 23, 24, 15, 19, 25, 11, 2, 0, 22, 10, 8, 21, 12, 7, 13, 17, 16, 9, 1, 6, 3
Pocket:
0, 4, 15, 5, 22, 17, 6, 16, 24, 2, 1, 18, 14, 21, 25, 9, 19, 20, 10, 3, 8, 7, 13, 12, 23, 11
0, 19, 4, 1, 11, 10, 9, 21, 13, 20, 7, 18, 6, 25, 3, 2, 23, 17, 22, 8, 24, 16, 15, 12, 5, 14
21, 11, 15, 19, 9, 20, 10, 22, 3, 13, 4, 12, 6, 8, 7, 1, 2, 16, 17, 0, 5, 24, 18, 14, 23, 25
5, 13, 11, 1, 7, 19, 0, 14, 8, 2, 21, 20, 15, 23, 24, 25, 3, 12, 18, 9, 22, 10, 16, 4, 6, 17
14, 18, 19, 5, 4, 9, 2, 24, 16, 6, 12, 10, 25, 21, 22, 23, 20, 7, 1, 3, 0, 11, 13, 15, 8, 17
14, 22, 18, 2, 0, 23, 1, 4, 24, 15, 25, 5, 16, 17, 3, 21, 13, 11, 6, 12, 7, 8, 9, 19, 20, 10
25, 18, 11, 24, 3, 5, 14, 17, 7, 0, 22, 1, 20, 4, 2, 12, 21, 23, 10, 6, 8, 19, 15, 9, 13, 16
19, 5, 17, 7, 20, 18, 11, 2, 15, 13, 23, 6, 12, 3, 10, 1, 0, 14, 16, 9, 22, 24, 4, 21, 25, 8
13, 7, 19, 1, 18, 24, 20, 11, 5, 22, 17, 3, 25, 10, 12, 4, 6, 0, 14, 8, 9, 16, 21, 2, 23, 15
12, 23, 18, 4, 5, 25, 20, 21, 19, 8, 22, 16, 15, 24, 1, 10, 3, 14, 0, 13, 11, 2, 7, 17, 6, 9
Pocket:
19, 24, 6, 3, 18, 25, 20, 7, 22, 12, 4, 14, 9, 5, 21, 11, 10, 23, 2, 1, 8, 17, 13, 15, 0, 16
1, 20, 5, 9, 19, 13, 18, 16, 7, 14, 6, 0, 4, 11, 24, 17, 3, 10, 15, 22, 2, 12, 23, 8, 21, 25
1, 4, 18, 25, 23, 11, 6, 2, 3, 12, 24, 9, 5, 16, 10, 17, 22, 7, 21, 15, 20, 19, 8, 0, 13, 14
15, 20, 17, 14, 12, 24, 25, 10, 22, 4, 21, 6, 7, 2, 3, 0, 19, 1, 9, 23, 8, 13, 16, 11, 5, 18
21, 14, 18, 16, 3, 25, 7, 2, 9, 1, 0, 24, 10, 11, 12, 15, 8, 5, 13, 17, 22, 6, 23, 4, 19, 20
11, 19, 1, 0, 2, 21, 23, 18, 5, 8, 13, 20, 3, 9, 16, 12, 17, 14, 4, 15, 7, 6, 10, 22, 25, 24
11, 9, 16, 15, 3, 13, 5, 25, 8, 20, 1, 0, 18, 14, 19, 17, 4, 24, 21, 10, 2, 6, 22, 7, 12, 23
24, 22, 10, 16, 13, 21, 4, 2, 8, 14, 11, 3, 23, 12, 25, 5, 7, 20, 9, 18, 19, 17, 1, 6, 15, 0
25, 9, 24, 8, 12, 10, 3, 15, 4, 13, 20, 14, 21, 17, 0, 16, 7, 22, 11, 2, 19, 6, 1, 5, 23, 18
2, 23, 24, 20, 14, 0, 12, 17, 4, 9, 10, 18, 19, 3, 15, 22, 11, 13, 5, 25, 6, 8, 16, 21, 1, 7
Pocket:
15, 17, 16, 8, 2, 21, 11, 25, 6, 22, 5, 10, 0, 24, 4, 13, 3, 1, 7, 19, 20, 14, 23, 18, 9, 12
19, 24, 4, 21, 5, 15, 14, 3, 18, 17, 7, 0, 9, 2, 25, 22, 20, 8, 12, 1, 23, 11, 16, 6, 10, 13
9, 21, 11, 15, 3, 0, 24, 20, 6, 16, 12, 1, 14, 13, 5, 17, 2, 10, 8, 19, 22, 4, 23, 25, 18, 7
9, 13, 7, 0, 17, 25, 10, 15, 16, 11, 19, 3, 24, 23, 8, 20, 2, 12, 6, 1, 18, 14, 22, 4, 5, 21
19, 7, 8, 2, 5, 21, 12, 24, 10, 23, 14, 18, 15, 25, 6, 4, 1, 13, 16, 17, 9, 3, 11, 0, 22, 20
2, 12, 16, 22, 10, 14, 5, 20, 18, 21, 19, 0, 1, 17, 9, 24, 6, 4, 15, 25, 8, 13, 23, 7, 11, 3
17, 8, 4, 0, 19, 24, 7, 21, 13, 12, 18, 22, 3, 1, 23, 2, 16, 15, 11, 9, 5, 10, 20, 25, 6, 14
10, 16, 1, 20, 6, 18, 21, 12, 5, 17, 13, 7, 11, 15, 25, 2, 19, 22, 9, 4, 24, 23, 0, 14, 3, 8
22, 2, 17, 8, 15, 11, 10, 0, 6, 19, 12, 4, 9, 21, 20, 24, 25, 14, 23, 1, 5, 7, 3, 16, 13, 18
15, 11, 18, 2, 3, 14, 12, 20, 6, 5, 17, 25, 23, 4, 1, 24, 10, 19, 21, 7, 22, 16, 13, 0, 9, 8
Pocket:
12, 7, 19, 24, 3, 4, 18, 13, 0, 8, 15, 17, 5, 2, 21, 16, 14, 9, 1, 6, 23, 20, 22, 10, 11, 25
22, 0, 21, 14, 12, 2, 10, 11, 16, 18, 20, 23, 5, 13, 15, 1, 7, 8, 25, 24, 17, 3, 9, 19, 6, 4
25, 1, 18, 17, 11, 12, 7, 8, 0, 19, 10, 21, 23, 22, 9, 3, 5, 20, 16, 2, 24, 6, 4, 14, 15, 13
13, 1, 25, 7, 17, 9, 21, 5, 16, 11, 4, 10, 20, 2, 23, 12, 8, 24, 14, 3, 15, 22, 19, 0, 18, 6
10, 19, 8, 24, 5, 23, 7, 16, 4, 17, 20, 12, 2, 18, 1, 21, 22, 9, 25, 13, 14, 15, 11, 3, 6, 0
1, 20, 16, 23, 15, 24, 14, 4, 8, 25, 3, 11, 19, 6, 12, 21, 9, 22, 5, 18, 17, 10, 13, 0, 2, 7
5, 3, 16, 1, 6, 14, 21, 24, 25, 20, 15, 10, 7, 12, 9, 23, 8, 4, 19, 11, 18, 0, 13, 22, 17, 2
4, 13, 3, 21, 7, 9, 1, 24, 22, 12, 6, 11, 10, 17, 0, 20, 19, 23, 16, 8, 5, 2, 15, 14, 18, 25
1, 22, 4, 7, 25, 16, 24, 12, 11, 2, 15, 5, 17, 3, 14, 23, 20, 21, 9, 6, 19, 10, 13, 0, 8, 18
22, 5, 4, 7, 20, 3, 25, 1, 0, 14, 19, 17, 18, 2, 11, 15, 8, 16, 23, 6, 10, 21, 9, 12, 13, 24
Pocket:
6, 13, 11, 20, 14, 0, 19, 21, 4, 15, 23, 1, 2, 9, 25, 17, 5, 3, 10, 24, 12, 7, 8, 16, 18, 22
17, 5, 10, 0, 14, 4, 19, 18, 24, 20, 23, 9, 1, 25, 15, 2, 13, 7, 11, 8, 12, 21, 16, 6, 3, 22
5, 2, 13, 20, 25, 15, 24, 19, 23, 11, 9, 1, 22, 0, 8, 16, 17, 21, 10, 12, 14, 4, 18, 7, 3, 6
22, 16, 20, 8, 12, 11, 2, 0, 10, 23, 18, 9, 5, 7, 3, 14, 25, 13, 21, 1, 17, 15, 6, 4, 24, 19
8, 18, 14, 15, 12, 19, 6, 21, 1, 25, 24, 23, 22, 20, 11, 7, 5, 2, 0, 16, 4, 10, 3, 13, 9, 17
5, 20, 12, 17, 0, 13, 1, 2, 6, 25, 16, 23, 8, 3, 21, 15, 18, 10, 11, 4, 19, 7, 22, 24, 14, 9
6, 22, 1, 23, 2, 18, 3, 19, 12, 25, 21, 7, 15, 10, 13, 8, 17, 5, 4, 16, 24, 20, 11, 9, 0, 14
3, 4, 17, 9, 16, 19, 7, 2, 15, 8, 1, 14, 23, 12, 5, 20, 13, 6, 25, 0, 24, 10, 22, 21, 11, 18
16, 13, 4, 25, 2, 15, 3, 17, 19, 23, 20, 14, 7, 9, 8, 0, 6, 22, 12, 10, 5, 1, 21, 24, 18, 11
6, 16, 24, 22, 10, 21, 19, 2, 12, 15, 20, 5, 17, 11, 1, 3, 23, 8, 7, 13, 18, 14, 0, 25, 4, 9
Pocket:
13, 4, 0, 21, 7, 20, 24, 25, 2, 6, 3, 11, 23, 1, 18, 16, 15, 22, 9, 12, 17, 5, 14, 19, 10, 8
14, 13, 3, 19, 2, 10, 12, 1, 8, 20, 16, 21, 25, 5, 0, 6, 9, 23, 11, 7, 4, 17, 18, 24, 15, 22
18, 8, 22, 1, 20, 5, 24, 15, 9, 4, 14, 7, 0, 12, 11, 23, 25, 10, 16, 2, 3, 13, 21, 6, 19, 17
14, 5, 3, 13, 16, 23, 17, 11, 19, 9, 0, 15, 10, 12, 1, 22, 20, 18, 24, 2, 4, 25, 6, 8, 7, 21
19, 11, 21, 10, 18, 20, 0, 25, 22, 12, 6, 15, 24, 17, 2, 1, 3, 5, 14, 13, 4, 7, 16, 23, 8, 9
22, 9, 23, 10, 6, 20, 1, 0, 13, 11, 4, 16, 3, 7, 21, 8, 18, 15, 24, 19, 17, 25, 12, 14, 5, 2
21, 18, 5, 19, 10, 8, 23, 24, 2, 0, 14, 7, 9, 15, 12, 20, 4, 25, 16, 22, 1, 17, 6, 3, 13, 11
12, 4, 19, 21, 20, 22, 16, 5, 8, 2, 18, 25, 24, 23, 1, 3, 17, 7, 15, 6, 0, 13, 14, 11, 10, 9
16, 23, 20, 9, 4, 18, 7, 2, 10, 21, 0, 5, 1, 22, 25, 6, 24, 8, 3, 11, 14, 15, 19, 17, 13, 12
17, 21, 20, 23, 1, 7, 12, 22, 0, 5, 16, 14, 3, 10, 9, 6, 18, 25, 4, 19, 13, 11, 8, 2, 15, 24
Pocket:
14, 0, 25, 2, 23, 15, 5, 13, 6, 16, 1, 24, 17, 7, 18, 19, 9, 20, 11, 21, 3, 10, 8, 12, 4, 22
25, 0, 20, 13, 2, 9, 23, 6, 22, 5, 4, 24, 14, 7, 12, 16, 8, 19, 10, 11, 18, 15, 17, 3, 21, 1
2, 4, 0, 6, 12, 18, 5, 21, 20, 10, 22, 19, 16, 1, 3, 11, 7, 9, 14, 13, 25, 15, 17, 8, 23, 24
1, 7, 23, 6, 15, 0, 19, 5, 16, 10, 13, 2, 24, 21, 20, 25, 3, 8, 17, 4, 12, 22, 9, 11, 18, 14
1, 17, 16, 2, 22, 14, 24, 4, 6, 19, 5, 8, 0, 25, 10, 9, 11, 15, 7, 12, 3, 20, 23, 18, 13, 21
23, 15, 24, 22, 0, 25, 10, 12, 18, 21, 19, 17, 16, 1, 3, 11, 8, 14, 13, 5, 9, 7, 2, 6, 20, 4
19, 14, 21, 10, 20, 15, 25, 3, 0, 5, 9, 24, 16, 4, 11, 12, 22, 6, 1, 18, 8, 13, 2, 17, 23, 7
14, 23, 9, 12, 13, 17, 11, 22, 0, 10, 8, 21, 3, 4, 19, 18, 5, 7, 16, 25, 2, 20, 24, 15, 1, 6
16, 20, 23, 24, 11, 3, 0, 2, 1, 4, 8, 14, 12, 5, 22, 13, 9, 15, 18, 21, 25, 10, 17, 7, 19, 6
4, 22, 13, 6, 11, 3, 24, 2, 12, 9, 14, 19, 7, 16, 17, 0, 1, 10, 15, 18, 5, 8, 21, 25, 20, 23
Pocket:
1, 3, 16, 7, 22, 24, 23, 14, 17, 9, 12, 0, 6, 10, 25, 8, 15, 5, 2, 21, 19, 18, 20, 13, 4, 11
6, 18, 1, 4, 19, 22, 8, 14, 20, 3, 23, 15, 12, 10, 16, 11, 0, 21, 7, 2, 13, 5, 17, 25, 24, 9
4, 11, 21, 5, 7, 12, 14, 24, 3, 2, 6, 22, 10, 23, 1, 18, 15, 25, 20, 19, 13, 17, 16, 0, 8, 9
13, 18, 9, 11, 3, 8, 22, 17, 19, 23, 4, 6, 15, 12, 21, 25, 20, 14, 2, 10, 1, 16, 0, 24, 5, 7
0, 10, 19, 15, 23, 3, 13, 2, 4, 7, 21, 8, 18, 24, 11, 14, 25, 9, 20, 17, 1, 12, 16, 5, 22, 6
25, 24, 5, 4, 1, 2, 10, 20, 18, 14, 11, 9, 17, 6, 15, 22, 12, 19, 13, 0, 21, 23, 8, 3, 16, 7
5, 0, 19, 7, 23, 14, 1, 12, 13, 6, 2, 8, 9, 22, 24, 10, 4, 16, 11, 3, 15, 20, 21, 17, 25, 18
5, 9, 13, 25, 4, 15, 24, 18, 8, 12, 10, 2, 1, 22, 20, 17, 0, 19, 14, 16, 23, 11, 3, 6, 7, 21
21, 7, 14, 2, 18, 24, 3, 8, 12, 16, 5, 13, 15, 20, 4, 22, 11, 17, 25, 9, 19, 23, 6, 1, 10, 0
17, 19, 13, 4, 10, 3, 22, 15, 25, 9, 5, 12, 7, 0, 18, 1, 8, 2, 14, 16, 11, 20, 24, 6, 21, 23
Pocket:
20, 1, 16, 3, 19, 10, 7, 0, 6, 2, 4, 15, 8, 13, 9, 14, 5, 24, 17, 25, 21, 23, 18, 22, 11, 12
8, 22, 6, 21, 17, 23, 0, 16, 20, 4, 11, 1, 24, 15, 25, 7, 19, 12, 13, 18, 2, 10, 14, 9, 3, 5
8, 20, 19, 13, 7, 14, 10, 1, 9, 6, 5, 2, 3, 17, 18, 23, 16, 25, 0, 15, 4, 22, 12, 21, 24, 11
11, 12, 25, 17, 4, 13, 21, 5, 23, 2, 3, 9, 0, 8, 18, 20, 16, 15, 14, 19, 10, 24, 7, 6, 22, 1
9, 13, 5, 8, 11, 16, 12, 17, 6, 15, 10, 7, 19, 0, 14, 23, 4, 24, 21, 25, 2, 18, 1, 20, 3, 22
25, 2, 15, 21, 19, 7, 22, 14, 3, 12, 9, 6, 24, 4, 20, 23, 18, 5, 10, 13, 11, 1, 8, 17, 0, 16
10, 8, 12, 6, 20, 23, 1, 16, 5, 21, 7, 25, 17, 14, 2, 13, 22, 9, 4, 11, 15, 3, 0, 18, 19, 24
10, 3, 2, 16, 13, 17, 9, 0, 5, 4, 1, 23, 12, 19, 22, 25, 18, 21, 8, 6, 20, 14, 11, 7, 24, 15
24, 9, 22, 14, 19, 13, 18, 12, 0, 10, 1, 23, 2, 3, 6, 8, 20, 7, 16, 5, 21, 15, 11, 4, 17, 25
15, 14, 11, 20, 9, 3, 13, 4, 21, 12, 1, 25, 0, 24, 10, 17, 19, 5, 23, 16, 8, 22, 18, 7, 2, 6
Pocket:
18, 0, 3, 17, 13, 24, 21, 9, 22, 8, 11, 5, 2, 1, 14, 25, 20, 16, 19, 15, 6, 7, 12, 4, 23, 10
24, 0, 15, 2, 25, 10, 3, 18, 9, 16, 21, 14, 1, 6, 22, 5, 13, 23, 12, 20, 8, 11, 4, 17, 7, 19
5, 7, 18, 14, 20, 25, 1, 16, 24, 2, 22, 9, 13, 6, 12, 10, 17, 21, 15, 23, 8, 11, 3, 4, 19, 0
4, 3, 21, 7, 19, 5, 8, 24, 12, 18, 16, 2, 9, 6, 22, 13, 23, 1, 25, 20, 11, 17, 10, 15, 14, 0
20, 1, 6, 24, 11, 7, 0, 16, 3, 19, 21, 23, 9, 13, 5, 2, 14, 15, 25, 12, 22, 17, 4, 8, 18, 10
17, 18, 7, 25, 16, 4, 6, 13, 8, 22, 1, 24, 21, 2, 0, 23, 5, 9, 3, 19, 15, 14, 10, 12, 20, 11
23, 3, 10, 11, 0, 6, 24, 5, 9, 22, 17, 21, 15, 7, 1, 8, 16, 4, 25, 20, 2, 12, 13, 19, 18, 14
7, 0, 21, 9, 20, 11, 25, 16, 12, 8, 23, 19, 10, 24, 14, 15, 18, 13, 17, 4, 2, 3, 1, 6, 22, 5
6, 19, 1, 8, 11, 20, 25, 4, 22, 5, 21, 12, 17, 23, 24, 18, 10, 9, 7, 15, 14, 16, 2, 0, 3, 13
18, 8, 24, 15, 14, 13, 3, 6, 16, 12, 20, 10, 9, 7, 11, 21, 19, 0, 25, 5, 4, 22, 23, 1, 2, 17
Pocket:
20, 0, 23, 4, 16, 5, 14, 17, 19, 15, 10, 2, 9, 6, 13, 22, 11, 21, 25, 12, 18, 8, 24, 1, 3, 7
16, 20, 5, 23, 3, 18, 22, 12, 24, 25, 9, 17, 10, 11, 15, 0, 13, 2, 7, 8, 4, 1, 6, 14, 21, 19
25, 22, 24, 21, 11, 9, 7, 17, 4, 1, 20, 13, 10, 16, 0, 3, 8, 14, 2, 6, 19, 18, 15, 23, 12, 5
21, 17, 25, 22, 16, 13, 1, 18, 14, 9, 8, 15, 10, 4, 0, 23, 2, 12, 20, 3, 19, 5, 7, 6, 24, 11
12, 1, 18, 22, 14, 16, 25, 20, 11, 0, 2, 19, 10, 13, 9, 6, 23, 17, 21, 24, 5, 15, 8, 7, 4, 3
0, 25, 2, 3, 10, 6, 11, 16, 12, 17, 13, 19, 22, 21, 15, 5, 7, 9, 18, 4, 24, 20, 8, 23, 14, 1
25, 13, 18, 1, 12, 20, 24, 11, 4, 3, 6, 16, 9, 22, 8, 15, 23, 7, 14, 2, 0, 21, 10, 5, 17, 19
16, 3, 12, 22, 7, 8, 4, 15, 18, 11, 14, 21, 5, 20, 19, 2, 17, 23, 9, 0, 25, 13, 24, 6, 1, 10
17, 11, 5, 15, 10, 9, 2, 22, 7, 20, 6, 13, 12, 24, 21, 4, 25, 1, 0, 18, 16, 14, 8, 23, 19, 3
19, 24, 0, 7, 6, 18, 25, 3, 16, 8, 20, 12, 1, 10, 9, 15, 4, 14, 5, 23, 21, 17, 13, 2, 22, 11
Pocket:
0, 25, 22, 3, 4, 12, 7, 13, 17, 8, 21, 19, 20, 6, 23, 1, 24, 10, 2, 5, 16, 11, 18, 15, 14, 9
9, 7, 2, 0, 14, 22, 11, 13, 24, 6, 19, 25, 1, 16, 20, 5, 10, 23, 17, 18, 4, 15, 8, 12, 21, 3
15, 17, 20, 0, 2, 3, 12, 10, 16, 7, 5, 8, 18, 24, 25, 4, 1, 9, 14, 6, 11, 13, 19, 23, 22, 21
19, 20, 2, 9, 16, 0, 22, 15, 17, 11, 6, 10, 4, 12, 24, 7, 13, 25, 14, 5, 23, 8, 1, 18, 21, 3
22, 20, 7, 12, 21, 8, 23, 10, 24, 4, 18, 6, 25, 5, 19, 0, 1, 14, 15, 2, 9, 13, 17, 11, 16, 3
4, 11, 0, 14, 3, 12, 1, 21, 22, 19, 24, 20, 10, 7, 15, 18, 9, 6, 5, 23, 13, 8, 2, 25, 16, 17
13, 0, 3, 10, 6, 19, 8, 20, 9, 21, 11, 25, 15, 5, 23, 24, 18, 22, 12, 14, 1, 4, 7, 2, 17, 16
15, 16, 13, 24, 10, 25, 11, 12, 19, 3, 9, 21, 18, 8, 23, 0, 7, 2, 22, 17, 4, 1, 14, 20, 5, 6
11, 1, 24, 15, 22, 20, 8, 4, 12, 10, 3, 9, 17, 7, 25, 0, 16, 18, 5, 23, 19, 6, 2, 21, 14, 13
2, 8, 4, 17, 15, 22, 9, 14, 25, 7, 21, 20, 5, 18, 0, 23, 10, 24, 13, 12, 1, 16, 6, 3, 19, 11