Pocket:
14, 1, 20, 13, 0, 7, 2, 4, 16, 9, 8, 11, 15, 21, 19, 6, 18, 12, 5, 17, 10, 3
20, 19, 21, 2, 0, 4, 5, 14, 13, 9, 16, 15, 6, 12, 18, 1, 10, 11, 7, 3, 8, 17
6, 17, 16, 4, 20, 11, 0, 14, 18, 7, 15, 13, 1, 5, 8, 10, 21, 12, 3, 2, 9, 19
19, 8, 1, 0, 21, 9, 16, 15, 10, 18, 3, 13, 5, 6, 7, 14, 11, 4, 20, 2, 17, 12
4, 12, 6, 18, 7, 17, 19, 10, 8, 2, 11, 14, 1, 16, 13, 3, 20, 9, 21, 5, 0, 15
20, 2, 13, 11, 18, 5, 4, 15, 0, 6, 10, 21, 12, 1, 14, 3, 19, 9, 16, 7, 17, 8
19, 13, 15, 20, 0, 21, 12, 17, 18, 5, 4, 10, 1, 11, 16, 3, 2, 7, 8, 14, 9, 6
6, 3, 19, 2, 21, 9, 15, 12, 18, 11, 17, 1, 5, 0, 4, 8, 7, 10, 16, 14, 13, 20
9, 5, 0, 1, 3, 17, 21, 2, 15, 14, 4, 18, 8, 12, 13, 11, 19, 10, 16, 20, 7, 6
14, 21, 12, 13, 2, 20, 3, 19, 5, 8, 0, 10, 15, 7, 18, 1, 17, 4, 16, 9, 11, 6
Pocket:
21, 0, 18, 14, 12, 17, 8, 15, 5, 9, 1, 16, 13, 10, 3, 11, 19, 2, 4, 20, 7, 6
21, 1, 18, 11, 5, 19, 14, 10, 2, 15, 17, 3, 7, 6, 8, 12, 9, 4, 0, 13, 16, 20
8, 13, 6, 11, 18, 2, 20, 15, 5, 14, 12, 3, 21, 0, 16, 7, 10, 19, 1, 17, 4, 9
11, 15, 19, 3, 14, 9, 16, 18, 2, 12, 20, 17, 4, 6, 0, 10, 21, 5, 1, 13, 8, 7
11, 14, 4, 13, 9, 19, 0, 16, 18, 10, 2, 5, 20, 12, 3, 15, 7, 21, 1, 17, 6, 8
9, 5, 0, 1, 3, 17, 21, 2, 15, 14, 4, 18, 8, 12, 13, 11, 19, 10, 16, 20, 7, 6
6, 3, 18, 7, 19, 9, 12, 11, 4, 16, 13, 10, 14, 5, 8, 0, 1, 15, 2, 20, 21, 17
16, 14, 17, 12, 1, 20, 7, 11, 4, 0, 5, 10, 21, 3, 8, 18, 15, 6, 2, 9, 19, 13
19, 1, 14, 18, 16, 8, 3, 7, 20, 2, 11, 5, 13, 0, 4, 12, 15, 6, 17, 10, 9, 21
6, 19, 4, 12, 14, 1, 11, 9, 8, 5, 16, 15, 20, 17, 3, 10, 0, 2, 18, 7, 13, 21
Pocket:
18, 2, 15, 9, 19, 13, 12, 16, 10, 0, 6, 4, 21, 17, 20, 14, 8, 7, 11, 3, 5, 1
21, 15, 3, 12, 10, 4, 20, 5, 2, 6, 11, 13, 17, 8, 9, 0, 19, 18, 7, 14, 1, 16
3, 14, 2, 1, 20, 17, 6, 13, 15, 0, 16, 5, 18, 9, 21, 8, 10, 4, 7, 12, 11, 19
15, 16, 19, 8, 17, 10, 13, 4, 11, 5, 21, 9, 3, 20, 6, 0, 2, 12, 18, 1, 14, 7
6, 19, 7, 9, 2, 1, 8, 0, 5, 11, 21, 10, 17, 13, 4, 16, 18, 15, 14, 3, 12, 20
4, 8, 2, 11, 14, 15, 19, 20, 9, 18, 0, 12, 5, 16, 3, 1, 6, 21, 13, 7, 17, 10
6, 3, 19, 2, 21, 9, 15, 12, 18, 11, 17, 1, 5, 0, 4, 8, 7, 10, 16, 14, 13, 20
19, 6, 11, 21, 7, 16, 20, 14, 18, 9, 10, 0, 5, 13, 3, 15, 12, 8, 2, 1, 17, 4
7, 13, 6, 18, 5, 16, 15, 4, 19, 0, 3, 9, 10, 21, 8, 2, 11, 14, 20, 1, 17, 12
3, 10, 6, 21, 15, 19, 8, 18, 13, 16, 11, 14, 2, 0, 5, 7, 17, 20, 1, 4, 9, 12
Pocket:
8, 15, 6, 10, 7, 4, 3, 16, 5, 14, 1, 2, 13, 0, 12, 20, 18, 21, 9, 19, 17, 11
1, 21, 17, 6, 3, 10, 4, 15, 12, 20, 11, 5, 16, 13, 18, 0, 2, 8, 19, 14, 9, 7
16, 13, 10, 6, 0, 21, 9, 1, 15, 5, 11, 19, 14, 4, 20, 8, 18, 7, 17, 2, 12, 3
2, 15, 10, 6, 13, 9, 8, 3, 21, 1, 7, 0, 5, 4, 12, 19, 20, 18, 17, 16, 14, 11
19, 8, 1, 0, 21, 9, 16, 15, 10, 18, 3, 13, 5, 6, 7, 14, 11, 4, 20, 2, 17, 12
3, 9, 10, 12, 18, 13, 21, 4, 1, 16, 7, 6, 11, 14, 15, 5, 8, 0, 19, 17, 20, 2
9, 6, 0, 15, 12, 8, 10, 7, 2, 11, 1, 20, 21, 3, 4, 16, 13, 17, 19, 14, 5, 18
21, 6, 14, 1, 18, 5, 7, 3, 11, 12, 15, 8, 0, 13, 20, 4, 2, 19, 9, 16, 17, 10
10, 13, 5, 20, 14, 2, 1, 4, 17, 8, 19, 3, 6, 21, 0, 16, 12, 18, 11, 15, 9, 7
4, 14, 8, 11, 12, 10, 15, 2, 13, 21, 0, 7, 9, 19, 17, 16, 3, 5, 20, 1, 18, 6
Pocket:
18, 0, 17, 13, 21, 8, 19, 2, 3, 5, 12, 10, 4, 16, 14, 15, 1, 20, 9, 11, 7, 6
9, 3, 18, 16, 2, 19, 1, 5, 17, 15, 20, 14, 6, 12, 7, 10, 8, 13, 0, 21, 4, 11
21, 13, 20, 16, 0, 2, 9, 15, 6, 1, 3, 19, 10, 11, 18, 12, 5, 17, 4, 8, 7, 14
19, 8, 13, 9, 2, 12, 20, 0, 4, 3, 10, 15, 11, 7, 17, 1, 21, 14, 6, 16, 18, 5
3, 1, 11, 6, 8, 14, 19, 21, 4, 17, 10, 16, 5, 13, 7, 15, 2, 12, 18, 20, 0, 9
8, 15, 13, 2, 17, 16, 7, 11, 21, 4, 5, 14, 10, 3, 20, 1, 12, 6, 0, 18, 19, 9
1, 15, 9, 12, 11, 8, 7, 6, 16, 3, 2, 10, 17, 4, 21, 0, 20, 13, 14, 5, 18, 19
5, 17, 20, 14, 0, 18, 11, 12, 13, 4, 15, 2, 10, 9, 3, 8, 6, 1, 21, 19, 7, 16
3, 8, 0, 4, 1, 17, 7, 9, 2, 15, 16, 19, 14, 6, 11, 20, 5, 12, 13, 18, 21, 10
10, 7, 2, 18, 1, 14, 4, 15, 0, 5, 6, 13, 16, 19, 3, 12, 17, 9, 20, 21, 8, 11
Pocket:
9, 11, 1, 0, 13, 8, 2, 21, 6, 12, 17, 7, 18, 14, 16, 10, 19, 5, 15, 20, 3, 4
8, 12, 20, 15, 17, 4, 11, 2, 14, 19, 3, 9, 16, 0, 7, 1, 10, 6, 18, 13, 21, 5
12, 19, 3, 9, 6, 15, 20, 18, 17, 10, 7, 5, 13, 16, 8, 11, 0, 4, 14, 2, 21, 1
10, 2, 3, 12, 15, 17, 5, 0, 7, 8, 14, 6, 18, 13, 19, 4, 21, 16, 9, 20, 11, 1
0, 10, 19, 5, 17, 21, 8, 1, 3, 2, 12, 9, 14, 13, 4, 20, 16, 6, 7, 15, 18, 11
19, 3, 20, 16, 17, 18, 15, 1, 13, 8, 5, 10, 21, 11, 4, 0, 12, 6, 14, 9, 2, 7
13, 14, 20, 3, 1, 9, 21, 19, 0, 18, 16, 5, 15, 11, 17, 10, 12, 7, 8, 4, 6, 2
20, 6, 11, 13, 18, 19, 10, 2, 16, 15, 3, 14, 8, 12, 9, 5, 0, 21, 4, 17, 7, 1
17, 9, 20, 8, 21, 19, 18, 11, 13, 10, 1, 7, 5, 0, 15, 12, 16, 6, 2, 4, 3, 14
15, 10, 7, 21, 17, 3, 4, 9, 13, 14, 5, 0, 18, 16, 8, 1, 19, 20, 6, 2, 11, 12
Pocket:
5, 11, 21, 9, 15, 4, 8, 2, 1, 3, 20, 0, 13, 7, 14, 6, 17, 18, 16, 10, 12, 19
8, 18, 20, 5, 16, 7, 10, 0, 14, 9, 15, 21, 13, 17, 11, 3, 19, 1, 4, 6, 12, 2
21, 5, 12, 1, 9, 17, 0, 6, 8, 19, 15, 7, 11, 16, 20, 14, 10, 18, 2, 4, 13, 3
10, 14, 12, 9, 4, 7, 5, 20, 21, 3, 2, 6, 11, 18, 17, 19, 8, 15, 13, 0, 1, 16
0, 6, 12, 1, 8, 21, 2, 3, 11, 15, 17, 7, 10, 18, 13, 4, 16, 5, 19, 14, 9, 20
14, 18, 7, 15, 3, 0, 10, 5, 8, 9, 4, 19, 21, 2, 20, 6, 1, 11, 16, 17, 12, 13
14, 13, 16, 6, 11, 0, 10, 19, 18, 1, 7, 5, 4, 20, 12, 15, 17, 3, 21, 2, 8, 9
0, 7, 21, 1, 13, 9, 6, 18, 17, 5, 19, 16, 8, 11, 15, 2, 4, 12, 3, 14, 20, 10
8, 16, 2, 21, 3, 19, 11, 15, 20, 10, 5, 7, 9, 4, 6, 14, 1, 0, 17, 12, 18, 13
17, 10, 15, 8, 5, 20, 9, 16, 14, 6, 18, 12, 19, 3, 7, 0, 2, 21, 11, 1, 4, 13
Pocket:
0, 3, 18, 21, 7, 16, 4, 1, 15, 13, 6, 12, 11, 19, 10, 5, 9, 20, 14, 17, 2, 8
9, 11, 5, 15, 1, 6, 0, 3, 18, 10, 12, 20, 21, 17, 8, 14, 19, 7, 2, 13, 16, 4
4, 16, 20, 7, 15, 13, 1, 10, 2, 6, 11, 12, 21, 9, 5, 3, 19, 18, 8, 17, 0, 14
6, 12, 8, 18, 2, 5, 16, 14, 1, 13, 11, 15, 20, 9, 7, 4, 17, 10, 21, 19, 3, 0
17, 21, 0, 20, 4, 16, 19, 18, 10, 7, 13, 1, 9, 8, 15, 2, 6, 5, 11, 14, 3, 12
13, 8, 15, 16, 0, 14, 11, 10, 12, 7, 9, 6, 2, 20, 4, 3, 17, 19, 1, 18, 5, 21
1, 10, 15, 16, 20, 0, 8, 21, 7, 14, 17, 4, 6, 19, 12, 2, 5, 18, 13, 3, 11, 9
20, 4, 11, 21, 0, 6, 5, 2, 8, 17, 14, 19, 7, 13, 1, 18, 9, 15, 16, 10, 12, 3
8, 7, 4, 11, 2, 18, 17, 9, 3, 6, 10, 21, 5, 12, 0, 13, 15, 1, 14, 20, 19, 16
10, 0, 12, 18, 9, 20, 3, 14, 2, 16, 13, 7, 4, 21, 8, 19, 11, 6, 1, 17, 15, 5
Pocket:
6, 12, 18, 10, 17, 13, 2, 9, 15, 4, 3, 16, 19, 14, 1, 11, 5, 20, 7, 8, 0, 21
16, 8, 7, 15, 21, 4, 17, 2, 6, 14, 19, 12, 18, 5, 20, 11, 3, 13, 1, 9, 0, 10
18, 14, 13, 1, 4, 15, 2, 21, 17, 0, 19, 3, 10, 20, 5, 9, 11, 16, 8, 12, 6, 7
20, 2, 1, 5, 18, 6, 11, 16, 9, 15, 17, 19, 10, 7, 4, 13, 3, 14, 21, 0, 8, 12
19, 1, 10, 16, 0, 8, 7, 17, 6, 5, 12, 2, 18, 21, 15, 20, 4, 9, 13, 11, 14, 3
18, 16, 17, 4, 0, 13, 20, 19, 11, 12, 8, 10, 6, 5, 2, 9, 21, 7, 3, 14, 1, 15
17, 4, 0, 15, 8, 13, 1, 7, 9, 11, 18, 14, 3, 21, 6, 16, 20, 12, 5, 10, 19, 2
20, 0, 9, 13, 10, 7, 1, 8, 2, 6, 14, 5, 19, 15, 4, 18, 21, 16, 3, 11, 12, 17
9, 5, 17, 7, 11, 12, 4, 8, 6, 16, 3, 10, 1, 13, 20, 2, 18, 15, 21, 0, 19, 14
17, 16, 18, 14, 4, 7, 2, 15, 13, 8, 5, 20, 6, 1, 3, 11, 9, 10, 0, 12, 21, 19
Pocket:
4, 5, 6, 14, 20, 16, 18, 15, 12, 13, 2, 17, 11, 9, 7, 1, 21, 3, 10, 8, 19, 0
7, 18, 15, 20, 4, 3, 19, 13, 11, 9, 8, 0, 6, 5, 1, 21, 17, 16, 10, 12, 14, 2
17, 10, 21, 6, 3, 13, 15, 0, 9, 20, 14, 12, 11, 19, 8, 18, 5, 2, 1, 4, 16, 7
14, 6, 18, 12, 8, 11, 9, 16, 19, 15, 4, 1, 13, 17, 7, 0, 20, 3, 21, 5, 2, 10
10, 20, 5, 7, 2, 6, 19, 14, 8, 21, 12, 0, 15, 4, 9, 1, 11, 16, 3, 17, 13, 18
21, 18, 16, 6, 20, 14, 9, 7, 1, 8, 2, 17, 15, 3, 10, 13, 19, 11, 12, 0, 4, 5
13, 21, 11, 19, 2, 1, 8, 17, 10, 14, 4, 7, 18, 20, 3, 9, 5, 15, 6, 0, 16, 12
8, 5, 9, 1, 12, 4, 2, 21, 15, 10, 6, 16, 11, 7, 17, 18, 20, 14, 13, 3, 19, 0
17, 7, 1, 18, 2, 20, 9, 15, 21, 3, 16, 10, 6, 0, 14, 19, 8, 13, 11, 4, 12, 5
15, 17, 2, 19, 5, 18, 13, 14, 21, 16, 1, 9, 11, 3, 0, 7, 12, 20, 10, 8, 4, 6
Pocket:
5, 10, 6, 17, 4, 21, 1, 14, 16, 0, 7, 15, 2, 11, 8, 18, 9, 19, 3, 20, 12, 13
16, 12, 17, 7, 18, 6, 21, 10, 11, 5, 14, 0, 13, 4, 20, 3, 9, 2, 8, 1, 15, 19
20, 11, 13, 9, 3, 15, 6, 2, 18, 5, 19, 4, 16, 1, 0, 21, 17, 7, 12, 10, 8, 14
4, 13, 8, 18, 19, 5, 14, 2, 0, 10, 1, 21, 17, 6, 20, 3, 15, 7, 16, 11, 9, 12
5, 14, 0, 12, 4, 10, 19, 2, 6, 16, 21, 9, 11, 8, 3, 17, 18, 15, 1, 20, 7, 13
5, 6, 1, 8, 16, 2, 10, 17, 20, 7, 12, 4, 14, 3, 18, 11, 0, 21, 13, 19, 9, 15
12, 7, 3, 4, 2, 21, 15, 20, 0, 8, 13, 10, 1, 16, 18, 5, 11, 9, 19, 17, 6, 14
13, 4, 8, 18, 6, 3, 14, 9, 15, 10, 20, 1, 16, 5, 19, 0, 17, 12, 7, 21, 11, 2
2, 1, 21, 12, 19, 20, 9, 7, 8, 11, 15, 14, 17, 13, 6, 0, 3, 18, 16, 4, 10, 5
5, 18, 1, 10, 14, 9, 7, 15, 13, 12, 8, 2, 21, 3, 11, 6, 4, 16, 19, 17, 0, 20
Pocket:
2, 6, 1, 3, 5, 9, 10, 15, 21, 19, 8, 16, 13, 12, 4, 18, 14, 7, 17, 0, 20, 11
15, 18, 21, 9, 19, 10, 20, 4, 3, 1, 11, 12, 16, 7, 8, 0, 6, 13, 5, 2, 14, 17
2, 13, 18, 15, 3, 5, 11, 9, 14, 1, 12, 6, 19, 20, 16, 10, 17, 21, 4, 0, 8, 7
7, 4, 10, 12, 6, 9, 18, 14, 3, 21, 1, 19, 2, 16, 17, 0, 20, 5, 15, 11, 13, 8
2, 19, 1, 10, 9, 20, 7, 13, 8, 21, 14, 4, 16, 17, 0, 15, 5, 3, 11, 6, 18, 12
6, 15, 17, 21, 19, 9, 1, 14, 20, 3, 11, 12, 4, 16, 5, 7, 0, 13, 18, 8, 10, 2
13, 2, 18, 7, 20, 4, 16, 3, 19, 11, 15, 17, 5, 10, 8, 12, 1, 21, 9, 6, 14, 0
8, 3, 4, 18, 2, 21, 7, 15, 9, 11, 0, 12, 1, 16, 13, 17, 10, 6, 19, 20, 14, 5
4, 10, 5, 3, 20, 15, 1, 2, 0, 11, 6, 7, 21, 8, 9, 13, 19, 12, 16, 14, 18, 17
16, 12, 20, 15, 10, 1, 5, 0, 11, 6, 2, 4, 8, 7, 19, 13, 3, 9, 17, 18, 21, 14
Pocket:
11, 18, 10, 19, 4, 1, 5, 3, 9, 2, 21, 7, 20, 17, 15, 0, 14, 8, 13, 12, 16, 6
1, 10, 3, 14, 2, 18, 11, 20, 4, 7, 12, 19, 21, 5, 8, 9, 16, 17, 15, 6, 0, 13
13, 20, 3, 11, 6, 5, 4, 17, 18, 7, 14, 1, 10, 9, 15, 19, 12, 8, 16, 0, 21, 2
11, 1, 7, 16, 2, 14, 8, 0, 9, 10, 17, 6, 20, 12, 19, 15, 21, 4, 13, 5, 3, 18
19, 4, 2, 18, 16, 14, 8, 15, 10, 7, 17, 9, 6, 20, 21, 5, 13, 12, 3, 0, 1, 11
3, 19, 9, 14, 8, 20, 12, 6, 2, 15, 13, 0, 10, 5, 11, 18, 16, 1, 21, 7, 4, 17
11, 15, 13, 5, 21, 14, 12, 16, 0, 20, 10, 7, 1, 8, 18, 9, 17, 6, 19, 2, 3, 4
20, 12, 10, 0, 9, 19, 17, 11, 3, 1, 13, 7, 15, 5, 21, 4, 16, 18, 8, 14, 6, 2
16, 3, 14, 17, 8, 0, 20, 5, 2, 10, 9, 15, 7, 18, 21, 11, 4, 13, 1, 12, 6, 19
17, 1, 7, 5, 8, 16, 11, 19, 2, 13, 6, 4, 20, 21, 18, 14, 15, 10, 9, 0, 3, 12