Pocket:
14, 0, 7, 5, 6, 13, 16, 3, 9, 10, 15, 20, 8, 4, 18, 2, 21, 11, 19, 17, 12, 1
14, 12, 19, 3, 11, 20, 2, 17, 21, 1, 18, 4, 16, 8, 10, 9, 0, 5, 6, 13, 15, 7
20, 7, 1, 6, 18, 0, 10, 14, 17, 21, 3, 15, 11, 13, 12, 19, 4, 2, 5, 9, 16, 8
4, 9, 20, 7, 5, 17, 11, 15, 10, 16, 3, 21, 19, 12, 14, 2, 18, 13, 6, 0, 8, 1
15, 4, 6, 2, 18, 8, 7, 5, 16, 20, 13, 17, 9, 11, 19, 1, 3, 12, 10, 0, 21, 14
8, 7, 12, 11, 18, 13, 17, 6, 16, 0, 19, 2, 4, 9, 3, 21, 20, 10, 15, 14, 5, 1
18, 11, 15, 4, 0, 6, 21, 7, 17, 13, 10, 14, 3, 12, 19, 16, 5, 20, 1, 9, 8, 2
0, 1, 3, 20, 12, 7, 13, 9, 4, 10, 14, 16, 17, 5, 15, 19, 21, 18, 11, 6, 8, 2
3, 8, 10, 4, 11, 5, 12, 15, 21, 2, 6, 18, 16, 20, 0, 1, 7, 19, 13, 14, 17, 9
12, 13, 7, 1, 21, 6, 19, 5, 20, 14, 11, 3, 10, 8, 17, 16, 18, 2, 9, 4, 15, 0
Pocket:
20, 9, 16, 7, 19, 11, 21, 18, 6, 12, 15, 13, 1, 4, 2, 8, 0, 3, 5, 17, 10, 14
17, 8, 6, 4, 5, 18, 11, 3, 14, 2, 20, 9, 1, 19, 15, 13, 12, 0, 16, 10, 7, 21
17, 14, 18, 11, 15, 10, 21, 13, 0, 1, 6, 4, 7, 20, 8, 12, 9, 16, 3, 2, 5, 19
16, 4, 21, 6, 13, 0, 8, 15, 7, 10, 17, 9, 14, 5, 2, 19, 18, 3, 11, 20, 1, 12
2, 14, 1, 4, 12, 11, 9, 16, 7, 21, 19, 20, 15, 17, 18, 0, 6, 8, 3, 5, 10, 13
4, 7, 17, 12, 18, 1, 16, 21, 5, 10, 19, 6, 9, 3, 15, 8, 14, 11, 0, 2, 13, 20
1, 4, 2, 6, 12, 16, 3, 19, 5, 15, 13, 14, 9, 20, 7, 11, 18, 10, 21, 17, 8, 0
2, 4, 21, 7, 1, 0, 9, 18, 5, 6, 17, 15, 8, 16, 3, 14, 12, 11, 13, 10, 20, 19
8, 15, 18, 7, 17, 3, 1, 16, 6, 5, 0, 13, 21, 2, 10, 20, 4, 14, 11, 19, 12, 9
18, 14, 2, 0, 4, 17, 21, 8, 1, 16, 3, 5, 19, 10, 20, 6, 15, 12, 7, 11, 13, 9
Pocket:
20, 3, 16, 2, 1, 21, 14, 11, 8, 7, 6, 12, 10, 17, 5, 9, 19, 15, 0, 13, 18, 4
11, 13, 14, 21, 6, 9, 17, 4, 20, 18, 5, 12, 3, 1, 10, 16, 2, 7, 0, 19, 8, 15
18, 19, 2, 16, 12, 17, 21, 0, 4, 1, 20, 7, 8, 3, 15, 11, 5, 6, 14, 13, 10, 9
15, 6, 14, 18, 13, 17, 21, 5, 4, 16, 12, 19, 0, 3, 20, 7, 9, 8, 11, 10, 1, 2
3, 5, 0, 13, 20, 7, 10, 15, 12, 14, 9, 16, 1, 6, 11, 19, 18, 2, 8, 17, 4, 21
0, 7, 2, 19, 18, 4, 15, 9, 21, 10, 8, 13, 11, 5, 6, 17, 3, 1, 14, 12, 20, 16
15, 7, 6, 18, 3, 13, 10, 14, 9, 5, 12, 20, 19, 0, 11, 16, 21, 17, 2, 1, 8, 4
5, 13, 3, 7, 17, 19, 15, 6, 16, 12, 21, 0, 14, 10, 2, 4, 18, 9, 8, 11, 20, 1
13, 1, 6, 14, 20, 16, 17, 15, 21, 11, 19, 5, 12, 4, 18, 10, 2, 7, 3, 8, 9, 0
10, 1, 14, 4, 0, 9, 15, 5, 17, 13, 19, 21, 6, 11, 20, 7, 18, 3, 16, 12, 2, 8
Pocket:
15, 3, 11, 16, 8, 6, 10, 1, 18, 0, 9, 7, 5, 13, 20, 14, 12, 19, 2, 21, 4, 17
18, 19, 7, 17, 16, 5, 11, 20, 4, 0, 21, 12, 15, 8, 6, 13, 3, 10, 14, 2, 1, 9
15, 8, 3, 17, 19, 10, 18, 9, 5, 12, 11, 6, 7, 0, 1, 14, 21, 2, 4, 16, 13, 20
5, 6, 13, 15, 9, 11, 10, 4, 12, 7, 14, 19, 16, 3, 17, 1, 0, 18, 2, 20, 21, 8
20, 10, 8, 2, 16, 14, 13, 1, 11, 15, 5, 7, 19, 21, 12, 6, 17, 9, 3, 4, 0, 18
5, 9, 3, 17, 2, 10, 6, 21, 11, 0, 18, 4, 20, 8, 13, 16, 12, 19, 7, 14, 1, 15
1, 15, 20, 21, 18, 0, 6, 7, 14, 9, 2, 12, 8, 4, 3, 16, 11, 13, 19, 5, 10, 17
16, 19, 4, 18, 9, 6, 11, 5, 3, 0, 2, 8, 21, 10, 15, 7, 14, 12, 20, 13, 17, 1
16, 8, 6, 7, 11, 10, 13, 17, 0, 21, 20, 12, 9, 3, 18, 4, 2, 5, 15, 19, 14, 1
19, 8, 12, 1, 15, 13, 5, 10, 7, 0, 9, 20, 14, 21, 11, 4, 2, 6, 18, 16, 3, 17
Pocket:
21, 5, 7, 14, 12, 6, 2, 11, 19, 13, 10, 9, 15, 20, 8, 4, 18, 0, 3, 16, 1, 17
3, 4, 15, 1, 14, 7, 20, 9, 13, 2, 21, 12, 16, 17, 18, 19, 6, 10, 11, 8, 5, 0
15, 21, 10, 13, 8, 1, 5, 0, 18, 2, 19, 17, 7, 12, 9, 4, 6, 11, 3, 20, 14, 16
13, 5, 18, 4, 14, 11, 1, 20, 21, 16, 7, 10, 9, 17, 0, 19, 8, 12, 3, 15, 6, 2
17, 1, 2, 11, 9, 20, 4, 5, 12, 10, 14, 3, 0, 6, 7, 13, 8, 16, 18, 15, 19, 21
0, 2, 3, 4, 5, 13, 16, 1, 19, 6, 12, 14, 10, 7, 15, 8, 21, 11, 20, 17, 9, 18
17, 21, 5, 11, 0, 2, 16, 10, 4, 3, 19, 18, 15, 1, 6, 20, 9, 8, 7, 14, 13, 12
8, 13, 9, 0, 19, 17, 11, 18, 16, 14, 10, 6, 20, 5, 15, 3, 7, 12, 1, 21, 4, 2
11, 2, 1, 8, 15, 4, 16, 0, 10, 9, 14, 20, 3, 21, 7, 12, 5, 17, 19, 6, 13, 18
11, 6, 0, 9, 3, 19, 1, 13, 8, 2, 21, 5, 7, 17, 4, 14, 16, 18, 20, 10, 15, 12
Pocket:
5, 3, 11, 4, 12, 0, 2, 7, 17, 18, 20, 14, 19, 6, 8, 9, 16, 13, 1, 21, 10, 15
1, 17, 18, 4, 11, 14, 12, 9, 21, 13, 7, 19, 16, 0, 5, 6, 10, 3, 8, 2, 15, 20
10, 3, 20, 5, 18, 6, 4, 8, 15, 2, 21, 13, 1, 17, 16, 14, 9, 11, 0, 19, 7, 12
2, 13, 8, 5, 16, 15, 19, 12, 11, 0, 20, 14, 9, 3, 10, 18, 21, 1, 17, 4, 6, 7
9, 0, 5, 8, 13, 3, 10, 15, 4, 19, 21, 12, 14, 11, 20, 17, 16, 6, 7, 18, 1, 2
20, 9, 19, 6, 16, 12, 0, 11, 17, 4, 13, 1, 15, 7, 3, 21, 10, 5, 18, 14, 8, 2
14, 4, 10, 0, 18, 20, 21, 3, 1, 13, 7, 9, 19, 16, 6, 8, 11, 2, 12, 15, 17, 5
16, 13, 7, 1, 0, 5, 10, 3, 2, 14, 21, 20, 8, 4, 9, 15, 19, 11, 18, 12, 6, 17
3, 11, 13, 5, 4, 1, 17, 10, 18, 8, 7, 6, 2, 20, 0, 14, 21, 15, 19, 12, 16, 9
8, 11, 7, 2, 17, 19, 21, 0, 16, 10, 13, 18, 4, 20, 14, 5, 6, 15, 1, 3, 9, 12
Pocket:
19, 18, 20, 12, 2, 13, 5, 11, 8, 21, 14, 9, 6, 1, 10, 17, 3, 0, 15, 7, 4, 16
13, 6, 1, 11, 18, 21, 14, 5, 12, 9, 7, 15, 8, 17, 20, 0, 10, 16, 2, 19, 4, 3
2, 11, 9, 17, 19, 18, 6, 4, 12, 5, 16, 8, 1, 3, 13, 10, 15, 20, 0, 21, 7, 14
16, 1, 4, 15, 17, 14, 7, 8, 13, 3, 21, 5, 18, 19, 6, 9, 10, 0, 2, 12, 11, 20
0, 9, 4, 13, 3, 14, 10, 17, 6, 2, 21, 18, 19, 7, 1, 5, 11, 12, 20, 15, 8, 16
0, 15, 4, 6, 18, 13, 20, 14, 11, 12, 2, 9, 3, 10, 5, 17, 21, 16, 8, 1, 7, 19
21, 5, 3, 18, 14, 12, 13, 0, 17, 1, 19, 9, 2, 4, 11, 15, 16, 6, 8, 10, 7, 20
3, 7, 20, 17, 13, 1, 0, 5, 10, 18, 4, 14, 2, 12, 11, 6, 16, 8, 9, 21, 15, 19
17, 3, 14, 20, 9, 6, 15, 0, 18, 12, 21, 8, 16, 19, 5, 10, 4, 13, 1, 11, 2, 7
0, 15, 12, 19, 6, 3, 17, 7, 13, 10, 14, 5, 18, 8, 4, 21, 11, 1, 2, 9, 16, 20
Pocket:
3, 13, 10, 20, 0, 21, 8, 1, 17, 7, 15, 12, 16, 19, 4, 2, 11, 5, 14, 18, 6, 9
14, 16, 19, 9, 5, 18, 12, 2, 11, 6, 15, 4, 10, 17, 20, 1, 8, 0, 7, 3, 13, 21
6, 4, 19, 17, 5, 10, 1, 0, 9, 11, 20, 2, 12, 21, 15, 3, 7, 18, 14, 8, 16, 13
21, 7, 19, 3, 10, 16, 9, 17, 0, 4, 11, 2, 1, 12, 8, 18, 6, 15, 14, 20, 13, 5
11, 21, 13, 5, 7, 17, 20, 18, 6, 8, 15, 0, 16, 10, 2, 3, 19, 14, 1, 12, 9, 4
19, 5, 16, 0, 21, 12, 4, 20, 15, 2, 13, 14, 17, 10, 9, 3, 11, 8, 7, 18, 1, 6
15, 9, 2, 13, 11, 10, 3, 1, 16, 4, 0, 17, 20, 19, 7, 8, 5, 18, 21, 14, 6, 12
20, 14, 15, 16, 7, 11, 4, 18, 13, 0, 21, 8, 3, 6, 2, 17, 19, 9, 10, 5, 1, 12
18, 0, 8, 12, 19, 1, 6, 21, 7, 3, 13, 16, 17, 10, 15, 4, 2, 14, 9, 11, 20, 5
9, 14, 2, 16, 1, 8, 5, 11, 15, 6, 18, 19, 7, 21, 4, 13, 17, 12, 3, 0, 20, 10
Pocket:
13, 19, 8, 1, 0, 16, 10, 2, 14, 5, 17, 11, 21, 18, 7, 20, 6, 4, 9, 12, 3, 15
18, 20, 15, 17, 8, 0, 11, 7, 3, 13, 12, 5, 10, 19, 1, 21, 16, 4, 9, 14, 6, 2
6, 19, 4, 18, 21, 8, 16, 9, 1, 7, 10, 15, 12, 13, 2, 17, 0, 20, 11, 5, 3, 14
9, 3, 19, 14, 17, 15, 7, 0, 10, 13, 11, 21, 20, 6, 1, 18, 8, 2, 4, 12, 16, 5
2, 21, 11, 6, 13, 20, 8, 18, 1, 14, 12, 16, 9, 4, 7, 5, 3, 0, 19, 10, 17, 15
8, 10, 5, 15, 17, 20, 14, 19, 21, 13, 18, 0, 3, 4, 7, 1, 12, 11, 9, 6, 2, 16
2, 15, 19, 21, 17, 11, 8, 20, 14, 10, 12, 9, 5, 16, 3, 18, 1, 4, 0, 6, 13, 7
18, 19, 7, 3, 20, 6, 11, 1, 4, 10, 21, 16, 17, 12, 8, 14, 13, 15, 9, 2, 5, 0
14, 19, 15, 21, 7, 16, 1, 5, 9, 17, 10, 4, 20, 6, 0, 11, 18, 12, 13, 2, 8, 3
10, 4, 18, 19, 6, 14, 9, 11, 16, 20, 0, 1, 13, 2, 17, 8, 12, 3, 5, 15, 21, 7
Pocket:
14, 18, 6, 2, 10, 9, 19, 0, 1, 4, 15, 12, 3, 17, 11, 5, 8, 21, 16, 20, 13, 7
11, 17, 20, 18, 0, 14, 13, 15, 1, 2, 9, 16, 21, 12, 7, 5, 6, 8, 10, 3, 19, 4
20, 19, 3, 13, 8, 9, 5, 12, 15, 6, 11, 1, 21, 7, 16, 17, 10, 18, 2, 0, 4, 14
11, 12, 5, 6, 15, 17, 20, 9, 18, 16, 14, 21, 8, 10, 3, 2, 4, 13, 0, 7, 1, 19
7, 1, 9, 6, 4, 20, 2, 13, 21, 15, 12, 19, 10, 5, 17, 18, 0, 16, 3, 11, 14, 8
12, 11, 9, 13, 4, 3, 1, 18, 6, 7, 2, 15, 17, 21, 19, 5, 10, 14, 8, 0, 16, 20
4, 7, 1, 21, 8, 2, 20, 10, 0, 18, 5, 15, 13, 9, 14, 16, 11, 12, 3, 19, 17, 6
9, 19, 5, 14, 8, 4, 7, 16, 6, 17, 11, 2, 20, 15, 1, 3, 0, 12, 13, 21, 18, 10
8, 10, 1, 19, 11, 15, 0, 16, 2, 13, 17, 21, 20, 4, 18, 5, 7, 9, 14, 6, 3, 12
3, 10, 20, 14, 1, 8, 15, 4, 5, 9, 2, 18, 12, 6, 0, 13, 19, 17, 7, 16, 21, 11
Pocket:
20, 3, 5, 14, 11, 19, 13, 10, 16, 12, 15, 21, 8, 7, 2, 17, 18, 9, 4, 0, 6, 1
5, 10, 11, 21, 4, 8, 12, 13, 19, 1, 2, 17, 18, 20, 3, 14, 16, 6, 7, 0, 15, 9
6, 1, 21, 0, 3, 4, 8, 19, 14, 10, 9, 13, 18, 5, 2, 16, 17, 11, 20, 15, 12, 7
7, 6, 3, 8, 21, 2, 12, 5, 0, 4, 13, 15, 9, 17, 1, 19, 18, 11, 16, 10, 20, 14
15, 5, 12, 1, 3, 10, 8, 18, 17, 19, 11, 21, 6, 9, 14, 0, 7, 20, 2, 13, 16, 4
21, 18, 5, 14, 11, 13, 0, 4, 19, 16, 12, 17, 15, 1, 6, 8, 20, 10, 3, 7, 2, 9
17, 8, 4, 15, 6, 2, 11, 1, 5, 9, 13, 20, 0, 16, 7, 10, 19, 3, 14, 18, 21, 12
9, 1, 18, 7, 17, 16, 8, 3, 5, 11, 14, 12, 13, 19, 0, 4, 2, 15, 20, 6, 10, 21
16, 15, 12, 3, 10, 17, 8, 18, 13, 7, 21, 20, 11, 2, 4, 0, 1, 6, 14, 19, 9, 5
13, 20, 3, 9, 2, 6, 4, 8, 7, 10, 1, 14, 16, 18, 5, 15, 17, 21, 12, 19, 11, 0
Pocket:
3, 5, 15, 12, 10, 17, 4, 2, 6, 14, 21, 7, 1, 13, 0, 9, 19, 20, 8, 18, 16, 11
11, 18, 6, 21, 5, 7, 2, 4, 1, 9, 14, 8, 19, 12, 17, 15, 10, 3, 13, 20, 0, 16
17, 1, 14, 19, 3, 11, 18, 16, 10, 0, 13, 15, 5, 4, 20, 7, 9, 12, 8, 2, 21, 6
9, 8, 20, 21, 6, 1, 17, 2, 19, 16, 7, 15, 10, 12, 13, 5, 18, 14, 4, 0, 3, 11
10, 12, 1, 7, 11, 5, 6, 3, 4, 18, 20, 0, 9, 2, 21, 13, 17, 15, 19, 14, 16, 8
8, 0, 4, 9, 1, 5, 12, 21, 16, 13, 6, 20, 15, 3, 14, 11, 2, 19, 10, 7, 18, 17
12, 17, 3, 5, 20, 21, 10, 11, 14, 15, 8, 18, 13, 2, 7, 16, 4, 19, 9, 1, 6, 0
1, 19, 10, 8, 11, 17, 9, 3, 21, 20, 5, 13, 2, 4, 15, 16, 14, 12, 7, 6, 18, 0
11, 21, 14, 12, 4, 16, 18, 20, 6, 8, 15, 3, 19, 7, 10, 0, 5, 9, 17, 2, 1, 13
0, 7, 14, 4, 15, 9, 12, 6, 8, 3, 2, 13, 10, 1, 16, 11, 19, 20, 18, 5, 17, 21
Pocket:
15, 13, 21, 20, 9, 10, 5, 11, 1, 8, 0, 6, 17, 7, 2, 14, 18, 3, 4, 16, 19, 12
1, 9, 11, 10, 2, 5, 18, 6, 3, 15, 13, 14, 21, 16, 17, 8, 7, 12, 0, 19, 4, 20
5, 15, 10, 11, 19, 17, 20, 4, 14, 13, 2, 9, 1, 16, 3, 7, 0, 18, 21, 6, 12, 8
0, 3, 15, 7, 20, 17, 16, 8, 2, 1, 5, 13, 21, 14, 6, 19, 10, 18, 11, 4, 9, 12
16, 19, 10, 3, 17, 4, 21, 1, 2, 14, 7, 20, 11, 6, 5, 13, 9, 15, 18, 8, 0, 12
16, 10, 8, 11, 2, 4, 18, 9, 12, 7, 14, 13, 0, 1, 6, 21, 5, 15, 20, 19, 3, 17
16, 1, 4, 11, 8, 3, 20, 0, 10, 18, 21, 17, 9, 7, 6, 12, 13, 15, 2, 19, 5, 14
5, 9, 20, 21, 7, 1, 19, 2, 18, 17, 11, 4, 15, 10, 0, 8, 14, 12, 6, 16, 13, 3
18, 13, 21, 7, 10, 4, 19, 9, 20, 2, 0, 8, 5, 12, 17, 11, 1, 16, 15, 6, 14, 3
21, 0, 4, 3, 13, 17, 6, 5, 7, 1, 15, 16, 9, 19, 2, 11, 18, 12, 20, 10, 14, 8