Pocket:
2, 10, 19, 18, 20, 25, 4, 15, 3, 12, 0, 9, 6, 30, 17, 31, 26, 21, 1, 24, 5, 7, 27, 22, 23, 11, 29, 16, 14, 28, 13, 8
12, 6, 2, 13, 17, 28, 15, 0, 30, 20, 3, 31, 25, 10, 22, 23, 24, 29, 4, 11, 8, 26, 9, 18, 14, 7, 21, 16, 1, 19, 27, 5
21, 25, 31, 15, 24, 4, 1, 11, 17, 29, 10, 13, 23, 5, 12, 18, 30, 2, 6, 14, 22, 0, 3, 9, 19, 27, 7, 20, 8, 28, 16, 26
1, 31, 6, 17, 8, 14, 15, 26, 2, 9, 10, 19, 0, 16, 20, 3, 4, 5, 24, 22, 13, 28, 12, 21, 7, 11, 27, 18, 23, 30, 29, 25
11, 7, 28, 30, 25, 0, 2, 1, 21, 8, 12, 24, 27, 9, 4, 3, 17, 5, 31, 23, 6, 16, 19, 13, 10, 18, 14, 15, 26, 29, 22, 20
1, 20, 27, 2, 15, 21, 17, 10, 22, 3, 12, 5, 24, 25, 23, 14, 6, 18, 16, 8, 28, 19, 9, 7, 31, 13, 0, 29, 4, 26, 11, 30
5, 1, 14, 27, 11, 30, 10, 25, 26, 31, 24, 15, 18, 21, 12, 7, 19, 4, 3, 17, 13, 9, 29, 28, 0, 20, 16, 23, 22, 8, 2, 6
7, 8, 1, 12, 31, 2, 25, 21, 15, 17, 14, 5, 6, 13, 26, 4, 27, 24, 18, 10, 30, 9, 11, 16, 22, 3, 19, 29, 23, 20, 0, 28
24, 25, 9, 13, 1, 4, 10, 3, 18, 21, 19, 27, 16, 31, 20, 11, 12, 5, 26, 7, 14, 15, 8, 6, 22, 28, 23, 0, 29, 30, 2, 17
16, 3, 20, 21, 19, 11, 17, 22, 0, 24, 25, 6, 15, 8, 29, 1, 27, 5, 2, 14, 4, 7, 23, 18, 12, 10, 28, 26, 31, 13, 30, 9
Pocket:
21, 11, 27, 23, 6, 2, 24, 25, 29, 22, 1, 28, 14, 9, 18, 4, 12, 13, 20, 3, 0, 16, 31, 7, 5, 30, 8, 15, 26, 10, 19, 17
17, 10, 4, 7, 27, 23, 15, 26, 18, 8, 16, 21, 22, 6, 25, 13, 1, 0, 20, 5, 30, 29, 19, 28, 3, 12, 9, 24, 2, 11, 31, 14
21, 17, 2, 30, 0, 31, 13, 23, 9, 27, 5, 20, 1, 12, 24, 3, 18, 6, 14, 11, 16, 26, 7, 19, 15, 10, 25, 29, 22, 8, 4, 28
17, 30, 25, 4, 13, 8, 3, 0, 7, 16, 19, 20, 22, 2, 23, 9, 6, 14, 28, 18, 1, 15, 31, 5, 11, 21, 26, 24, 27, 10, 12, 29
8, 14, 9, 10, 17, 16, 7, 5, 25, 22, 23, 30, 2, 4, 3, 12, 20, 21, 31, 0, 15, 11, 27, 13, 19, 6, 28, 26, 1, 18, 24, 29
29, 3, 9, 18, 25, 1, 13, 20, 8, 15, 16, 22, 4, 28, 27, 26, 14, 10, 12, 2, 17, 7, 31, 24, 19, 5, 23, 30, 6, 11, 21, 0
8, 1, 17, 14, 20, 9, 25, 23, 5, 21, 3, 29, 31, 7, 28, 18, 26, 16, 15, 13, 2, 11, 22, 12, 6, 10, 30, 0, 27, 4, 19, 24
23, 24, 22, 14, 8, 5, 11, 18, 1, 15, 7, 29, 30, 31, 28, 16, 2, 6, 21, 4, 19, 25, 9, 27, 20, 0, 13, 12, 17, 10, 26, 3
8, 3, 27, 20, 28, 26, 23, 19, 22, 6, 25, 11, 14, 29, 9, 15, 31, 13, 2, 7, 1, 21, 30, 12, 18, 4, 0, 5, 24, 17, 10, 16
14, 26, 13, 30, 19, 5, 29, 11, 7, 4, 18, 6, 21, 15, 10, 20, 1, 9, 3, 23, 27, 12, 17, 16, 2, 8, 24, 22, 25, 28, 0, 31
Pocket:
6, 7, 31, 12, 25, 27, 22, 18, 5, 20, 19, 8, 2, 9, 13, 15, 4, 26, 28, 0, 3, 14, 29, 17, 24, 21, 11, 16, 23, 30, 1, 10
18, 11, 4, 2, 19, 0, 10, 22, 15, 12, 20, 28, 5, 13, 24, 23, 6, 16, 1, 9, 31, 30, 3, 8, 25, 21, 27, 29, 7, 17, 26, 14
14, 4, 10, 9, 23, 25, 31, 13, 18, 16, 20, 26, 30, 7, 1, 5, 15, 27, 0, 2, 6, 29, 19, 24, 28, 11, 17, 22, 3, 12, 21, 8
23, 25, 14, 2, 6, 5, 7, 20, 16, 12, 31, 3, 11, 4, 21, 1, 22, 19, 30, 9, 28, 13, 18, 26, 10, 15, 17, 0, 24, 27, 29, 8
18, 25, 17, 11, 3, 5, 4, 6, 2, 10, 28, 15, 19, 0, 7, 1, 24, 12, 16, 26, 13, 31, 8, 14, 27, 29, 23, 22, 30, 9, 21, 20
3, 18, 22, 23, 7, 8, 10, 17, 31, 6, 29, 21, 12, 30, 2, 11, 25, 27, 20, 24, 9, 13, 15, 5, 28, 14, 19, 26, 1, 16, 0, 4
20, 0, 7, 15, 26, 30, 31, 3, 27, 10, 16, 12, 11, 25, 14, 17, 9, 23, 2, 18, 13, 8, 6, 5, 22, 28, 29, 19, 1, 21, 24, 4
17, 5, 29, 1, 9, 11, 24, 7, 30, 10, 27, 13, 22, 31, 26, 18, 16, 0, 15, 6, 3, 4, 14, 19, 25, 20, 8, 12, 28, 21, 2, 23
6, 2, 18, 9, 16, 12, 21, 1, 4, 3, 23, 22, 25, 13, 20, 5, 31, 27, 8, 19, 26, 7, 11, 29, 15, 30, 10, 14, 0, 17, 28, 24
13, 20, 3, 9, 26, 4, 8, 18, 21, 6, 19, 7, 10, 24, 29, 5, 28, 15, 17, 11, 31, 0, 12, 30, 14, 16, 23, 27, 25, 22, 1, 2
Pocket:
23, 18, 5, 25, 9, 8, 26, 14, 29, 16, 4, 24, 12, 10, 30, 13, 15, 20, 7, 19, 22, 21, 17, 3, 2, 6, 31, 0, 11, 28, 27, 1
21, 26, 23, 3, 11, 4, 0, 6, 7, 30, 15, 22, 28, 24, 10, 13, 1, 8, 20, 16, 27, 19, 25, 2, 29, 12, 18, 5, 14, 9, 17, 31
14, 28, 29, 26, 3, 19, 18, 0, 11, 12, 8, 2, 1, 13, 25, 4, 7, 16, 30, 10, 20, 31, 15, 9, 6, 23, 27, 21, 22, 17, 24, 5
26, 23, 19, 14, 0, 27, 10, 31, 12, 28, 1, 30, 17, 20, 21, 18, 4, 24, 29, 15, 16, 8, 25, 7, 9, 6, 3, 11, 13, 22, 5, 2
9, 14, 17, 27, 30, 31, 2, 22, 19, 11, 10, 26, 8, 6, 24, 18, 3, 28, 25, 29, 5, 16, 20, 13, 0, 23, 1, 15, 21, 7, 4, 12
29, 3, 12, 5, 18, 17, 21, 15, 4, 24, 13, 0, 9, 23, 20, 27, 22, 16, 7, 1, 6, 19, 28, 11, 31, 14, 25, 8, 10, 2, 26, 30
15, 2, 11, 24, 8, 0, 6, 25, 23, 7, 16, 20, 10, 31, 13, 30, 3, 17, 1, 4, 12, 21, 19, 18, 22, 29, 28, 26, 5, 14, 9, 27
19, 22, 26, 15, 3, 21, 16, 31, 25, 13, 23, 27, 8, 14, 4, 6, 5, 9, 2, 29, 18, 24, 17, 7, 0, 11, 1, 12, 10, 28, 30, 20
23, 7, 31, 25, 13, 16, 9, 21, 18, 15, 29, 6, 22, 14, 27, 19, 20, 24, 4, 26, 1, 12, 11, 17, 8, 28, 5, 3, 30, 0, 2, 10
29, 22, 21, 5, 28, 13, 15, 14, 10, 24, 11, 31, 30, 0, 6, 20, 4, 16, 12, 1, 7, 18, 26, 9, 23, 25, 19, 17, 27, 3, 8, 2
Pocket:
10, 2, 28, 16, 3, 31, 15, 17, 23, 27, 1, 8, 24, 25, 11, 13, 0, 22, 30, 5, 21, 26, 12, 29, 19, 9, 20, 7, 18, 6, 14, 4
11, 13, 16, 14, 19, 10, 27, 28, 2, 22, 26, 15, 20, 30, 6, 17, 3, 5, 4, 29, 9, 1, 7, 23, 12, 21, 18, 8, 24, 25, 0, 31
10, 7, 0, 8, 26, 29, 20, 11, 31, 4, 18, 3, 19, 27, 14, 28, 1, 22, 9, 12, 2, 16, 23, 25, 24, 13, 6, 30, 17, 21, 5, 15
28, 6, 31, 29, 5, 4, 16, 13, 25, 20, 3, 9, 23, 11, 19, 8, 26, 22, 2, 12, 0, 1, 14, 18, 15, 10, 24, 7, 30, 27, 17, 21
16, 12, 10, 6, 3, 27, 14, 2, 30, 1, 25, 9, 28, 8, 26, 0, 17, 22, 29, 23, 15, 7, 4, 21, 18, 20, 24, 31, 11, 19, 13, 5
14, 15, 8, 11, 1, 27, 26, 19, 22, 23, 5, 21, 30, 24, 28, 7, 18, 17, 6, 29, 13, 3, 4, 20, 10, 25, 2, 16, 0, 31, 9, 12
12, 23, 18, 20, 13, 7, 29, 9, 2, 3, 19, 24, 11, 25, 22, 16, 15, 6, 8, 28, 26, 14, 1, 17, 10, 4, 31, 0, 5, 27, 30, 21
16, 27, 30, 29, 14, 17, 18, 3, 7, 20, 26, 21, 25, 6, 2, 24, 10, 4, 31, 12, 22, 15, 23, 0, 19, 5, 9, 13, 1, 28, 8, 11
7, 18, 31, 22, 30, 24, 27, 8, 6, 20, 2, 15, 19, 13, 16, 10, 26, 25, 4, 9, 21, 11, 5, 29, 17, 0, 12, 3, 28, 1, 14, 23
7, 13, 30, 28, 14, 16, 10, 1, 9, 11, 3, 18, 23, 0, 20, 12, 29, 2, 8, 22, 5, 17, 25, 31, 4, 26, 24, 6, 21, 27, 19, 15
Pocket:
29, 7, 21, 13, 17, 12, 31, 2, 15, 19, 1, 3, 0, 10, 16, 25, 20, 28, 11, 22, 4, 14, 24, 5, 9, 23, 8, 18, 6, 30, 27, 26
30, 10, 2, 0, 26, 20, 25, 9, 23, 13, 21, 7, 3, 14, 31, 18, 17, 15, 22, 27, 24, 4, 6, 28, 29, 16, 5, 8, 1, 11, 19, 12
27, 21, 7, 17, 3, 12, 24, 2, 10, 5, 20, 0, 1, 23, 18, 16, 4, 13, 8, 22, 31, 28, 14, 15, 19, 30, 26, 11, 6, 29, 25, 9
10, 15, 4, 21, 19, 3, 8, 20, 31, 9, 1, 5, 2, 14, 30, 16, 29, 22, 6, 23, 24, 0, 12, 27, 26, 13, 28, 17, 11, 7, 25, 18
12, 26, 11, 7, 1, 0, 28, 14, 27, 16, 3, 8, 29, 25, 13, 18, 10, 4, 24, 5, 20, 31, 22, 9, 21, 15, 2, 30, 17, 19, 23, 6
11, 23, 8, 5, 9, 4, 12, 1, 6, 14, 15, 31, 28, 0, 25, 7, 26, 3, 24, 22, 30, 17, 18, 27, 20, 21, 19, 10, 29, 16, 2, 13
0, 14, 15, 12, 25, 22, 1, 30, 28, 5, 11, 29, 17, 19, 2, 26, 20, 31, 13, 23, 9, 18, 6, 4, 16, 21, 8, 7, 27, 10, 3, 24
21, 1, 7, 10, 14, 26, 23, 20, 12, 4, 30, 28, 18, 31, 5, 17, 0, 9, 24, 25, 27, 29, 3, 15, 19, 22, 6, 8, 2, 16, 11, 13
24, 2, 31, 8, 20, 13, 18, 23, 16, 7, 0, 11, 26, 22, 28, 10, 27, 19, 30, 15, 3, 17, 21, 1, 6, 4, 14, 25, 9, 29, 5, 12
13, 2, 16, 12, 7, 4, 10, 17, 20, 9, 8, 29, 5, 22, 31, 26, 23, 18, 25, 24, 19, 1, 11, 28, 3, 27, 15, 0, 6, 21, 14, 30
Pocket:
24, 9, 31, 19, 4, 28, 11, 17, 0, 20, 12, 2, 7, 15, 3, 23, 29, 30, 25, 21, 10, 1, 16, 6, 18, 26, 13, 14, 22, 8, 5, 27
4, 15, 6, 8, 16, 3, 5, 26, 24, 27, 22, 25, 17, 13, 21, 30, 7, 23, 9, 31, 28, 12, 19, 10, 2, 18, 14, 11, 1, 20, 0, 29
5, 11, 21, 30, 7, 6, 16, 22, 10, 4, 2, 0, 8, 23, 3, 26, 15, 28, 24, 18, 27, 1, 13, 17, 25, 9, 19, 31, 29, 12, 14, 20
10, 8, 13, 31, 26, 18, 0, 28, 15, 27, 23, 24, 9, 20, 30, 12, 6, 11, 25, 4, 17, 2, 14, 7, 3, 16, 1, 29, 5, 19, 21, 22
25, 31, 13, 18, 8, 14, 0, 9, 21, 3, 19, 29, 6, 24, 12, 27, 4, 5, 15, 2, 20, 26, 11, 1, 28, 10, 7, 17, 30, 16, 22, 23
24, 11, 2, 14, 6, 4, 13, 30, 21, 15, 28, 8, 7, 19, 17, 25, 5, 16, 23, 26, 0, 12, 3, 27, 22, 10, 29, 9, 18, 20, 1, 31
2, 22, 28, 9, 26, 10, 25, 18, 0, 29, 6, 13, 16, 3, 5, 17, 12, 21, 11, 24, 4, 27, 23, 15, 8, 1, 20, 31, 30, 19, 7, 14
30, 17, 1, 4, 8, 3, 31, 6, 25, 29, 23, 26, 11, 22, 5, 12, 2, 10, 19, 9, 21, 18, 14, 7, 28, 27, 13, 15, 0, 24, 16, 20
19, 13, 29, 16, 5, 12, 2, 22, 1, 0, 30, 31, 10, 18, 28, 17, 11, 6, 20, 23, 3, 24, 7, 27, 8, 9, 14, 26, 25, 15, 21, 4
20, 24, 2, 9, 4, 28, 27, 10, 25, 0, 12, 21, 23, 30, 7, 29, 1, 16, 19, 17, 3, 5, 31, 18, 11, 22, 13, 15, 8, 6, 14, 26
Pocket:
16, 9, 29, 24, 0, 14, 17, 13, 26, 19, 3, 6, 7, 31, 30, 12, 20, 10, 4, 18, 5, 28, 15, 11, 2, 25, 27, 1, 8, 23, 22, 21
31, 19, 22, 16, 12, 10, 9, 7, 8, 23, 15, 3, 28, 21, 20, 17, 29, 25, 30, 2, 6, 14, 11, 1, 18, 5, 24, 0, 4, 27, 13, 26
13, 19, 27, 4, 21, 20, 10, 24, 23, 18, 9, 26, 6, 8, 30, 31, 29, 12, 2, 0, 15, 11, 28, 16, 25, 3, 22, 5, 17, 14, 7, 1
17, 10, 6, 24, 31, 8, 4, 15, 19, 7, 11, 2, 14, 20, 29, 0, 13, 1, 27, 16, 18, 9, 26, 30, 23, 25, 22, 21, 3, 5, 12, 28
29, 5, 12, 2, 0, 9, 27, 3, 13, 25, 26, 23, 8, 17, 24, 10, 4, 14, 22, 30, 31, 15, 18, 16, 28, 20, 6, 11, 19, 7, 21, 1
7, 6, 26, 13, 28, 9, 12, 23, 3, 14, 21, 4, 17, 31, 22, 2, 5, 18, 20, 11, 16, 15, 0, 29, 19, 1, 24, 27, 8, 25, 10, 30
15, 24, 0, 21, 29, 26, 20, 18, 3, 7, 11, 28, 19, 23, 4, 12, 31, 10, 5, 16, 22, 17, 2, 27, 1, 8, 30, 6, 9, 25, 14, 13
8, 22, 0, 25, 9, 16, 11, 28, 3, 21, 7, 13, 23, 14, 12, 17, 30, 15, 29, 2, 6, 5, 10, 26, 27, 1, 24, 31, 20, 18, 4, 19
27, 11, 7, 25, 20, 29, 10, 1, 28, 5, 0, 22, 18, 9, 30, 16, 19, 4, 17, 8, 6, 3, 2, 21, 14, 13, 15, 23, 26, 12, 24, 31
4, 28, 30, 29, 0, 19, 8, 15, 16, 23, 1, 17, 20, 7, 9, 10, 18, 26, 11, 31, 6, 24, 3, 13, 5, 21, 12, 22, 25, 27, 14, 2
Pocket:
10, 31, 11, 2, 26, 30, 13, 23, 8, 9, 3, 1, 12, 25, 19, 0, 4, 18, 21, 14, 7, 15, 27, 29, 17, 16, 22, 24, 5, 6, 20, 28
25, 27, 6, 26, 22, 24, 28, 11, 30, 7, 0, 4, 10, 2, 13, 14, 1, 12, 3, 8, 17, 18, 20, 16, 19, 29, 15, 23, 5, 9, 31, 21
10, 30, 17, 31, 24, 29, 18, 7, 28, 0, 19, 16, 21, 9, 12, 5, 6, 11, 14, 22, 8, 1, 23, 3, 13, 25, 15, 4, 2, 20, 26, 27
18, 30, 3, 8, 23, 16, 27, 13, 24, 29, 10, 6, 31, 22, 15, 20, 19, 9, 0, 14, 26, 25, 17, 1, 5, 12, 11, 21, 7, 28, 4, 2
13, 0, 14, 22, 19, 4, 9, 28, 25, 16, 26, 3, 2, 1, 8, 18, 7, 23, 29, 24, 17, 30, 5, 6, 10, 27, 15, 11, 21, 12, 31, 20
17, 9, 29, 13, 12, 24, 19, 28, 10, 11, 3, 30, 25, 15, 7, 20, 4, 2, 8, 27, 0, 6, 26, 31, 22, 14, 21, 23, 16, 18, 1, 5
7, 15, 14, 3, 20, 28, 31, 23, 19, 18, 9, 27, 2, 17, 1, 25, 12, 24, 10, 21, 11, 22, 13, 4, 5, 8, 26, 6, 16, 29, 0, 30
31, 23, 6, 30, 21, 28, 15, 26, 2, 13, 8, 20, 18, 0, 7, 14, 29, 16, 11, 5, 22, 17, 25, 10, 27, 19, 4, 12, 24, 1, 9, 3
10, 19, 12, 8, 23, 20, 27, 0, 1, 4, 28, 3, 30, 17, 24, 22, 21, 15, 18, 5, 11, 26, 7, 6, 13, 9, 14, 29, 31, 2, 16, 25
9, 0, 1, 24, 19, 11, 8, 25, 18, 12, 27, 30, 6, 22, 28, 17, 5, 16, 20, 26, 21, 3, 10, 14, 31, 15, 2, 4, 29, 23, 7, 13
Pocket:
8, 31, 23, 24, 22, 29, 28, 15, 21, 11, 10, 12, 27, 17, 13, 3, 5, 4, 2, 26, 9, 18, 6, 14, 30, 25, 19, 1, 7, 0, 16, 20
29, 31, 7, 12, 16, 26, 27, 23, 30, 28, 24, 1, 8, 22, 6, 18, 25, 21, 3, 10, 5, 11, 14, 15, 9, 0, 4, 19, 17, 20, 13, 2
4, 8, 29, 28, 0, 23, 31, 7, 10, 21, 3, 2, 24, 9, 13, 22, 26, 18, 14, 1, 30, 11, 20, 6, 25, 17, 5, 12, 15, 16, 19, 27
29, 1, 13, 0, 12, 5, 22, 11, 27, 26, 20, 2, 23, 10, 4, 3, 21, 30, 19, 24, 6, 8, 25, 17, 16, 18, 9, 15, 7, 14, 31, 28
10, 26, 3, 28, 23, 8, 11, 20, 7, 17, 4, 5, 19, 18, 1, 15, 9, 24, 22, 2, 14, 21, 6, 0, 13, 31, 25, 30, 16, 27, 29, 12
8, 2, 3, 20, 1, 28, 18, 16, 15, 31, 12, 4, 30, 9, 21, 24, 26, 6, 0, 25, 10, 5, 19, 29, 14, 27, 11, 13, 7, 22, 23, 17
20, 7, 2, 25, 23, 18, 6, 1, 29, 5, 0, 15, 9, 21, 27, 24, 30, 3, 17, 19, 12, 26, 8, 16, 22, 31, 14, 28, 13, 10, 4, 11
2, 29, 20, 23, 19, 12, 22, 3, 9, 7, 16, 5, 17, 10, 18, 26, 11, 1, 28, 31, 6, 27, 15, 24, 14, 30, 0, 13, 4, 21, 8, 25
7, 28, 3, 2, 12, 20, 4, 25, 17, 22, 18, 8, 26, 0, 13, 21, 30, 31, 10, 1, 11, 27, 6, 15, 29, 23, 16, 9, 5, 19, 14, 24
22, 16, 11, 13, 21, 30, 15, 4, 0, 26, 18, 23, 27, 10, 6, 1, 17, 5, 24, 8, 12, 31, 14, 9, 29, 3, 25, 2, 19, 7, 20, 28
Pocket:
5, 16, 0, 15, 19, 20, 9, 31, 29, 13, 8, 28, 2, 26, 23, 17, 12, 22, 11, 7, 4, 3, 14, 18, 6, 24, 30, 10, 27, 1, 25, 21
3, 27, 9, 23, 26, 18, 19, 8, 16, 4, 30, 20, 11, 21, 24, 31, 1, 13, 29, 25, 10, 12, 17, 22, 2, 0, 14, 28, 15, 6, 5, 7
21, 18, 16, 24, 11, 25, 28, 19, 8, 20, 6, 7, 30, 17, 9, 0, 12, 29, 13, 3, 27, 26, 14, 5, 22, 4, 15, 2, 1, 10, 31, 23
30, 11, 28, 29, 8, 21, 10, 4, 27, 16, 17, 13, 9, 31, 19, 20, 15, 24, 5, 22, 18, 14, 7, 3, 26, 12, 23, 2, 0, 25, 1, 6
23, 15, 5, 14, 29, 11, 10, 18, 9, 27, 24, 8, 16, 1, 19, 7, 28, 22, 31, 6, 4, 2, 13, 26, 17, 0, 30, 25, 12, 3, 21, 20
3, 1, 31, 30, 7, 22, 21, 9, 2, 25, 16, 14, 8, 26, 13, 27, 15, 24, 17, 6, 23, 0, 10, 19, 28, 18, 11, 20, 12, 5, 4, 29
7, 30, 24, 1, 26, 22, 12, 6, 4, 11, 21, 31, 18, 17, 23, 2, 16, 15, 25, 20, 0, 28, 8, 10, 3, 13, 19, 5, 29, 27, 9, 14
6, 20, 25, 17, 21, 22, 9, 0, 7, 5, 14, 24, 18, 4, 3, 29, 1, 8, 12, 30, 10, 28, 31, 13, 11, 19, 26, 16, 27, 15, 23, 2
19, 1, 0, 21, 8, 12, 3, 7, 20, 30, 17, 6, 22, 31, 26, 14, 27, 9, 16, 13, 11, 24, 23, 15, 29, 28, 25, 2, 4, 10, 18, 5
24, 14, 10, 17, 0, 20, 26, 8, 27, 6, 18, 11, 22, 2, 25, 5, 13, 28, 21, 30, 19, 4, 12, 1, 29, 7, 16, 3, 9, 31, 15, 23
Pocket:
10, 20, 29, 22, 18, 5, 15, 28, 13, 23, 8, 19, 2, 14, 12, 27, 21, 0, 6, 9, 25, 31, 24, 4, 16, 11, 7, 17, 1, 26, 3, 30
3, 22, 6, 27, 19, 16, 18, 14, 13, 12, 8, 10, 2, 31, 24, 21, 20, 29, 26, 9, 28, 4, 23, 25, 11, 1, 0, 17, 15, 5, 30, 7
28, 17, 26, 31, 30, 20, 15, 25, 19, 8, 23, 14, 9, 22, 11, 6, 0, 21, 16, 24, 13, 4, 2, 1, 10, 12, 29, 7, 5, 3, 27, 18
19, 4, 7, 25, 17, 8, 12, 14, 29, 26, 3, 22, 6, 21, 28, 30, 9, 10, 23, 24, 18, 0, 16, 15, 27, 20, 31, 2, 1, 13, 5, 11
12, 13, 0, 25, 26, 15, 11, 30, 7, 4, 23, 22, 27, 16, 18, 14, 3, 6, 31, 9, 10, 8, 1, 2, 19, 28, 24, 5, 17, 29, 20, 21
20, 3, 11, 4, 7, 16, 22, 19, 6, 10, 0, 26, 8, 5, 27, 15, 2, 31, 21, 1, 29, 14, 28, 9, 12, 13, 17, 23, 30, 18, 24, 25
2, 28, 1, 29, 20, 12, 19, 22, 18, 5, 16, 27, 17, 7, 21, 13, 24, 15, 31, 23, 10, 6, 14, 8, 0, 26, 25, 30, 9, 3, 4, 11
28, 21, 23, 4, 12, 29, 16, 15, 8, 3, 5, 7, 14, 18, 20, 25, 11, 22, 24, 1, 26, 19, 30, 17, 6, 31, 27, 2, 9, 0, 10, 13
20, 23, 0, 27, 31, 24, 17, 30, 28, 12, 16, 25, 3, 9, 11, 26, 13, 29, 15, 19, 1, 6, 21, 7, 14, 4, 5, 22, 2, 18, 8, 10
10, 9, 23, 7, 21, 13, 27, 16, 26, 24, 22, 31, 29, 14, 17, 15, 30, 2, 19, 6, 11, 3, 0, 4, 20, 28, 18, 12, 1, 8, 5, 25
Pocket:
5, 21, 19, 3, 27, 8, 17, 24, 20, 7, 31, 30, 23, 13, 6, 29, 15, 11, 22, 26, 0, 2, 14, 9, 18, 16, 12, 1, 28, 25, 4, 10
22, 5, 29, 13, 12, 3, 26, 8, 6, 19, 1, 15, 2, 23, 11, 16, 24, 30, 21, 9, 0, 4, 18, 27, 20, 25, 28, 7, 14, 31, 10, 17
14, 26, 27, 16, 10, 2, 24, 29, 6, 13, 7, 22, 25, 31, 20, 30, 18, 1, 0, 3, 4, 8, 5, 17, 21, 28, 23, 9, 19, 15, 11, 12
15, 4, 2, 0, 17, 21, 8, 13, 3, 23, 10, 18, 28, 11, 6, 29, 14, 16, 20, 12, 22, 25, 7, 19, 26, 24, 27, 9, 5, 1, 30, 31
31, 17, 7, 29, 2, 22, 9, 3, 13, 19, 10, 20, 12, 21, 0, 14, 30, 27, 15, 26, 5, 11, 6, 16, 28, 25, 4, 1, 23, 24, 8, 18
5, 28, 12, 1, 4, 9, 3, 30, 6, 10, 24, 16, 17, 2, 15, 23, 20, 29, 19, 21, 0, 25, 26, 14, 31, 27, 18, 13, 22, 8, 7, 11
6, 7, 26, 20, 8, 21, 25, 1, 30, 3, 11, 16, 14, 0, 22, 27, 13, 24, 17, 29, 15, 9, 28, 18, 23, 19, 10, 31, 4, 12, 2, 5
3, 15, 1, 8, 24, 23, 26, 13, 19, 21, 9, 7, 30, 16, 2, 31, 17, 20, 28, 11, 18, 10, 5, 27, 22, 6, 0, 12, 4, 25, 14, 29
20, 13, 7, 3, 17, 10, 28, 29, 15, 2, 12, 1, 18, 11, 0, 16, 9, 6, 5, 22, 23, 27, 19, 8, 31, 25, 26, 14, 4, 30, 21, 24
13, 19, 3, 0, 28, 16, 12, 4, 1, 18, 7, 15, 29, 6, 30, 31, 21, 20, 14, 25, 8, 27, 10, 2, 9, 5, 22, 17, 26, 11, 24, 23
