Pocket:
6, 19, 31, 11, 9, 12, 7, 0, 29, 25, 24, 10, 21, 28, 22, 3, 17, 23, 30, 20, 13, 18, 4, 5, 15, 1, 8, 16, 27, 2, 26, 14
24, 20, 27, 9, 21, 30, 18, 14, 13, 17, 12, 22, 29, 28, 10, 7, 8, 23, 5, 1, 31, 16, 15, 3, 0, 25, 11, 2, 26, 19, 6, 4
30, 29, 22, 1, 19, 12, 31, 20, 18, 0, 15, 24, 14, 8, 23, 2, 9, 26, 7, 21, 13, 27, 6, 5, 16, 10, 25, 4, 17, 3, 28, 11
2, 7, 21, 16, 11, 22, 27, 15, 14, 4, 5, 25, 6, 3, 31, 8, 26, 28, 17, 20, 30, 23, 10, 0, 19, 13, 18, 12, 1, 29, 9, 24
11, 0, 8, 25, 17, 24, 20, 6, 30, 22, 19, 13, 23, 31, 14, 16, 1, 18, 12, 9, 2, 15, 7, 10, 28, 26, 4, 27, 5, 3, 29, 21
14, 15, 16, 25, 8, 10, 3, 18, 9, 31, 28, 24, 12, 0, 13, 29, 11, 22, 20, 19, 26, 4, 21, 23, 7, 1, 5, 30, 27, 6, 2, 17
16, 20, 6, 5, 2, 29, 21, 19, 0, 4, 8, 23, 18, 30, 9, 7, 3, 24, 22, 26, 1, 28, 27, 12, 31, 13, 15, 11, 25, 17, 14, 10
11, 12, 20, 9, 31, 7, 2, 29, 28, 30, 21, 16, 5, 10, 24, 8, 27, 25, 18, 26, 4, 23, 1, 3, 13, 22, 19, 14, 0, 6, 17, 15
27, 24, 19, 3, 20, 10, 23, 13, 28, 11, 9, 25, 8, 26, 22, 2, 12, 5, 14, 1, 6, 4, 31, 15, 18, 16, 7, 30, 21, 29, 17, 0
9, 21, 30, 0, 5, 25, 7, 28, 15, 24, 26, 27, 8, 29, 17, 23, 13, 18, 3, 10, 12, 4, 16, 2, 20, 14, 1, 22, 6, 19, 31, 11
Pocket:
24, 15, 28, 10, 6, 14, 12, 5, 16, 20, 1, 26, 17, 3, 2, 7, 9, 11, 25, 22, 18, 4, 13, 8, 30, 29, 21, 0, 23, 31, 27, 19
30, 29, 22, 1, 19, 12, 31, 20, 18, 0, 15, 24, 14, 8, 23, 2, 9, 26, 7, 21, 13, 27, 6, 5, 16, 10, 25, 4, 17, 3, 28, 11
20, 12, 8, 1, 30, 18, 17, 11, 25, 2, 15, 21, 29, 6, 5, 19, 23, 7, 26, 0, 28, 22, 14, 24, 9, 10, 16, 4, 13, 31, 27, 3
18, 14, 4, 11, 25, 16, 23, 8, 31, 21, 5, 15, 7, 3, 28, 6, 30, 13, 17, 22, 1, 26, 29, 2, 9, 19, 12, 24, 20, 27, 10, 0
13, 21, 18, 20, 26, 5, 30, 0, 15, 9, 23, 16, 24, 8, 22, 14, 31, 4, 10, 7, 2, 19, 17, 3, 6, 12, 1, 11, 29, 27, 25, 28
14, 18, 23, 5, 17, 13, 20, 8, 15, 2, 19, 25, 22, 12, 10, 1, 30, 16, 28, 11, 3, 21, 0, 26, 27, 31, 4, 24, 6, 29, 7, 9
26, 13, 29, 15, 8, 27, 19, 30, 4, 31, 11, 0, 21, 24, 10, 7, 12, 18, 3, 28, 20, 23, 9, 17, 5, 6, 1, 14, 16, 25, 22, 2
26, 18, 19, 6, 31, 17, 1, 25, 9, 0, 11, 22, 29, 24, 13, 23, 16, 2, 27, 7, 4, 10, 21, 15, 5, 30, 8, 3, 14, 12, 20, 28
7, 14, 30, 23, 31, 16, 12, 20, 8, 10, 9, 25, 27, 26, 15, 17, 24, 2, 4, 22, 13, 11, 18, 5, 3, 1, 28, 19, 21, 0, 29, 6
4, 11, 18, 23, 20, 13, 29, 2, 27, 22, 0, 17, 26, 7, 14, 6, 19, 9, 3, 25, 28, 12, 5, 24, 21, 8, 1, 31, 16, 30, 15, 10
Pocket:
12, 5, 15, 17, 3, 13, 25, 0, 1, 23, 29, 9, 4, 22, 21, 18, 14, 10, 7, 24, 30, 31, 16, 6, 11, 8, 19, 2, 20, 28, 27, 26
31, 19, 24, 10, 20, 8, 4, 16, 2, 15, 1, 28, 13, 9, 11, 0, 23, 27, 21, 22, 17, 29, 25, 12, 26, 14, 7, 30, 5, 18, 3, 6
19, 20, 2, 18, 24, 7, 14, 1, 22, 30, 0, 25, 31, 16, 29, 12, 27, 15, 13, 10, 4, 3, 23, 9, 21, 17, 28, 26, 5, 6, 11, 8
24, 20, 27, 9, 21, 30, 18, 14, 13, 17, 12, 22, 29, 28, 10, 7, 8, 23, 5, 1, 31, 16, 15, 3, 0, 25, 11, 2, 26, 19, 6, 4
14, 28, 8, 15, 27, 23, 0, 2, 18, 29, 26, 11, 22, 3, 30, 9, 24, 1, 25, 16, 5, 17, 13, 6, 19, 7, 31, 4, 10, 21, 20, 12
7, 26, 12, 22, 15, 16, 19, 5, 13, 29, 23, 9, 30, 4, 31, 21, 14, 10, 11, 17, 6, 8, 20, 2, 1, 25, 0, 24, 18, 28, 3, 27
23, 31, 28, 9, 20, 14, 6, 18, 10, 25, 21, 2, 15, 30, 26, 1, 13, 27, 12, 19, 16, 7, 5, 17, 29, 0, 11, 3, 22, 4, 8, 24
15, 11, 2, 0, 1, 18, 22, 14, 7, 31, 13, 4, 20, 8, 10, 3, 25, 30, 19, 24, 6, 21, 26, 28, 12, 27, 23, 5, 29, 9, 17, 16
23, 16, 26, 20, 21, 7, 29, 24, 28, 0, 5, 31, 19, 3, 1, 22, 13, 9, 25, 30, 15, 18, 10, 27, 2, 6, 17, 4, 8, 14, 12, 11
17, 5, 22, 13, 10, 25, 31, 0, 2, 18, 21, 9, 26, 11, 29, 24, 3, 19, 15, 30, 4, 20, 16, 7, 6, 14, 1, 23, 28, 12, 8, 27
Pocket:
26, 20, 31, 22, 6, 13, 25, 19, 7, 9, 14, 23, 5, 11, 0, 29, 30, 16, 15, 8, 21, 27, 4, 28, 2, 10, 18, 24, 17, 1, 3, 12
21, 11, 8, 22, 26, 13, 0, 24, 27, 6, 19, 15, 16, 14, 31, 10, 2, 9, 12, 30, 7, 4, 1, 17, 3, 28, 5, 25, 23, 18, 20, 29
17, 27, 8, 2, 30, 13, 4, 11, 5, 18, 29, 9, 24, 28, 19, 26, 1, 0, 7, 14, 25, 6, 12, 15, 21, 22, 10, 16, 31, 3, 23, 20
3, 27, 8, 14, 28, 15, 6, 13, 0, 9, 22, 26, 31, 2, 18, 11, 1, 12, 19, 5, 23, 4, 24, 25, 30, 17, 29, 10, 16, 21, 20, 7
14, 2, 31, 22, 5, 4, 10, 8, 3, 7, 12, 20, 17, 23, 24, 25, 11, 6, 15, 21, 9, 0, 26, 27, 29, 30, 18, 16, 13, 28, 1, 19
15, 7, 2, 4, 12, 23, 26, 18, 22, 30, 8, 1, 27, 20, 17, 0, 28, 25, 21, 6, 9, 5, 19, 10, 3, 31, 24, 13, 11, 14, 29, 16
2, 7, 21, 16, 11, 22, 27, 15, 14, 4, 5, 25, 6, 3, 31, 8, 26, 28, 17, 20, 30, 23, 10, 0, 19, 13, 18, 12, 1, 29, 9, 24
27, 2, 7, 3, 15, 13, 12, 8, 6, 9, 30, 21, 1, 18, 4, 31, 22, 16, 14, 17, 20, 0, 24, 19, 29, 28, 25, 23, 26, 11, 5, 10
27, 22, 7, 1, 9, 18, 13, 15, 21, 2, 24, 5, 19, 11, 3, 6, 29, 4, 10, 20, 28, 14, 8, 30, 26, 17, 23, 31, 16, 12, 25, 0
2, 27, 1, 26, 31, 11, 0, 25, 30, 18, 10, 23, 7, 28, 3, 13, 9, 17, 21, 4, 5, 19, 29, 14, 16, 6, 22, 15, 24, 20, 8, 12
Pocket:
0, 10, 31, 13, 3, 2, 20, 16, 29, 6, 9, 17, 22, 24, 14, 25, 8, 15, 18, 11, 30, 12, 26, 23, 7, 28, 19, 21, 5, 27, 4, 1
9, 30, 13, 16, 10, 11, 4, 24, 6, 14, 0, 21, 31, 28, 8, 5, 18, 26, 19, 2, 7, 29, 15, 12, 1, 22, 17, 23, 20, 25, 27, 3
16, 13, 10, 2, 15, 9, 4, 8, 27, 1, 30, 29, 25, 24, 31, 7, 14, 22, 6, 21, 20, 5, 3, 28, 12, 11, 23, 17, 0, 26, 19, 18
22, 0, 14, 17, 11, 25, 15, 16, 31, 18, 29, 30, 7, 13, 4, 20, 2, 28, 21, 6, 3, 24, 9, 19, 1, 10, 12, 27, 23, 8, 26, 5
22, 4, 25, 15, 28, 29, 12, 19, 5, 13, 11, 14, 30, 23, 0, 2, 24, 31, 16, 10, 21, 26, 27, 1, 3, 6, 18, 8, 7, 17, 9, 20
16, 4, 20, 13, 29, 25, 22, 14, 27, 21, 5, 1, 6, 3, 23, 17, 15, 0, 9, 11, 28, 8, 18, 24, 7, 19, 31, 12, 30, 26, 10, 2
0, 24, 28, 19, 14, 7, 21, 29, 26, 17, 23, 5, 30, 15, 9, 18, 12, 20, 8, 1, 27, 6, 3, 2, 31, 25, 10, 16, 22, 13, 4, 11
1, 19, 15, 26, 28, 6, 17, 18, 31, 7, 25, 12, 9, 11, 0, 8, 3, 2, 21, 13, 23, 24, 20, 14, 22, 29, 10, 16, 4, 5, 30, 27
10, 14, 12, 3, 20, 11, 15, 27, 7, 23, 16, 9, 5, 19, 28, 29, 21, 2, 26, 18, 22, 30, 25, 13, 4, 6, 8, 17, 31, 24, 1, 0
19, 10, 28, 14, 25, 1, 11, 31, 3, 4, 9, 16, 26, 0, 7, 23, 17, 12, 2, 6, 27, 24, 20, 13, 21, 22, 15, 8, 18, 5, 29, 30
Pocket:
6, 17, 28, 26, 10, 11, 13, 2, 14, 0, 16, 18, 27, 25, 3, 22, 9, 31, 12, 4, 1, 21, 23, 7, 8, 24, 5, 30, 29, 20, 15, 19
7, 2, 11, 22, 30, 9, 28, 20, 14, 15, 29, 26, 24, 3, 21, 31, 0, 13, 10, 5, 25, 17, 1, 27, 12, 8, 6, 4, 23, 18, 16, 19
14, 3, 30, 12, 2, 16, 22, 0, 20, 1, 19, 7, 25, 26, 8, 6, 9, 28, 29, 18, 17, 27, 31, 10, 11, 4, 5, 24, 13, 23, 21, 15
25, 3, 10, 12, 29, 26, 6, 20, 11, 7, 24, 19, 1, 4, 8, 5, 15, 23, 14, 17, 27, 18, 28, 21, 9, 16, 22, 2, 13, 31, 0, 30
3, 0, 31, 5, 10, 11, 9, 17, 22, 20, 2, 15, 25, 7, 29, 12, 18, 1, 14, 6, 13, 23, 27, 24, 28, 16, 30, 4, 19, 21, 26, 8
14, 10, 7, 26, 25, 9, 4, 8, 5, 13, 31, 3, 30, 0, 24, 20, 29, 28, 6, 12, 22, 11, 21, 16, 15, 19, 23, 2, 18, 17, 1, 27
29, 17, 21, 24, 16, 13, 0, 25, 23, 2, 4, 27, 1, 11, 22, 19, 10, 26, 7, 14, 31, 20, 30, 9, 18, 12, 3, 28, 5, 8, 15, 6
27, 14, 29, 30, 28, 15, 7, 22, 21, 12, 1, 24, 17, 18, 10, 31, 6, 8, 9, 2, 3, 20, 11, 16, 19, 0, 25, 13, 5, 26, 4, 23
18, 0, 23, 11, 4, 9, 7, 20, 12, 28, 27, 3, 31, 16, 25, 29, 19, 1, 17, 5, 15, 24, 2, 6, 30, 21, 22, 26, 14, 10, 8, 13
30, 17, 18, 19, 12, 7, 15, 2, 28, 1, 9, 24, 31, 11, 0, 5, 14, 23, 16, 29, 25, 10, 21, 6, 4, 27, 8, 13, 26, 20, 3, 22
Pocket:
12, 21, 7, 25, 27, 26, 2, 16, 17, 15, 0, 8, 30, 9, 10, 6, 23, 20, 29, 31, 18, 28, 13, 3, 5, 24, 22, 1, 19, 11, 4, 14
20, 10, 31, 30, 5, 16, 27, 17, 15, 12, 3, 7, 1, 28, 25, 9, 6, 0, 2, 14, 24, 23, 4, 8, 18, 19, 22, 21, 11, 29, 26, 13
30, 3, 18, 13, 16, 21, 28, 27, 14, 1, 15, 4, 22, 23, 6, 12, 25, 24, 8, 9, 20, 17, 29, 2, 31, 0, 5, 19, 11, 26, 10, 7
18, 19, 20, 25, 13, 3, 6, 9, 11, 4, 2, 21, 7, 29, 5, 27, 8, 28, 12, 30, 23, 14, 17, 26, 31, 22, 24, 0, 10, 1, 15, 16
3, 24, 1, 28, 8, 30, 17, 7, 22, 13, 12, 6, 23, 9, 18, 21, 2, 29, 16, 11, 5, 20, 14, 0, 19, 27, 26, 31, 10, 15, 25, 4
19, 28, 22, 29, 2, 31, 16, 13, 20, 1, 4, 5, 26, 23, 25, 8, 3, 12, 0, 9, 7, 18, 30, 27, 6, 24, 14, 11, 10, 17, 21, 15
7, 3, 10, 12, 28, 21, 27, 24, 2, 0, 13, 31, 8, 19, 18, 16, 17, 26, 6, 5, 11, 23, 30, 20, 9, 22, 25, 1, 4, 14, 29, 15
19, 11, 15, 21, 0, 12, 1, 20, 22, 30, 28, 6, 18, 8, 23, 24, 14, 2, 31, 9, 17, 29, 5, 27, 26, 13, 4, 16, 10, 7, 3, 25
24, 10, 26, 11, 28, 2, 9, 12, 18, 7, 6, 13, 8, 5, 1, 29, 17, 19, 22, 16, 0, 25, 27, 3, 20, 31, 15, 21, 4, 30, 14, 23
20, 25, 3, 4, 17, 0, 24, 7, 2, 29, 26, 8, 28, 9, 19, 1, 21, 31, 16, 18, 12, 10, 11, 15, 30, 22, 6, 23, 27, 5, 13, 14
Pocket:
5, 10, 27, 4, 16, 21, 0, 20, 29, 9, 25, 26, 12, 15, 22, 3, 11, 18, 17, 31, 19, 8, 13, 28, 1, 14, 2, 7, 23, 24, 30, 6
13, 24, 12, 10, 20, 3, 26, 4, 7, 2, 28, 1, 19, 18, 15, 22, 29, 27, 5, 14, 21, 8, 17, 31, 30, 25, 6, 11, 23, 9, 16, 0
19, 27, 13, 17, 21, 9, 28, 6, 16, 24, 7, 25, 12, 29, 14, 10, 11, 31, 20, 8, 22, 15, 1, 18, 5, 4, 30, 23, 3, 2, 26, 0
28, 25, 9, 30, 10, 12, 29, 19, 6, 20, 4, 0, 26, 21, 15, 31, 3, 22, 8, 23, 7, 13, 11, 14, 17, 16, 1, 2, 18, 27, 24, 5
22, 16, 19, 2, 8, 21, 25, 17, 18, 4, 1, 3, 6, 27, 30, 0, 14, 20, 12, 10, 7, 9, 13, 11, 15, 23, 28, 31, 24, 26, 5, 29
26, 24, 5, 14, 31, 7, 19, 30, 8, 25, 4, 15, 21, 10, 23, 1, 12, 11, 0, 20, 28, 9, 6, 17, 27, 16, 22, 2, 18, 3, 29, 13
31, 0, 23, 12, 27, 22, 21, 2, 5, 14, 4, 25, 6, 8, 18, 11, 24, 28, 20, 9, 15, 19, 16, 13, 3, 1, 17, 30, 29, 7, 10, 26
30, 31, 5, 13, 22, 0, 27, 15, 25, 2, 3, 8, 7, 20, 23, 16, 1, 9, 11, 21, 28, 14, 26, 17, 10, 18, 24, 12, 29, 6, 4, 19
4, 15, 28, 6, 3, 24, 17, 13, 16, 21, 10, 9, 18, 7, 27, 1, 12, 8, 23, 31, 2, 19, 5, 29, 14, 25, 11, 22, 20, 26, 30, 0
22, 10, 31, 4, 25, 23, 5, 16, 19, 6, 15, 27, 1, 7, 17, 0, 18, 11, 13, 8, 21, 9, 24, 2, 3, 28, 14, 30, 29, 12, 20, 26
Pocket:
4, 20, 11, 23, 13, 3, 5, 28, 7, 15, 1, 26, 2, 8, 16, 21, 22, 0, 24, 17, 30, 10, 31, 25, 18, 19, 27, 6, 9, 14, 12, 29
7, 26, 12, 20, 9, 28, 29, 6, 8, 25, 21, 17, 16, 11, 30, 24, 10, 3, 5, 1, 13, 4, 2, 18, 27, 15, 31, 14, 0, 23, 19, 22
8, 0, 6, 7, 3, 26, 31, 10, 25, 27, 1, 18, 12, 30, 19, 11, 4, 15, 13, 23, 16, 17, 22, 2, 5, 21, 28, 14, 20, 24, 29, 9
11, 18, 31, 8, 17, 7, 20, 2, 13, 12, 5, 25, 4, 1, 30, 29, 27, 26, 24, 6, 23, 9, 10, 22, 14, 21, 28, 0, 16, 3, 15, 19
16, 0, 20, 22, 21, 3, 9, 14, 10, 26, 27, 7, 6, 25, 23, 30, 29, 5, 28, 24, 17, 12, 31, 13, 19, 8, 1, 15, 2, 18, 11, 4
0, 20, 25, 14, 4, 11, 28, 6, 2, 9, 3, 18, 26, 1, 12, 13, 21, 19, 30, 17, 15, 7, 8, 24, 31, 5, 29, 22, 23, 10, 16, 27
10, 26, 11, 28, 5, 23, 12, 13, 31, 25, 0, 20, 22, 6, 27, 14, 21, 1, 16, 4, 3, 17, 19, 15, 29, 9, 18, 7, 2, 8, 24, 30
0, 23, 22, 11, 28, 25, 20, 29, 13, 8, 4, 16, 3, 19, 14, 26, 1, 30, 27, 7, 24, 10, 2, 12, 5, 15, 17, 9, 21, 18, 31, 6
2, 7, 3, 11, 15, 8, 30, 24, 31, 26, 16, 5, 13, 28, 22, 18, 20, 19, 23, 27, 14, 12, 10, 9, 25, 21, 0, 1, 6, 4, 17, 29
5, 4, 15, 13, 16, 26, 11, 14, 1, 19, 30, 8, 24, 28, 18, 22, 23, 27, 21, 25, 0, 9, 20, 29, 7, 2, 12, 3, 17, 10, 6, 31
Pocket:
2, 13, 8, 25, 6, 18, 15, 24, 23, 27, 7, 9, 19, 3, 21, 4, 28, 5, 16, 17, 29, 1, 20, 22, 11, 30, 26, 10, 0, 14, 12, 31
3, 25, 28, 13, 26, 12, 1, 18, 30, 16, 0, 5, 23, 2, 4, 8, 27, 9, 17, 14, 15, 24, 20, 29, 21, 10, 22, 31, 11, 19, 7, 6
15, 27, 29, 12, 5, 13, 25, 7, 0, 1, 18, 9, 8, 30, 20, 21, 31, 11, 6, 17, 14, 24, 19, 26, 28, 22, 10, 4, 16, 2, 23, 3
20, 13, 12, 14, 10, 6, 15, 19, 11, 24, 29, 28, 23, 8, 25, 27, 1, 26, 5, 4, 16, 31, 18, 17, 7, 30, 3, 22, 9, 0, 21, 2
28, 21, 16, 19, 7, 10, 29, 18, 31, 25, 5, 8, 20, 24, 27, 1, 6, 2, 26, 14, 17, 15, 9, 11, 23, 4, 0, 13, 22, 3, 30, 12
13, 16, 21, 4, 23, 3, 2, 25, 19, 9, 24, 28, 8, 0, 10, 11, 5, 22, 18, 17, 29, 30, 26, 15, 12, 14, 7, 31, 6, 20, 1, 27
18, 24, 6, 0, 2, 25, 21, 20, 31, 8, 14, 28, 4, 1, 23, 30, 3, 7, 10, 19, 27, 11, 22, 13, 9, 17, 16, 29, 12, 5, 26, 15
18, 3, 14, 25, 27, 24, 10, 19, 23, 15, 7, 4, 0, 28, 2, 9, 13, 21, 17, 5, 1, 29, 6, 22, 12, 11, 26, 16, 8, 31, 30, 20
21, 13, 27, 1, 31, 16, 30, 23, 25, 9, 7, 4, 22, 28, 24, 2, 12, 19, 18, 14, 5, 17, 26, 20, 6, 15, 11, 10, 3, 29, 0, 8
23, 6, 26, 9, 28, 10, 24, 14, 17, 20, 29, 27, 8, 15, 2, 3, 0, 11, 22, 25, 18, 4, 31, 16, 13, 19, 12, 1, 7, 21, 30, 5
Pocket:
0, 1, 17, 18, 25, 21, 27, 8, 12, 28, 23, 13, 30, 26, 16, 29, 19, 31, 6, 2, 22, 20, 14, 4, 3, 7, 9, 10, 5, 15, 11, 24
24, 8, 17, 12, 29, 0, 31, 6, 30, 23, 5, 11, 9, 19, 26, 1, 4, 2, 27, 28, 3, 16, 13, 14, 15, 25, 7, 21, 20, 10, 22, 18
18, 12, 2, 15, 24, 30, 20, 3, 13, 4, 16, 1, 29, 22, 27, 8, 31, 7, 11, 17, 9, 0, 14, 21, 6, 28, 25, 19, 23, 10, 5, 26
8, 4, 29, 24, 25, 23, 10, 21, 0, 27, 17, 5, 3, 9, 6, 20, 22, 15, 2, 14, 13, 11, 30, 18, 28, 12, 7, 26, 19, 16, 31, 1
5, 30, 29, 12, 9, 19, 28, 18, 20, 25, 15, 23, 7, 22, 24, 11, 3, 2, 27, 14, 26, 4, 16, 8, 6, 10, 31, 0, 21, 17, 13, 1
17, 14, 10, 23, 26, 12, 1, 18, 25, 20, 3, 0, 6, 21, 19, 15, 13, 22, 9, 2, 5, 31, 27, 11, 28, 16, 4, 30, 29, 8, 24, 7
25, 0, 8, 7, 3, 22, 26, 18, 12, 27, 2, 28, 14, 13, 16, 4, 21, 15, 1, 23, 31, 17, 19, 10, 11, 20, 5, 30, 6, 9, 29, 24
22, 6, 18, 11, 25, 5, 19, 2, 20, 27, 23, 24, 1, 7, 26, 15, 29, 21, 17, 16, 8, 30, 3, 9, 14, 12, 0, 4, 31, 10, 13, 28
17, 5, 28, 9, 31, 1, 29, 30, 27, 21, 0, 20, 12, 3, 7, 15, 16, 10, 25, 6, 8, 18, 23, 14, 26, 13, 4, 24, 2, 11, 22, 19
5, 31, 14, 20, 21, 10, 30, 19, 12, 13, 7, 8, 6, 27, 24, 28, 26, 23, 9, 22, 3, 16, 0, 29, 11, 1, 18, 17, 25, 15, 2, 4
Pocket:
28, 29, 1, 19, 15, 27, 21, 18, 11, 0, 13, 30, 22, 3, 23, 20, 8, 31, 6, 17, 4, 16, 14, 12, 7, 5, 2, 9, 26, 10, 24, 25
12, 15, 24, 18, 17, 22, 20, 19, 9, 25, 26, 27, 10, 28, 29, 13, 31, 21, 5, 14, 8, 1, 11, 3, 6, 0, 7, 30, 23, 16, 2, 4
4, 21, 3, 11, 15, 7, 1, 13, 16, 10, 27, 17, 19, 23, 25, 6, 8, 24, 14, 22, 9, 2, 0, 5, 30, 28, 29, 26, 12, 31, 18, 20
19, 21, 13, 23, 29, 24, 27, 14, 6, 12, 9, 11, 20, 15, 0, 22, 25, 16, 8, 26, 31, 30, 17, 10, 4, 1, 2, 18, 3, 7, 5, 28
20, 23, 1, 24, 10, 7, 5, 15, 9, 13, 0, 8, 17, 4, 3, 16, 6, 27, 30, 26, 22, 25, 12, 2, 11, 31, 29, 28, 21, 18, 19, 14
18, 0, 1, 12, 28, 11, 9, 22, 24, 31, 20, 14, 13, 10, 25, 4, 16, 15, 23, 26, 3, 7, 19, 2, 27, 21, 30, 17, 8, 29, 6, 5
21, 0, 2, 16, 11, 29, 14, 25, 12, 4, 20, 3, 28, 22, 6, 24, 10, 7, 19, 17, 23, 9, 15, 1, 27, 30, 26, 13, 8, 18, 5, 31
30, 9, 8, 29, 11, 2, 4, 20, 3, 31, 14, 15, 7, 27, 17, 12, 5, 1, 23, 24, 13, 22, 6, 28, 26, 25, 0, 19, 16, 21, 18, 10
22, 15, 5, 29, 9, 30, 10, 20, 25, 13, 17, 23, 7, 16, 21, 8, 24, 0, 28, 19, 1, 14, 26, 2, 31, 27, 4, 3, 12, 18, 11, 6
1, 19, 14, 24, 30, 12, 31, 28, 15, 5, 7, 27, 21, 9, 26, 13, 25, 3, 22, 11, 18, 6, 10, 20, 2, 17, 8, 16, 29, 23, 4, 0
Pocket:
25, 6, 30, 24, 7, 23, 15, 13, 29, 10, 2, 19, 28, 16, 14, 5, 20, 31, 4, 18, 21, 0, 22, 27, 11, 8, 17, 1, 3, 26, 9, 12
15, 0, 25, 9, 27, 3, 23, 30, 17, 1, 22, 14, 28, 19, 24, 4, 13, 26, 12, 11, 20, 18, 29, 16, 5, 21, 8, 31, 10, 6, 7, 2
16, 3, 15, 8, 21, 23, 31, 1, 2, 17, 25, 28, 11, 10, 22, 9, 29, 6, 4, 5, 13, 7, 24, 18, 30, 0, 12, 19, 20, 26, 27, 14
13, 10, 0, 19, 9, 18, 25, 29, 5, 28, 17, 20, 3, 16, 31, 30, 2, 4, 24, 27, 15, 6, 12, 21, 22, 14, 8, 1, 23, 7, 26, 11
9, 5, 16, 20, 4, 21, 3, 8, 14, 7, 2, 23, 31, 6, 30, 22, 27, 1, 18, 0, 25, 26, 24, 19, 13, 15, 11, 28, 12, 29, 10, 17
22, 28, 29, 30, 10, 31, 7, 23, 2, 18, 25, 3, 9, 8, 5, 1, 13, 20, 26, 4, 12, 17, 6, 14, 11, 27, 16, 24, 21, 15, 0, 19
25, 18, 2, 24, 26, 7, 5, 1, 17, 28, 22, 30, 10, 0, 9, 20, 3, 8, 13, 19, 29, 16, 4, 15, 6, 27, 23, 14, 31, 11, 12, 21
10, 11, 21, 6, 3, 1, 31, 18, 4, 23, 15, 27, 2, 16, 5, 24, 20, 17, 0, 26, 29, 12, 8, 28, 25, 19, 22, 9, 30, 7, 14, 13
9, 8, 2, 17, 15, 18, 0, 22, 12, 13, 29, 26, 19, 20, 1, 25, 21, 5, 24, 28, 6, 16, 14, 7, 27, 31, 23, 30, 3, 11, 4, 10
10, 12, 28, 3, 21, 16, 29, 7, 30, 13, 15, 23, 2, 24, 14, 17, 0, 26, 5, 1, 31, 6, 4, 22, 18, 19, 27, 8, 25, 9, 11, 20