Pocket:
5, 10, 29, 27, 7, 23, 8, 4, 0, 17, 20, 26, 31, 1, 24, 16, 25, 14, 28, 9, 19, 13, 22, 3, 15, 18, 21, 2, 11, 6, 12, 30
15, 10, 8, 11, 6, 25, 31, 1, 3, 23, 28, 12, 0, 20, 26, 16, 27, 18, 14, 21, 7, 13, 17, 5, 22, 9, 19, 4, 30, 2, 29, 24
21, 13, 1, 9, 3, 23, 0, 31, 22, 27, 5, 14, 19, 2, 25, 18, 26, 7, 11, 29, 6, 8, 16, 30, 17, 12, 10, 28, 15, 4, 24, 20
3, 6, 10, 27, 19, 7, 16, 18, 13, 2, 15, 17, 21, 11, 20, 0, 31, 24, 23, 8, 14, 22, 9, 30, 28, 5, 29, 26, 12, 25, 4, 1
27, 7, 18, 12, 25, 2, 17, 3, 10, 8, 13, 22, 16, 28, 0, 5, 30, 23, 24, 9, 19, 26, 1, 31, 20, 4, 14, 21, 6, 29, 15, 11
6, 8, 0, 28, 13, 18, 15, 24, 10, 22, 16, 21, 7, 30, 31, 17, 9, 25, 23, 14, 12, 5, 4, 3, 11, 26, 19, 27, 1, 2, 29, 20
27, 9, 19, 12, 10, 20, 29, 13, 8, 21, 11, 5, 25, 16, 31, 6, 3, 7, 30, 15, 22, 0, 26, 4, 2, 1, 14, 18, 17, 23, 24, 28
7, 31, 24, 30, 20, 28, 3, 12, 2, 19, 5, 22, 21, 17, 13, 26, 4, 23, 25, 0, 11, 16, 29, 10, 9, 1, 8, 14, 6, 15, 18, 27
5, 19, 11, 6, 1, 16, 12, 22, 28, 26, 21, 4, 2, 7, 8, 30, 17, 13, 24, 29, 23, 9, 25, 10, 18, 31, 14, 20, 15, 0, 27, 3
24, 12, 29, 16, 26, 15, 4, 11, 31, 0, 27, 7, 10, 3, 14, 6, 30, 25, 19, 22, 9, 20, 5, 8, 18, 13, 2, 1, 23, 21, 17, 28
Pocket:
20, 7, 9, 0, 8, 15, 6, 17, 29, 30, 13, 5, 27, 24, 14, 19, 4, 26, 10, 28, 11, 25, 2, 18, 22, 21, 3, 1, 23, 16, 31, 12
0, 2, 11, 21, 5, 15, 13, 30, 27, 16, 20, 14, 10, 9, 25, 1, 8, 29, 24, 23, 12, 18, 26, 28, 31, 4, 17, 6, 3, 22, 7, 19
13, 6, 17, 26, 22, 2, 25, 12, 8, 29, 28, 19, 3, 20, 18, 27, 10, 4, 30, 5, 15, 21, 9, 1, 7, 24, 0, 14, 23, 11, 16, 31
20, 6, 14, 25, 10, 18, 21, 19, 29, 2, 4, 17, 26, 31, 0, 3, 28, 15, 11, 8, 23, 7, 30, 27, 16, 22, 24, 5, 9, 1, 12, 13
12, 25, 29, 3, 28, 8, 18, 30, 14, 1, 9, 31, 26, 24, 4, 0, 5, 21, 19, 13, 22, 2, 15, 17, 10, 27, 23, 6, 11, 20, 7, 16
10, 14, 2, 0, 11, 25, 6, 19, 31, 9, 26, 7, 13, 15, 17, 29, 12, 5, 27, 16, 23, 24, 21, 8, 28, 18, 20, 30, 4, 1, 22, 3
23, 13, 12, 9, 22, 7, 11, 17, 1, 0, 8, 15, 18, 26, 5, 24, 31, 30, 27, 28, 25, 29, 2, 10, 16, 4, 19, 14, 21, 3, 6, 20
0, 5, 17, 2, 29, 21, 18, 3, 16, 1, 27, 24, 26, 28, 7, 8, 4, 22, 23, 11, 31, 13, 20, 30, 25, 14, 6, 19, 10, 9, 15, 12
22, 2, 10, 14, 31, 29, 13, 12, 28, 19, 0, 26, 27, 8, 30, 20, 18, 15, 25, 11, 16, 23, 24, 17, 3, 1, 9, 21, 4, 7, 5, 6
11, 23, 14, 29, 1, 20, 9, 16, 3, 26, 17, 13, 21, 30, 10, 22, 27, 7, 0, 31, 25, 24, 8, 12, 5, 15, 19, 4, 18, 2, 28, 6
Pocket:
15, 23, 10, 17, 22, 9, 0, 4, 27, 30, 6, 19, 2, 29, 28, 20, 11, 8, 21, 25, 26, 13, 18, 24, 5, 7, 1, 31, 16, 12, 14, 3
8, 11, 16, 23, 20, 7, 26, 30, 0, 21, 2, 9, 10, 19, 6, 22, 31, 27, 28, 17, 25, 13, 24, 15, 12, 5, 29, 4, 1, 3, 18, 14
1, 26, 29, 15, 24, 6, 31, 20, 27, 28, 16, 14, 12, 23, 22, 17, 4, 21, 0, 18, 30, 13, 11, 7, 2, 25, 3, 8, 9, 19, 5, 10
19, 20, 3, 1, 26, 5, 31, 16, 18, 21, 27, 10, 12, 11, 6, 8, 25, 14, 30, 13, 7, 29, 9, 15, 22, 0, 4, 28, 24, 17, 23, 2
31, 4, 12, 24, 3, 9, 13, 29, 16, 14, 7, 27, 18, 22, 19, 30, 0, 21, 23, 10, 5, 8, 20, 6, 17, 28, 1, 2, 11, 25, 15, 26
6, 18, 13, 1, 21, 10, 12, 29, 14, 24, 16, 23, 22, 15, 27, 28, 0, 19, 8, 30, 3, 2, 17, 31, 7, 26, 11, 20, 4, 9, 25, 5
28, 21, 30, 20, 22, 23, 19, 5, 27, 29, 7, 15, 1, 3, 10, 31, 24, 17, 11, 25, 18, 13, 4, 0, 16, 14, 2, 26, 6, 9, 12, 8
3, 15, 10, 17, 31, 22, 27, 1, 25, 29, 20, 30, 18, 9, 2, 4, 16, 23, 24, 19, 21, 26, 14, 13, 7, 6, 28, 12, 5, 0, 8, 11
1, 10, 25, 0, 5, 17, 8, 2, 20, 31, 28, 3, 21, 4, 6, 16, 22, 12, 11, 13, 27, 19, 15, 24, 14, 30, 18, 29, 9, 23, 26, 7
2, 10, 12, 27, 0, 11, 4, 30, 13, 1, 24, 17, 6, 14, 23, 31, 22, 18, 9, 26, 8, 15, 5, 16, 21, 29, 20, 7, 19, 28, 25, 3
Pocket:
27, 5, 12, 7, 14, 18, 31, 19, 25, 23, 6, 24, 13, 17, 21, 16, 1, 20, 8, 11, 30, 10, 29, 22, 2, 3, 26, 0, 28, 15, 9, 4
15, 12, 9, 22, 26, 13, 10, 6, 19, 25, 31, 4, 14, 21, 24, 16, 18, 2, 17, 8, 3, 1, 11, 5, 29, 7, 27, 28, 0, 20, 23, 30
8, 15, 17, 9, 21, 14, 24, 22, 30, 25, 31, 11, 12, 19, 1, 10, 18, 29, 4, 2, 28, 23, 5, 20, 26, 7, 0, 3, 16, 6, 13, 27
5, 26, 27, 16, 17, 14, 13, 3, 15, 18, 1, 20, 30, 19, 0, 2, 10, 21, 4, 24, 12, 28, 9, 31, 23, 8, 6, 22, 29, 11, 25, 7
14, 20, 21, 0, 31, 15, 30, 17, 5, 11, 6, 4, 25, 10, 23, 2, 3, 1, 16, 29, 22, 28, 9, 18, 7, 24, 8, 19, 27, 26, 13, 12
10, 4, 12, 5, 17, 27, 2, 13, 25, 21, 23, 11, 9, 6, 16, 14, 3, 0, 29, 22, 1, 20, 31, 7, 8, 26, 24, 19, 18, 28, 15, 30
11, 24, 2, 20, 30, 12, 0, 23, 19, 13, 7, 27, 15, 14, 28, 17, 18, 3, 10, 22, 31, 26, 25, 21, 1, 5, 6, 4, 29, 9, 8, 16
8, 7, 28, 3, 27, 2, 30, 25, 18, 23, 20, 14, 9, 15, 22, 29, 6, 11, 31, 1, 24, 16, 13, 17, 0, 5, 12, 19, 4, 10, 21, 26
19, 26, 1, 12, 4, 14, 21, 30, 17, 8, 7, 22, 24, 25, 6, 15, 2, 23, 9, 5, 18, 13, 20, 31, 10, 29, 3, 16, 28, 0, 27, 11
12, 17, 1, 13, 21, 28, 10, 22, 27, 16, 15, 5, 9, 2, 29, 23, 31, 6, 0, 8, 25, 3, 4, 18, 26, 20, 19, 24, 30, 7, 14, 11
Pocket:
15, 17, 7, 16, 29, 20, 9, 31, 30, 22, 5, 27, 19, 8, 21, 23, 14, 3, 24, 25, 28, 11, 13, 2, 4, 1, 6, 10, 18, 26, 12, 0
7, 18, 27, 5, 15, 6, 3, 1, 2, 16, 20, 26, 25, 31, 8, 19, 9, 0, 10, 23, 17, 30, 24, 22, 12, 29, 13, 28, 4, 14, 21, 11
27, 30, 9, 16, 13, 25, 10, 28, 7, 21, 24, 5, 3, 8, 14, 18, 12, 4, 11, 29, 19, 20, 23, 26, 1, 0, 17, 15, 2, 6, 22, 31
10, 26, 3, 29, 4, 19, 15, 2, 21, 16, 24, 7, 9, 5, 31, 0, 23, 6, 22, 13, 12, 25, 17, 18, 20, 27, 11, 28, 30, 1, 14, 8
25, 27, 29, 26, 19, 5, 21, 11, 15, 18, 7, 6, 2, 20, 10, 1, 4, 12, 9, 31, 22, 30, 3, 16, 0, 24, 17, 13, 23, 8, 14, 28
9, 2, 24, 18, 5, 19, 30, 26, 22, 15, 29, 21, 14, 4, 1, 31, 10, 11, 28, 16, 13, 6, 0, 20, 12, 25, 23, 27, 7, 3, 17, 8
13, 17, 0, 11, 23, 30, 26, 25, 31, 9, 10, 27, 16, 18, 2, 24, 21, 8, 5, 28, 1, 15, 7, 22, 29, 19, 6, 3, 12, 4, 20, 14
8, 22, 21, 30, 26, 4, 29, 28, 13, 3, 18, 16, 25, 12, 23, 31, 10, 0, 7, 6, 1, 5, 19, 24, 9, 15, 17, 14, 20, 11, 2, 27
10, 12, 28, 14, 18, 21, 6, 31, 15, 22, 20, 13, 27, 9, 29, 5, 19, 23, 3, 25, 7, 8, 17, 0, 24, 30, 16, 2, 11, 26, 4, 1
11, 7, 16, 12, 20, 17, 4, 21, 8, 3, 29, 6, 19, 31, 0, 18, 14, 24, 28, 22, 30, 5, 26, 2, 23, 27, 1, 10, 13, 9, 15, 25
Pocket:
1, 9, 17, 5, 30, 13, 18, 24, 20, 4, 22, 28, 11, 25, 0, 7, 8, 31, 26, 2, 6, 27, 23, 19, 14, 15, 29, 3, 10, 16, 12, 21
21, 11, 1, 18, 6, 29, 0, 17, 10, 30, 26, 27, 15, 31, 4, 24, 16, 28, 19, 7, 2, 20, 3, 12, 23, 22, 5, 8, 14, 25, 9, 13
0, 5, 8, 19, 4, 11, 12, 27, 18, 15, 25, 22, 9, 1, 28, 24, 14, 3, 23, 21, 2, 6, 20, 29, 31, 26, 30, 17, 10, 16, 13, 7
16, 26, 29, 5, 14, 10, 21, 7, 1, 23, 6, 28, 2, 25, 22, 20, 17, 11, 12, 8, 27, 24, 19, 18, 30, 31, 3, 13, 15, 9, 4, 0
21, 17, 24, 5, 19, 8, 29, 6, 14, 4, 26, 25, 22, 10, 1, 23, 3, 9, 11, 2, 16, 31, 30, 18, 7, 28, 0, 13, 12, 20, 15, 27
3, 25, 0, 5, 16, 22, 11, 31, 27, 12, 28, 17, 4, 15, 19, 23, 21, 10, 29, 18, 2, 9, 13, 8, 26, 7, 1, 14, 30, 20, 24, 6
1, 29, 24, 26, 6, 22, 10, 14, 7, 8, 31, 13, 0, 17, 23, 18, 4, 16, 2, 9, 25, 27, 19, 11, 15, 5, 12, 21, 20, 28, 30, 3
2, 31, 18, 27, 23, 22, 15, 14, 5, 25, 16, 8, 7, 17, 28, 10, 1, 4, 12, 21, 24, 6, 13, 0, 9, 20, 29, 3, 30, 11, 19, 26
16, 30, 25, 15, 11, 2, 19, 23, 17, 12, 3, 9, 8, 28, 21, 18, 20, 22, 0, 7, 5, 1, 13, 10, 31, 4, 26, 14, 29, 27, 24, 6
8, 25, 12, 22, 26, 4, 18, 17, 6, 28, 15, 5, 1, 23, 2, 20, 0, 24, 30, 19, 27, 7, 9, 11, 31, 10, 14, 3, 16, 29, 21, 13
Pocket:
14, 9, 0, 21, 29, 3, 11, 5, 6, 19, 17, 13, 2, 31, 1, 15, 24, 28, 25, 12, 26, 23, 27, 20, 18, 7, 8, 22, 4, 16, 10, 30
7, 0, 10, 15, 1, 27, 30, 29, 26, 25, 13, 3, 20, 2, 18, 22, 24, 6, 8, 17, 5, 12, 31, 21, 23, 16, 19, 9, 11, 28, 14, 4
19, 9, 18, 15, 12, 10, 20, 8, 0, 21, 28, 26, 4, 11, 1, 23, 24, 31, 29, 22, 2, 30, 13, 16, 27, 5, 14, 6, 3, 7, 25, 17
10, 31, 16, 0, 22, 18, 24, 9, 26, 25, 15, 13, 17, 21, 7, 14, 20, 28, 29, 3, 5, 12, 2, 8, 4, 6, 27, 23, 11, 1, 19, 30
20, 0, 16, 19, 21, 8, 13, 2, 11, 3, 10, 23, 27, 9, 12, 15, 17, 7, 24, 1, 18, 30, 29, 25, 14, 26, 6, 28, 22, 4, 5, 31
4, 25, 16, 29, 10, 0, 5, 21, 23, 13, 15, 31, 27, 19, 6, 3, 17, 22, 7, 9, 30, 18, 26, 1, 11, 12, 28, 24, 2, 8, 20, 14
25, 21, 26, 22, 30, 29, 11, 14, 5, 2, 4, 18, 12, 10, 0, 15, 27, 3, 31, 24, 7, 13, 16, 9, 6, 8, 23, 19, 1, 20, 28, 17
4, 28, 17, 22, 14, 13, 27, 0, 21, 2, 5, 20, 8, 29, 7, 1, 31, 6, 25, 12, 9, 11, 30, 26, 24, 3, 18, 15, 23, 19, 10, 16
12, 30, 31, 27, 2, 4, 17, 26, 14, 10, 13, 21, 15, 20, 29, 11, 22, 6, 1, 5, 24, 8, 7, 23, 16, 9, 25, 0, 18, 19, 3, 28
8, 4, 25, 30, 29, 9, 3, 6, 10, 27, 0, 15, 11, 21, 7, 18, 24, 31, 16, 14, 20, 13, 17, 2, 1, 28, 23, 12, 5, 26, 22, 19
Pocket:
0, 22, 19, 26, 28, 14, 30, 16, 17, 20, 2, 6, 13, 12, 24, 1, 29, 21, 18, 9, 15, 7, 5, 23, 8, 4, 31, 10, 25, 11, 3, 27
17, 21, 9, 22, 27, 29, 11, 26, 24, 1, 0, 3, 10, 31, 14, 23, 16, 12, 6, 5, 28, 25, 15, 2, 4, 19, 30, 7, 13, 8, 18, 20
5, 20, 0, 31, 13, 28, 23, 26, 2, 9, 16, 15, 4, 17, 19, 6, 22, 30, 7, 8, 14, 12, 24, 18, 21, 29, 10, 11, 27, 25, 3, 1
30, 12, 19, 15, 9, 0, 11, 6, 17, 25, 8, 29, 16, 20, 3, 5, 13, 23, 31, 22, 1, 4, 2, 7, 14, 10, 27, 18, 24, 28, 21, 26
30, 11, 25, 18, 21, 28, 24, 5, 26, 8, 29, 7, 12, 1, 31, 22, 17, 14, 19, 3, 9, 6, 13, 2, 0, 27, 4, 10, 15, 16, 20, 23
18, 26, 21, 0, 17, 13, 28, 4, 2, 3, 16, 1, 11, 19, 10, 20, 5, 24, 29, 23, 8, 12, 6, 30, 27, 14, 9, 25, 31, 22, 15, 7
26, 28, 31, 18, 1, 13, 14, 25, 8, 24, 19, 2, 12, 27, 22, 11, 20, 21, 29, 0, 6, 7, 15, 3, 17, 5, 4, 30, 9, 23, 10, 16
25, 16, 14, 13, 24, 11, 21, 26, 30, 29, 7, 3, 6, 17, 22, 0, 27, 18, 8, 28, 19, 1, 23, 4, 12, 15, 10, 2, 20, 31, 9, 5
9, 30, 29, 6, 18, 21, 0, 25, 31, 10, 5, 15, 27, 22, 19, 23, 28, 13, 4, 11, 3, 17, 24, 12, 8, 14, 26, 7, 16, 20, 1, 2
18, 11, 17, 9, 30, 15, 6, 3, 16, 5, 14, 12, 4, 24, 0, 21, 10, 8, 20, 7, 2, 29, 28, 31, 26, 22, 19, 13, 23, 1, 25, 27
Pocket:
8, 9, 20, 7, 0, 15, 4, 19, 22, 14, 24, 28, 25, 6, 17, 2, 5, 30, 10, 29, 27, 31, 23, 21, 1, 18, 16, 13, 12, 3, 11, 26
11, 17, 0, 25, 20, 12, 2, 10, 31, 21, 24, 1, 8, 29, 3, 6, 15, 19, 22, 14, 26, 18, 16, 30, 28, 9, 13, 5, 7, 27, 23, 4
26, 21, 28, 16, 11, 22, 14, 8, 24, 13, 3, 29, 12, 18, 19, 10, 20, 15, 2, 5, 30, 17, 7, 23, 0, 6, 25, 4, 31, 9, 27, 1
24, 20, 0, 6, 14, 28, 29, 11, 21, 3, 8, 7, 25, 1, 10, 4, 19, 17, 26, 16, 9, 2, 23, 13, 22, 5, 30, 27, 31, 12, 15, 18
31, 22, 26, 19, 25, 8, 0, 13, 11, 7, 28, 5, 12, 23, 29, 24, 10, 21, 6, 27, 4, 17, 9, 20, 14, 15, 16, 18, 2, 30, 3, 1
0, 19, 18, 6, 22, 2, 27, 25, 13, 11, 8, 30, 23, 17, 3, 21, 4, 24, 1, 29, 31, 16, 10, 9, 26, 20, 15, 12, 5, 7, 28, 14
13, 15, 21, 9, 17, 4, 7, 18, 5, 16, 31, 3, 19, 10, 29, 14, 24, 1, 8, 30, 2, 22, 26, 28, 11, 6, 0, 25, 20, 27, 23, 12
28, 4, 16, 29, 0, 11, 26, 31, 5, 7, 6, 10, 3, 25, 2, 21, 12, 30, 1, 14, 19, 9, 15, 8, 13, 24, 20, 23, 18, 22, 27, 17
27, 2, 1, 6, 13, 29, 21, 7, 22, 0, 20, 9, 18, 15, 30, 19, 10, 4, 12, 26, 5, 8, 31, 11, 24, 23, 14, 16, 25, 28, 17, 3
13, 23, 31, 19, 7, 14, 8, 21, 0, 25, 29, 28, 22, 6, 16, 15, 18, 3, 11, 17, 9, 1, 2, 5, 24, 30, 20, 10, 26, 12, 4, 27
Pocket:
27, 31, 24, 23, 18, 22, 11, 4, 1, 16, 12, 29, 20, 9, 13, 10, 7, 15, 30, 3, 0, 25, 6, 8, 28, 14, 19, 17, 21, 5, 26, 2
3, 31, 17, 14, 7, 2, 13, 6, 22, 4, 29, 30, 25, 1, 15, 9, 5, 11, 23, 12, 19, 8, 0, 27, 20, 28, 24, 26, 16, 21, 10, 18
16, 28, 12, 22, 15, 0, 18, 7, 23, 5, 19, 20, 11, 31, 24, 25, 8, 21, 14, 17, 2, 6, 10, 1, 9, 4, 3, 30, 29, 13, 26, 27
4, 24, 2, 0, 31, 6, 14, 1, 3, 30, 5, 28, 9, 22, 13, 27, 25, 11, 12, 23, 20, 19, 21, 16, 7, 17, 8, 18, 29, 15, 10, 26
14, 17, 23, 31, 30, 2, 22, 10, 8, 24, 0, 4, 12, 20, 28, 1, 7, 26, 21, 6, 5, 9, 13, 18, 25, 11, 19, 3, 15, 16, 27, 29
23, 12, 26, 29, 2, 20, 13, 0, 11, 31, 10, 4, 25, 15, 8, 5, 24, 7, 21, 14, 6, 22, 18, 28, 19, 1, 16, 30, 9, 3, 17, 27
0, 12, 17, 9, 5, 14, 19, 23, 29, 1, 8, 27, 13, 21, 11, 28, 2, 4, 31, 6, 25, 22, 20, 7, 15, 30, 24, 26, 10, 16, 3, 18
11, 16, 14, 17, 19, 13, 20, 27, 12, 0, 30, 26, 1, 7, 29, 24, 10, 28, 23, 4, 8, 25, 3, 9, 15, 5, 31, 2, 6, 21, 22, 18
6, 19, 15, 7, 27, 5, 14, 21, 2, 18, 17, 9, 24, 4, 28, 10, 12, 30, 29, 16, 11, 3, 31, 26, 25, 20, 8, 0, 23, 22, 13, 1
13, 3, 30, 27, 15, 0, 19, 6, 2, 11, 1, 23, 28, 21, 29, 12, 14, 16, 9, 18, 8, 20, 17, 22, 5, 7, 24, 31, 10, 25, 4, 26
Pocket:
21, 20, 30, 6, 1, 0, 10, 19, 11, 26, 9, 8, 16, 24, 13, 31, 17, 15, 4, 2, 12, 14, 3, 18, 22, 25, 7, 23, 28, 5, 29, 27
14, 26, 19, 16, 8, 30, 17, 11, 31, 5, 4, 25, 22, 21, 0, 10, 6, 24, 12, 29, 13, 15, 1, 2, 23, 9, 3, 18, 20, 27, 7, 28
27, 25, 23, 21, 3, 6, 4, 30, 24, 7, 26, 13, 29, 14, 15, 12, 31, 10, 19, 9, 16, 18, 0, 5, 17, 28, 1, 22, 2, 8, 20, 11
22, 19, 1, 0, 4, 23, 3, 26, 21, 25, 10, 5, 24, 29, 8, 15, 30, 31, 17, 18, 16, 20, 28, 14, 9, 2, 27, 13, 7, 6, 11, 12
21, 29, 22, 13, 25, 10, 2, 5, 6, 26, 30, 7, 16, 17, 15, 0, 9, 14, 3, 20, 1, 28, 8, 19, 18, 24, 12, 27, 11, 4, 23, 31
1, 10, 16, 15, 27, 18, 21, 31, 12, 25, 19, 26, 30, 13, 14, 3, 28, 17, 23, 24, 29, 7, 22, 20, 0, 8, 2, 9, 6, 11, 5, 4
19, 16, 11, 28, 12, 0, 26, 27, 10, 24, 5, 14, 7, 30, 6, 13, 3, 29, 9, 20, 1, 18, 4, 22, 23, 2, 15, 8, 17, 31, 21, 25
7, 6, 1, 17, 9, 12, 24, 8, 30, 0, 28, 21, 22, 11, 3, 15, 20, 31, 13, 27, 23, 25, 19, 29, 5, 14, 10, 18, 26, 4, 2, 16
6, 0, 4, 31, 21, 19, 5, 11, 22, 27, 26, 3, 1, 9, 28, 16, 10, 13, 25, 2, 30, 18, 29, 24, 8, 17, 15, 20, 7, 14, 12, 23
28, 16, 30, 21, 29, 17, 0, 1, 22, 18, 4, 19, 31, 14, 13, 27, 25, 23, 12, 7, 20, 11, 24, 15, 2, 3, 26, 10, 5, 6, 8, 9
Pocket:
20, 30, 22, 25, 13, 10, 21, 1, 2, 7, 28, 27, 0, 19, 17, 16, 14, 4, 23, 11, 31, 8, 24, 3, 6, 26, 5, 18, 15, 29, 12, 9
27, 14, 4, 12, 1, 17, 23, 29, 0, 28, 16, 26, 9, 24, 11, 20, 8, 7, 25, 3, 22, 30, 5, 6, 19, 31, 21, 10, 13, 18, 15, 2
27, 21, 6, 17, 5, 26, 16, 4, 9, 13, 7, 11, 25, 19, 15, 8, 31, 18, 30, 1, 2, 0, 29, 14, 28, 23, 24, 12, 3, 22, 10, 20
21, 6, 24, 10, 22, 31, 28, 12, 20, 4, 26, 25, 13, 17, 8, 5, 3, 16, 11, 18, 0, 15, 19, 1, 27, 23, 29, 7, 9, 14, 2, 30
18, 2, 5, 24, 12, 15, 13, 9, 8, 29, 7, 4, 10, 11, 28, 23, 30, 22, 26, 0, 20, 21, 17, 6, 1, 31, 16, 25, 19, 14, 3, 27
15, 8, 21, 5, 31, 14, 24, 1, 2, 10, 12, 3, 23, 11, 16, 25, 17, 20, 30, 19, 13, 29, 0, 9, 7, 28, 22, 6, 27, 4, 26, 18
30, 5, 7, 2, 27, 11, 3, 24, 1, 10, 23, 16, 18, 25, 17, 19, 8, 21, 4, 9, 12, 22, 29, 15, 0, 26, 31, 14, 28, 6, 13, 20
27, 18, 9, 11, 14, 1, 17, 19, 0, 6, 4, 28, 5, 21, 23, 25, 12, 7, 3, 22, 10, 31, 26, 2, 8, 20, 30, 16, 15, 13, 24, 29
1, 23, 10, 24, 26, 0, 28, 16, 8, 14, 11, 19, 21, 20, 17, 27, 13, 7, 15, 31, 3, 30, 6, 25, 29, 9, 4, 12, 5, 2, 18, 22
11, 14, 23, 16, 6, 30, 29, 5, 1, 18, 3, 22, 21, 20, 25, 31, 13, 19, 26, 17, 10, 27, 9, 8, 24, 28, 12, 4, 0, 15, 2, 7
Pocket:
23, 6, 4, 0, 24, 7, 25, 28, 12, 21, 29, 2, 20, 27, 5, 16, 15, 31, 11, 10, 19, 30, 26, 22, 9, 13, 3, 17, 18, 8, 14, 1
5, 0, 28, 16, 27, 19, 4, 2, 25, 3, 15, 24, 20, 11, 12, 17, 7, 26, 22, 30, 13, 10, 1, 29, 18, 8, 6, 21, 31, 9, 23, 14
24, 15, 16, 31, 11, 9, 13, 26, 10, 3, 20, 23, 22, 8, 7, 19, 18, 28, 14, 25, 30, 0, 12, 2, 5, 27, 4, 6, 29, 17, 1, 21
18, 16, 14, 31, 21, 29, 10, 7, 13, 30, 8, 3, 9, 20, 27, 11, 23, 15, 26, 25, 5, 24, 17, 6, 0, 19, 12, 1, 28, 4, 22, 2
31, 5, 2, 24, 11, 0, 29, 13, 28, 9, 6, 17, 15, 3, 25, 27, 4, 10, 1, 26, 19, 12, 7, 23, 16, 21, 8, 22, 14, 18, 20, 30
8, 24, 25, 13, 26, 5, 1, 6, 4, 7, 23, 21, 27, 0, 31, 3, 30, 10, 14, 11, 29, 19, 18, 17, 9, 16, 20, 22, 28, 12, 15, 2
10, 9, 12, 25, 4, 5, 8, 13, 11, 28, 3, 6, 14, 27, 19, 30, 0, 26, 15, 18, 16, 23, 20, 17, 1, 7, 31, 24, 22, 29, 21, 2
7, 30, 25, 23, 1, 31, 15, 2, 5, 19, 26, 16, 24, 12, 20, 22, 21, 0, 10, 8, 13, 28, 9, 14, 6, 29, 4, 27, 18, 17, 11, 3
14, 2, 28, 12, 5, 24, 18, 4, 25, 29, 30, 20, 10, 9, 16, 13, 11, 17, 26, 6, 19, 31, 15, 22, 7, 1, 8, 21, 27, 0, 23, 3
12, 10, 31, 4, 13, 19, 8, 22, 21, 9, 28, 14, 6, 30, 25, 17, 18, 3, 29, 0, 20, 11, 15, 26, 16, 24, 2, 23, 27, 7, 1, 5