Pocket:
20, 22, 21, 12, 31, 25, 7, 10, 16, 27, 0, 18, 8, 15, 9, 17, 5, 13, 29, 28, 19, 24, 26, 2, 23, 11, 4, 14, 3, 30, 1, 6
26, 8, 13, 31, 12, 19, 4, 7, 14, 18, 2, 20, 21, 16, 25, 23, 10, 27, 6, 5, 1, 11, 28, 24, 29, 9, 3, 15, 30, 0, 17, 22
19, 3, 8, 14, 20, 21, 6, 22, 2, 7, 28, 16, 10, 18, 17, 1, 25, 4, 0, 15, 11, 9, 5, 13, 30, 26, 12, 27, 29, 24, 31, 23
6, 24, 20, 27, 3, 11, 19, 30, 5, 4, 23, 29, 21, 18, 31, 9, 17, 25, 1, 22, 15, 2, 0, 26, 28, 13, 10, 16, 7, 8, 12, 14
30, 16, 4, 17, 11, 10, 23, 14, 18, 21, 12, 27, 0, 7, 6, 19, 1, 5, 26, 24, 25, 3, 20, 22, 9, 15, 13, 29, 28, 31, 8, 2
30, 26, 15, 17, 4, 11, 14, 25, 23, 13, 18, 31, 22, 9, 24, 8, 19, 28, 0, 7, 16, 6, 27, 12, 2, 1, 20, 21, 29, 5, 3, 10
0, 12, 6, 13, 15, 8, 18, 9, 31, 11, 20, 5, 14, 19, 4, 26, 22, 21, 27, 29, 7, 23, 16, 1, 3, 30, 28, 10, 2, 17, 24, 25
7, 14, 5, 13, 20, 16, 1, 28, 4, 9, 0, 8, 15, 18, 30, 23, 27, 3, 26, 29, 21, 31, 17, 22, 6, 24, 12, 25, 10, 11, 2, 19
1, 4, 2, 15, 17, 27, 6, 26, 30, 19, 5, 16, 11, 29, 13, 25, 10, 18, 23, 21, 22, 8, 28, 9, 12, 24, 7, 3, 14, 31, 20, 0
0, 8, 6, 11, 30, 19, 16, 7, 13, 2, 21, 15, 28, 29, 31, 9, 10, 20, 26, 14, 23, 24, 4, 18, 12, 3, 5, 1, 22, 27, 17, 25
Pocket:
28, 3, 7, 15, 4, 18, 9, 31, 11, 12, 19, 6, 2, 8, 29, 5, 17, 21, 20, 23, 25, 16, 1, 14, 24, 13, 10, 0, 27, 30, 22, 26
26, 0, 17, 6, 31, 29, 22, 28, 4, 18, 7, 14, 10, 11, 21, 3, 9, 27, 24, 19, 8, 20, 13, 15, 25, 5, 23, 2, 30, 16, 1, 12
18, 17, 13, 3, 2, 7, 22, 11, 26, 16, 28, 9, 31, 25, 15, 20, 12, 27, 10, 23, 21, 8, 19, 5, 24, 1, 14, 29, 4, 30, 0, 6
19, 28, 20, 26, 4, 10, 29, 7, 21, 11, 31, 16, 3, 13, 0, 22, 14, 12, 5, 9, 15, 8, 17, 1, 2, 27, 25, 23, 18, 6, 30, 24
1, 0, 6, 3, 25, 13, 28, 17, 12, 29, 14, 23, 30, 20, 15, 31, 26, 8, 21, 19, 24, 22, 16, 11, 27, 10, 9, 4, 2, 18, 5, 7
13, 7, 28, 24, 26, 25, 19, 2, 16, 5, 6, 27, 29, 23, 9, 1, 31, 20, 12, 8, 18, 15, 14, 17, 30, 10, 3, 21, 0, 4, 11, 22
6, 22, 26, 0, 29, 23, 4, 30, 13, 5, 18, 17, 7, 10, 28, 3, 14, 11, 25, 2, 20, 8, 19, 1, 15, 24, 31, 16, 27, 12, 9, 21
14, 28, 16, 18, 6, 22, 7, 30, 24, 3, 27, 15, 9, 10, 0, 25, 26, 23, 1, 4, 29, 20, 19, 8, 21, 13, 2, 12, 31, 5, 17, 11
11, 1, 7, 23, 2, 6, 19, 28, 10, 24, 31, 0, 29, 9, 13, 5, 21, 16, 25, 22, 3, 4, 30, 12, 15, 20, 17, 18, 26, 14, 8, 27
2, 10, 26, 12, 17, 7, 22, 23, 8, 11, 20, 1, 5, 29, 30, 28, 24, 3, 9, 13, 25, 15, 16, 6, 27, 21, 31, 19, 0, 4, 18, 14
Pocket:
17, 8, 3, 25, 19, 13, 22, 1, 16, 15, 6, 26, 11, 20, 30, 21, 4, 28, 14, 9, 29, 12, 24, 23, 31, 27, 2, 7, 0, 10, 5, 18
1, 20, 14, 30, 31, 4, 19, 9, 25, 29, 18, 11, 0, 6, 3, 7, 21, 26, 27, 2, 23, 12, 22, 28, 17, 8, 10, 13, 15, 24, 16, 5
4, 1, 19, 25, 21, 6, 27, 23, 8, 3, 17, 26, 9, 16, 15, 11, 13, 2, 18, 0, 12, 5, 7, 10, 20, 28, 31, 22, 14, 29, 24, 30
29, 24, 8, 10, 18, 28, 5, 9, 2, 17, 21, 1, 4, 30, 31, 22, 6, 14, 27, 20, 11, 16, 19, 0, 7, 23, 13, 25, 12, 3, 26, 15
30, 14, 0, 2, 10, 25, 31, 27, 18, 20, 22, 1, 9, 11, 16, 29, 7, 5, 3, 12, 13, 21, 26, 17, 6, 19, 24, 15, 4, 23, 28, 8
8, 30, 21, 19, 12, 20, 18, 13, 23, 29, 28, 7, 14, 1, 24, 0, 6, 11, 17, 2, 22, 5, 15, 31, 3, 10, 16, 26, 9, 4, 27, 25
0, 16, 24, 17, 21, 8, 31, 5, 29, 20, 30, 23, 22, 1, 6, 12, 26, 19, 7, 27, 3, 28, 18, 10, 25, 4, 11, 15, 13, 9, 14, 2
27, 15, 5, 0, 16, 21, 30, 23, 8, 17, 31, 11, 24, 10, 13, 2, 12, 20, 26, 7, 18, 3, 29, 1, 25, 28, 14, 9, 22, 4, 6, 19
28, 1, 14, 18, 21, 7, 15, 22, 20, 11, 10, 26, 17, 25, 3, 6, 30, 24, 16, 27, 23, 0, 12, 19, 8, 2, 29, 31, 9, 5, 13, 4
9, 2, 23, 30, 19, 11, 26, 5, 16, 18, 20, 8, 17, 28, 1, 21, 27, 29, 13, 24, 3, 7, 10, 15, 25, 22, 4, 0, 12, 6, 14, 31
Pocket:
27, 7, 11, 19, 1, 22, 8, 24, 20, 9, 14, 10, 0, 3, 17, 12, 23, 6, 18, 21, 5, 13, 29, 25, 30, 16, 2, 4, 31, 15, 28, 26
18, 27, 7, 22, 1, 14, 8, 15, 11, 20, 0, 31, 9, 4, 17, 16, 19, 2, 28, 23, 10, 24, 5, 25, 29, 3, 12, 21, 6, 26, 30, 13
4, 23, 8, 13, 24, 21, 0, 10, 28, 11, 3, 27, 29, 14, 12, 9, 7, 2, 5, 22, 19, 6, 18, 1, 31, 17, 20, 25, 15, 26, 16, 30
24, 5, 2, 13, 10, 19, 12, 0, 3, 17, 26, 20, 23, 29, 7, 16, 1, 14, 21, 22, 15, 30, 18, 4, 11, 31, 25, 27, 9, 28, 8, 6
8, 12, 20, 22, 23, 25, 5, 21, 6, 3, 10, 29, 9, 15, 18, 31, 19, 7, 27, 28, 17, 14, 11, 26, 0, 16, 4, 24, 2, 13, 30, 1
16, 4, 27, 21, 18, 15, 26, 17, 9, 12, 14, 28, 30, 20, 25, 11, 6, 10, 13, 22, 31, 29, 1, 19, 0, 7, 2, 8, 3, 24, 23, 5
26, 5, 25, 17, 30, 1, 20, 0, 16, 11, 7, 8, 2, 21, 4, 18, 3, 24, 12, 15, 9, 13, 29, 6, 27, 19, 28, 31, 10, 23, 14, 22
0, 9, 19, 5, 10, 23, 29, 14, 18, 2, 24, 21, 1, 28, 8, 20, 4, 15, 3, 7, 25, 27, 30, 11, 26, 22, 12, 16, 13, 17, 6, 31
27, 3, 0, 29, 14, 23, 4, 18, 30, 25, 17, 20, 31, 13, 7, 19, 5, 12, 1, 10, 6, 9, 16, 22, 21, 26, 24, 8, 2, 15, 28, 11
1, 21, 27, 13, 8, 30, 15, 16, 22, 10, 0, 4, 25, 24, 7, 9, 18, 23, 6, 12, 26, 17, 11, 20, 31, 28, 29, 5, 2, 14, 19, 3
Pocket:
21, 25, 2, 31, 5, 3, 8, 12, 9, 13, 28, 6, 16, 24, 20, 7, 26, 10, 15, 22, 19, 14, 18, 1, 11, 27, 4, 0, 30, 23, 29, 17
4, 1, 14, 13, 20, 5, 21, 12, 25, 16, 30, 22, 31, 6, 7, 15, 27, 8, 10, 24, 17, 11, 2, 29, 23, 28, 9, 3, 19, 26, 0, 18
31, 27, 9, 18, 17, 30, 8, 26, 7, 20, 15, 21, 1, 12, 3, 4, 10, 29, 28, 2, 13, 25, 5, 24, 14, 11, 19, 6, 23, 16, 0, 22
7, 27, 16, 1, 24, 11, 15, 30, 20, 9, 19, 17, 13, 6, 18, 22, 5, 26, 31, 2, 23, 14, 4, 29, 21, 12, 3, 0, 10, 25, 8, 28
24, 30, 23, 1, 7, 5, 16, 19, 3, 15, 14, 4, 0, 13, 27, 28, 25, 21, 11, 20, 29, 8, 10, 31, 6, 9, 18, 2, 12, 17, 22, 26
17, 23, 16, 5, 20, 25, 0, 1, 13, 19, 3, 31, 8, 22, 27, 14, 21, 24, 7, 18, 15, 4, 26, 9, 12, 6, 11, 28, 30, 10, 29, 2
23, 16, 13, 5, 7, 25, 6, 20, 30, 9, 29, 11, 21, 15, 22, 31, 27, 4, 19, 0, 14, 17, 10, 8, 18, 28, 1, 24, 12, 3, 26, 2
11, 23, 15, 1, 24, 12, 26, 4, 9, 16, 10, 19, 3, 8, 17, 6, 27, 28, 29, 0, 18, 20, 21, 31, 5, 25, 14, 7, 22, 2, 13, 30
21, 12, 23, 20, 29, 16, 30, 13, 14, 7, 15, 26, 0, 25, 10, 4, 6, 17, 3, 2, 24, 8, 31, 28, 5, 22, 9, 11, 18, 19, 27, 1
18, 13, 12, 5, 6, 28, 30, 26, 3, 9, 21, 2, 0, 27, 31, 1, 11, 25, 24, 23, 22, 15, 8, 20, 29, 19, 14, 10, 17, 4, 16, 7
Pocket:
25, 20, 12, 1, 7, 11, 31, 10, 27, 29, 19, 9, 3, 18, 15, 22, 6, 14, 28, 4, 17, 21, 13, 5, 30, 24, 23, 0, 2, 8, 26, 16
30, 3, 22, 18, 15, 14, 5, 6, 4, 31, 10, 8, 7, 19, 13, 12, 2, 29, 28, 0, 16, 25, 20, 21, 17, 24, 9, 27, 1, 11, 23, 26
27, 8, 12, 28, 0, 13, 22, 4, 5, 3, 25, 10, 26, 6, 9, 21, 16, 15, 31, 17, 24, 11, 7, 30, 2, 23, 29, 14, 19, 20, 18, 1
15, 1, 28, 0, 18, 25, 31, 27, 4, 29, 17, 3, 16, 5, 30, 21, 11, 6, 14, 26, 13, 9, 8, 19, 20, 23, 12, 22, 10, 2, 24, 7
10, 7, 21, 24, 3, 29, 15, 23, 12, 25, 6, 19, 5, 16, 11, 8, 28, 17, 18, 4, 9, 14, 20, 22, 2, 0, 1, 27, 31, 26, 30, 13
3, 20, 31, 6, 22, 12, 14, 4, 11, 30, 8, 23, 24, 2, 5, 0, 1, 16, 13, 28, 27, 25, 18, 19, 29, 9, 10, 17, 7, 21, 15, 26
6, 25, 9, 21, 10, 15, 24, 14, 28, 27, 0, 11, 12, 30, 19, 4, 7, 1, 8, 23, 29, 20, 5, 16, 2, 26, 13, 17, 3, 31, 18, 22
27, 26, 24, 25, 6, 21, 9, 14, 31, 22, 12, 17, 18, 10, 0, 19, 5, 3, 29, 4, 7, 11, 8, 13, 30, 28, 20, 1, 2, 23, 16, 15
1, 22, 20, 10, 18, 21, 12, 26, 14, 30, 2, 28, 25, 9, 3, 13, 16, 19, 31, 6, 7, 8, 5, 0, 17, 24, 15, 29, 4, 27, 11, 23
1, 16, 31, 11, 29, 6, 9, 25, 21, 26, 24, 4, 22, 20, 8, 2, 5, 27, 0, 28, 30, 15, 7, 14, 17, 10, 18, 19, 23, 3, 12, 13
Pocket:
7, 23, 12, 3, 10, 0, 28, 22, 15, 25, 24, 19, 14, 31, 1, 21, 2, 17, 29, 27, 8, 4, 11, 26, 13, 9, 30, 20, 16, 18, 6, 5
17, 19, 7, 24, 5, 18, 26, 30, 11, 16, 31, 0, 8, 21, 6, 4, 9, 20, 29, 27, 23, 3, 15, 28, 10, 22, 14, 1, 25, 2, 12, 13
2, 14, 23, 19, 1, 13, 22, 6, 3, 24, 20, 10, 29, 11, 28, 16, 26, 7, 21, 4, 25, 31, 9, 0, 30, 27, 8, 15, 17, 12, 5, 18
6, 18, 16, 23, 28, 4, 10, 21, 1, 2, 27, 3, 25, 12, 0, 30, 24, 13, 17, 31, 26, 9, 15, 20, 11, 19, 8, 22, 7, 29, 5, 14
23, 24, 8, 7, 26, 1, 20, 14, 15, 16, 18, 22, 6, 25, 3, 5, 9, 19, 11, 2, 29, 17, 28, 12, 21, 30, 27, 10, 4, 0, 13, 31
9, 3, 2, 18, 12, 7, 22, 17, 27, 19, 16, 5, 1, 30, 20, 10, 8, 29, 24, 31, 25, 23, 11, 28, 13, 26, 0, 4, 14, 15, 6, 21
12, 10, 13, 24, 27, 26, 17, 31, 1, 4, 11, 25, 23, 3, 6, 15, 8, 22, 29, 9, 30, 18, 14, 7, 2, 20, 19, 28, 16, 0, 21, 5
17, 15, 8, 10, 24, 6, 29, 23, 28, 16, 13, 25, 2, 5, 20, 14, 30, 31, 3, 0, 26, 21, 22, 11, 27, 18, 9, 12, 7, 19, 4, 1
17, 24, 26, 12, 5, 29, 16, 20, 18, 3, 28, 4, 22, 2, 10, 25, 7, 8, 30, 27, 13, 1, 14, 19, 9, 21, 11, 15, 6, 0, 23, 31
9, 1, 27, 24, 0, 4, 22, 20, 2, 3, 12, 31, 19, 5, 28, 7, 15, 25, 8, 11, 21, 17, 6, 18, 26, 16, 30, 23, 10, 13, 29, 14
Pocket:
30, 26, 6, 23, 0, 25, 16, 9, 2, 29, 12, 17, 14, 3, 28, 24, 22, 13, 20, 8, 15, 18, 19, 4, 27, 10, 21, 31, 1, 7, 11, 5
9, 25, 29, 13, 17, 11, 8, 5, 0, 26, 7, 4, 24, 22, 12, 21, 30, 10, 6, 3, 31, 19, 15, 1, 14, 20, 2, 18, 27, 23, 16, 28
18, 2, 26, 8, 19, 7, 27, 1, 15, 24, 22, 13, 17, 21, 10, 31, 20, 11, 5, 23, 29, 28, 9, 14, 30, 12, 4, 16, 25, 6, 0, 3
25, 7, 2, 0, 15, 21, 8, 3, 13, 27, 14, 29, 26, 9, 1, 20, 19, 10, 17, 18, 4, 12, 5, 22, 24, 16, 11, 28, 6, 30, 31, 23
22, 20, 18, 4, 28, 8, 10, 13, 29, 26, 19, 15, 21, 12, 9, 1, 25, 0, 24, 7, 11, 17, 30, 31, 27, 16, 23, 6, 5, 2, 3, 14
11, 2, 1, 15, 26, 17, 29, 20, 8, 7, 13, 31, 5, 18, 16, 22, 12, 21, 9, 24, 6, 19, 23, 30, 0, 3, 14, 28, 25, 10, 27, 4
12, 4, 19, 2, 22, 11, 13, 14, 24, 27, 31, 8, 17, 6, 3, 28, 18, 26, 9, 21, 15, 25, 16, 0, 23, 7, 29, 20, 30, 1, 5, 10
0, 26, 22, 30, 14, 21, 19, 27, 6, 15, 7, 18, 5, 16, 29, 25, 28, 2, 4, 12, 11, 23, 10, 3, 24, 8, 31, 13, 17, 20, 9, 1
25, 22, 20, 21, 7, 19, 30, 4, 27, 16, 11, 2, 14, 28, 17, 26, 6, 18, 31, 1, 24, 15, 23, 9, 3, 0, 8, 13, 12, 10, 29, 5
27, 31, 1, 29, 19, 16, 9, 8, 26, 14, 18, 24, 21, 28, 22, 30, 13, 2, 3, 7, 15, 6, 17, 4, 20, 23, 25, 5, 10, 11, 12, 0
Pocket:
3, 18, 30, 7, 4, 23, 0, 24, 1, 25, 8, 15, 11, 2, 13, 14, 19, 29, 5, 9, 22, 31, 6, 16, 26, 12, 28, 27, 10, 17, 20, 21
0, 31, 14, 25, 28, 15, 8, 22, 10, 23, 13, 20, 18, 21, 6, 16, 4, 30, 17, 12, 19, 2, 27, 29, 11, 3, 26, 5, 9, 7, 24, 1
0, 23, 22, 3, 24, 27, 8, 4, 16, 19, 13, 11, 26, 15, 31, 6, 18, 20, 5, 9, 10, 14, 25, 28, 30, 29, 7, 12, 1, 21, 17, 2
31, 16, 23, 14, 20, 1, 11, 4, 26, 10, 29, 9, 13, 6, 18, 30, 19, 24, 7, 8, 2, 15, 25, 12, 17, 22, 28, 21, 0, 3, 5, 27
25, 12, 22, 6, 18, 27, 23, 16, 28, 5, 26, 9, 13, 24, 14, 21, 31, 7, 19, 1, 0, 4, 2, 8, 20, 15, 17, 11, 3, 10, 29, 30
18, 11, 23, 27, 12, 7, 6, 26, 0, 4, 28, 25, 21, 14, 13, 31, 8, 16, 24, 2, 15, 10, 17, 19, 9, 3, 1, 22, 5, 20, 30, 29
30, 14, 7, 5, 10, 28, 18, 8, 3, 29, 17, 27, 0, 21, 26, 11, 22, 2, 19, 15, 31, 16, 6, 24, 13, 9, 23, 20, 1, 25, 4, 12
0, 25, 22, 29, 19, 31, 1, 18, 4, 3, 26, 17, 7, 27, 8, 30, 15, 23, 14, 12, 21, 9, 10, 24, 11, 20, 6, 2, 5, 16, 28, 13
13, 31, 5, 11, 30, 22, 0, 14, 15, 4, 20, 3, 23, 18, 2, 9, 26, 7, 16, 10, 29, 25, 24, 21, 19, 8, 12, 1, 27, 6, 17, 28
2, 25, 10, 11, 6, 4, 17, 20, 27, 31, 8, 26, 15, 12, 9, 1, 24, 5, 0, 22, 14, 18, 28, 30, 13, 29, 16, 21, 19, 3, 23, 7
Pocket:
6, 27, 11, 30, 9, 25, 24, 29, 28, 23, 19, 8, 17, 13, 12, 21, 26, 1, 14, 4, 31, 5, 2, 20, 18, 22, 15, 3, 10, 0, 16, 7
13, 27, 26, 10, 23, 29, 31, 5, 22, 12, 17, 16, 21, 24, 28, 19, 2, 20, 9, 8, 6, 18, 30, 3, 14, 1, 11, 15, 0, 7, 25, 4
31, 28, 17, 18, 19, 8, 1, 22, 10, 27, 24, 12, 23, 3, 2, 11, 6, 4, 26, 21, 13, 14, 30, 15, 20, 16, 7, 9, 29, 0, 25, 5
30, 19, 22, 7, 15, 16, 6, 11, 24, 28, 23, 20, 17, 8, 9, 2, 26, 10, 25, 13, 0, 4, 5, 27, 3, 21, 18, 29, 1, 12, 14, 31
2, 17, 9, 27, 14, 25, 8, 18, 29, 15, 26, 10, 7, 23, 28, 1, 0, 30, 24, 5, 20, 4, 13, 12, 11, 16, 3, 6, 19, 22, 31, 21
18, 0, 3, 7, 27, 19, 14, 15, 10, 6, 12, 9, 23, 1, 2, 8, 22, 17, 26, 24, 5, 21, 16, 4, 29, 31, 20, 11, 25, 28, 30, 13
25, 5, 11, 0, 26, 7, 20, 4, 13, 30, 16, 19, 21, 24, 3, 17, 27, 23, 29, 31, 1, 15, 28, 14, 22, 8, 10, 12, 6, 9, 2, 18
8, 16, 13, 25, 2, 4, 3, 9, 29, 24, 21, 5, 23, 26, 10, 14, 19, 18, 0, 12, 7, 20, 28, 17, 6, 22, 27, 1, 30, 15, 11, 31
28, 0, 22, 18, 30, 14, 2, 31, 26, 6, 27, 24, 13, 4, 29, 21, 9, 20, 19, 3, 15, 25, 5, 17, 10, 23, 12, 7, 16, 8, 11, 1
24, 10, 1, 14, 30, 6, 15, 0, 17, 12, 9, 20, 31, 25, 27, 8, 2, 29, 21, 26, 11, 5, 22, 16, 18, 23, 3, 13, 7, 4, 28, 19
Pocket:
8, 2, 25, 21, 14, 17, 5, 26, 9, 1, 31, 3, 28, 10, 0, 20, 6, 18, 29, 22, 7, 16, 11, 23, 12, 4, 13, 30, 15, 19, 24, 27
2, 29, 0, 21, 9, 30, 20, 26, 15, 23, 24, 12, 7, 28, 19, 13, 5, 18, 17, 11, 14, 31, 1, 3, 10, 27, 6, 8, 16, 4, 25, 22
23, 19, 2, 22, 7, 30, 15, 12, 25, 31, 26, 0, 18, 13, 9, 27, 8, 5, 29, 28, 16, 14, 3, 6, 24, 20, 1, 10, 21, 17, 4, 11
18, 17, 6, 19, 26, 29, 30, 22, 7, 21, 31, 9, 12, 1, 0, 27, 24, 11, 3, 14, 10, 2, 16, 23, 5, 15, 28, 13, 4, 20, 8, 25
16, 6, 10, 30, 8, 7, 27, 15, 5, 22, 25, 31, 3, 0, 23, 2, 13, 9, 11, 20, 4, 14, 29, 28, 19, 12, 17, 26, 24, 1, 21, 18
17, 23, 22, 24, 5, 18, 0, 19, 15, 10, 21, 3, 28, 9, 30, 4, 14, 2, 31, 11, 6, 27, 26, 13, 7, 16, 12, 1, 20, 8, 25, 29
18, 6, 25, 24, 14, 12, 1, 30, 21, 20, 9, 10, 4, 3, 15, 17, 16, 26, 29, 13, 27, 31, 0, 11, 5, 7, 19, 28, 23, 2, 22, 8
15, 24, 4, 22, 14, 21, 30, 17, 10, 28, 11, 2, 13, 3, 8, 7, 27, 23, 19, 5, 18, 25, 12, 6, 9, 16, 0, 1, 20, 29, 31, 26
8, 4, 7, 30, 21, 24, 26, 11, 20, 17, 27, 9, 14, 3, 19, 28, 12, 0, 22, 15, 6, 31, 18, 5, 10, 2, 1, 23, 13, 16, 25, 29
7, 8, 14, 27, 9, 17, 26, 3, 22, 21, 31, 2, 1, 24, 19, 4, 15, 18, 13, 20, 11, 6, 25, 29, 0, 23, 12, 5, 30, 16, 28, 10
Pocket:
6, 28, 20, 13, 7, 11, 5, 9, 2, 17, 12, 19, 10, 14, 27, 30, 24, 8, 31, 0, 22, 1, 15, 18, 16, 3, 26, 21, 25, 4, 23, 29
10, 13, 1, 3, 31, 14, 9, 11, 27, 16, 6, 4, 2, 22, 17, 26, 20, 15, 5, 24, 28, 12, 30, 23, 29, 19, 25, 0, 21, 18, 8, 7
17, 6, 9, 16, 2, 14, 24, 18, 29, 26, 20, 7, 10, 12, 8, 4, 0, 27, 25, 31, 5, 1, 23, 28, 11, 30, 21, 3, 19, 15, 22, 13
10, 7, 14, 18, 15, 9, 28, 2, 29, 3, 30, 6, 22, 25, 13, 8, 27, 12, 16, 31, 26, 1, 21, 0, 19, 5, 24, 11, 17, 4, 20, 23
25, 31, 28, 2, 29, 20, 14, 26, 15, 27, 1, 17, 22, 9, 21, 7, 24, 18, 11, 10, 6, 12, 8, 3, 13, 19, 16, 0, 23, 30, 4, 5
7, 28, 30, 8, 0, 10, 26, 13, 25, 17, 14, 24, 20, 31, 6, 19, 29, 9, 12, 1, 4, 16, 2, 22, 11, 5, 23, 27, 15, 18, 21, 3
23, 28, 10, 6, 9, 25, 0, 5, 7, 29, 19, 30, 12, 16, 21, 26, 20, 8, 17, 13, 22, 14, 3, 24, 31, 15, 11, 2, 1, 18, 27, 4
21, 11, 30, 19, 18, 17, 7, 5, 9, 3, 28, 1, 10, 25, 31, 20, 29, 26, 8, 15, 13, 6, 12, 24, 2, 0, 16, 22, 4, 23, 27, 14
13, 3, 16, 15, 5, 21, 26, 14, 11, 20, 17, 6, 23, 27, 25, 1, 18, 0, 30, 9, 8, 19, 29, 22, 24, 31, 4, 28, 2, 10, 7, 12
16, 6, 27, 8, 17, 7, 30, 5, 25, 3, 4, 1, 13, 24, 15, 10, 18, 2, 20, 12, 23, 11, 9, 31, 19, 14, 28, 29, 0, 26, 21, 22
Pocket:
29, 31, 21, 7, 14, 25, 18, 30, 27, 24, 28, 15, 2, 12, 3, 5, 1, 23, 13, 16, 26, 10, 0, 11, 8, 4, 9, 19, 17, 22, 20, 6
8, 25, 3, 21, 28, 6, 4, 20, 5, 22, 14, 15, 7, 1, 2, 18, 13, 30, 26, 24, 17, 12, 10, 27, 19, 16, 23, 11, 9, 31, 0, 29
6, 22, 14, 5, 2, 30, 23, 16, 21, 28, 20, 18, 4, 9, 0, 17, 15, 1, 29, 26, 24, 19, 12, 3, 7, 11, 10, 27, 8, 31, 13, 25
2, 27, 23, 28, 12, 26, 13, 24, 0, 21, 29, 4, 18, 31, 22, 20, 16, 19, 7, 6, 1, 8, 25, 14, 10, 30, 9, 5, 3, 15, 17, 11
19, 25, 10, 22, 20, 16, 26, 7, 24, 27, 18, 28, 23, 8, 2, 17, 21, 12, 15, 3, 30, 11, 0, 9, 6, 1, 29, 13, 5, 14, 4, 31
30, 4, 26, 28, 14, 5, 7, 10, 2, 6, 16, 21, 17, 0, 11, 3, 27, 20, 12, 8, 25, 22, 31, 9, 1, 19, 29, 23, 13, 15, 24, 18
28, 30, 17, 11, 12, 23, 7, 8, 2, 26, 4, 16, 27, 5, 1, 18, 15, 31, 19, 20, 24, 6, 21, 0, 25, 10, 29, 14, 3, 22, 13, 9
24, 17, 30, 1, 29, 18, 20, 26, 22, 13, 25, 12, 6, 11, 2, 10, 31, 9, 19, 28, 8, 4, 0, 3, 23, 14, 16, 27, 5, 21, 15, 7
15, 4, 29, 24, 18, 28, 22, 21, 6, 2, 26, 30, 16, 14, 5, 11, 8, 23, 0, 3, 17, 12, 7, 19, 27, 9, 10, 20, 31, 25, 13, 1
15, 9, 1, 17, 19, 14, 23, 28, 13, 21, 16, 26, 5, 20, 7, 27, 8, 11, 3, 22, 30, 31, 25, 10, 4, 29, 18, 12, 0, 24, 2, 6