Pocket:
29, 0, 2, 22, 27, 11, 20, 30, 6, 21, 17, 18, 14, 25, 12, 10, 19, 16, 1, 24, 7, 3, 5, 13, 28, 8, 31, 4, 26, 23, 15, 9
9, 31, 0, 19, 29, 13, 30, 2, 27, 12, 24, 23, 5, 21, 14, 28, 15, 25, 22, 18, 7, 17, 11, 8, 6, 1, 10, 3, 20, 26, 4, 16
18, 3, 11, 16, 19, 20, 1, 21, 31, 10, 22, 6, 17, 8, 14, 25, 0, 23, 12, 15, 27, 5, 26, 30, 28, 9, 2, 29, 13, 4, 24, 7
21, 31, 3, 11, 24, 27, 14, 30, 17, 28, 19, 26, 0, 2, 15, 23, 4, 7, 10, 29, 13, 16, 18, 25, 12, 8, 20, 22, 6, 1, 5, 9
29, 2, 25, 9, 5, 20, 14, 6, 12, 16, 3, 30, 28, 24, 23, 10, 19, 22, 0, 31, 15, 13, 1, 27, 21, 18, 8, 26, 4, 11, 7, 17
16, 30, 14, 9, 24, 22, 18, 27, 20, 29, 2, 13, 8, 31, 12, 23, 28, 6, 10, 25, 7, 19, 5, 15, 4, 21, 17, 3, 1, 26, 11, 0
21, 1, 0, 13, 8, 7, 27, 12, 17, 14, 24, 23, 19, 22, 9, 4, 25, 31, 16, 3, 6, 10, 20, 11, 2, 15, 30, 5, 26, 18, 29, 28
1, 28, 14, 31, 6, 11, 2, 4, 29, 15, 27, 0, 21, 23, 13, 8, 12, 25, 24, 22, 18, 30, 5, 7, 19, 17, 9, 26, 3, 10, 20, 16
31, 29, 9, 1, 21, 30, 13, 22, 19, 2, 8, 15, 6, 18, 25, 11, 23, 27, 5, 24, 17, 20, 12, 7, 26, 3, 16, 4, 28, 0, 10, 14
19, 6, 25, 12, 17, 4, 1, 3, 14, 27, 7, 20, 21, 11, 26, 23, 24, 15, 5, 10, 18, 22, 30, 16, 31, 9, 28, 0, 13, 2, 29, 8
Pocket:
23, 22, 29, 1, 25, 2, 17, 30, 13, 8, 31, 5, 11, 18, 0, 27, 12, 19, 21, 7, 16, 4, 15, 9, 24, 3, 6, 28, 20, 10, 14, 26
1, 28, 11, 13, 0, 29, 18, 25, 6, 7, 2, 24, 14, 31, 17, 20, 23, 21, 5, 26, 3, 4, 19, 15, 10, 9, 12, 16, 8, 30, 27, 22
12, 20, 31, 5, 17, 3, 23, 25, 22, 14, 11, 6, 4, 13, 16, 19, 28, 24, 27, 21, 2, 7, 9, 26, 8, 15, 10, 18, 30, 0, 1, 29
3, 19, 29, 10, 4, 5, 9, 28, 21, 6, 15, 24, 2, 14, 27, 17, 31, 20, 18, 8, 1, 7, 23, 0, 25, 22, 11, 30, 13, 12, 26, 16
10, 29, 19, 12, 28, 31, 13, 11, 30, 26, 14, 15, 6, 21, 20, 7, 18, 24, 16, 22, 23, 3, 17, 0, 8, 9, 25, 2, 1, 5, 4, 27
21, 18, 6, 4, 9, 1, 19, 20, 5, 31, 23, 7, 12, 0, 8, 28, 17, 24, 11, 22, 16, 26, 13, 15, 25, 30, 27, 2, 14, 10, 3, 29
6, 2, 31, 15, 29, 14, 1, 16, 11, 18, 0, 7, 22, 28, 26, 3, 5, 4, 10, 12, 20, 27, 30, 8, 17, 24, 23, 9, 19, 21, 25, 13
26, 3, 21, 28, 0, 2, 24, 17, 30, 4, 13, 27, 18, 16, 15, 22, 10, 20, 6, 7, 31, 25, 19, 9, 1, 14, 12, 5, 29, 11, 23, 8
26, 2, 23, 8, 11, 7, 25, 12, 28, 9, 0, 4, 14, 17, 5, 24, 18, 10, 31, 3, 20, 15, 6, 21, 19, 16, 30, 13, 22, 29, 27, 1
0, 20, 22, 25, 11, 14, 4, 16, 19, 7, 3, 5, 6, 18, 26, 8, 23, 12, 17, 9, 31, 1, 27, 24, 30, 28, 15, 29, 2, 21, 13, 10
Pocket:
22, 10, 13, 5, 11, 26, 3, 6, 17, 7, 0, 27, 2, 4, 16, 1, 9, 18, 29, 15, 20, 28, 25, 23, 12, 30, 19, 31, 21, 14, 8, 24
30, 20, 9, 1, 26, 6, 24, 21, 28, 4, 11, 25, 15, 14, 17, 29, 27, 8, 2, 13, 12, 23, 0, 10, 18, 3, 16, 22, 7, 19, 5, 31
6, 28, 18, 7, 17, 12, 19, 23, 9, 4, 29, 2, 14, 25, 5, 21, 1, 0, 31, 13, 24, 11, 16, 26, 3, 15, 30, 10, 20, 27, 8, 22
29, 14, 28, 1, 22, 2, 26, 7, 15, 27, 19, 10, 4, 21, 31, 20, 12, 24, 18, 8, 5, 6, 17, 11, 23, 9, 25, 30, 16, 3, 0, 13
7, 3, 6, 5, 10, 20, 23, 16, 13, 29, 4, 28, 9, 22, 14, 12, 27, 30, 11, 26, 15, 24, 8, 0, 17, 21, 19, 25, 31, 18, 1, 2
9, 25, 13, 6, 10, 5, 31, 3, 21, 0, 28, 11, 7, 15, 1, 23, 17, 29, 14, 19, 27, 16, 26, 30, 4, 2, 12, 22, 24, 20, 18, 8
3, 7, 14, 29, 15, 18, 24, 8, 19, 16, 4, 1, 27, 0, 20, 9, 6, 30, 12, 13, 21, 11, 25, 2, 17, 5, 23, 10, 28, 31, 22, 26
3, 10, 27, 15, 17, 29, 26, 18, 0, 5, 8, 11, 1, 25, 12, 24, 31, 6, 9, 22, 23, 4, 7, 20, 14, 30, 21, 16, 28, 2, 19, 13
5, 13, 25, 9, 14, 29, 27, 20, 24, 10, 6, 3, 1, 21, 8, 11, 30, 23, 28, 31, 18, 26, 16, 7, 22, 4, 2, 15, 0, 17, 19, 12
21, 29, 6, 9, 14, 11, 27, 19, 12, 13, 22, 30, 8, 4, 2, 26, 25, 17, 31, 0, 10, 20, 1, 3, 24, 15, 18, 16, 23, 5, 7, 28
Pocket:
10, 31, 27, 25, 8, 0, 9, 13, 28, 3, 21, 26, 2, 22, 5, 24, 20, 29, 7, 16, 6, 19, 12, 1, 23, 15, 11, 30, 17, 14, 18, 4
24, 21, 14, 15, 13, 27, 20, 5, 31, 19, 8, 6, 2, 28, 11, 0, 18, 10, 9, 29, 7, 17, 30, 1, 26, 12, 16, 3, 25, 23, 22, 4
26, 8, 7, 23, 1, 20, 5, 15, 13, 3, 6, 21, 11, 4, 14, 30, 18, 24, 28, 22, 25, 27, 12, 9, 10, 31, 16, 19, 17, 2, 0, 29
28, 21, 24, 7, 10, 23, 16, 27, 4, 18, 1, 15, 20, 9, 14, 31, 11, 2, 5, 22, 0, 30, 8, 13, 17, 12, 6, 26, 25, 29, 19, 3
31, 7, 23, 9, 22, 11, 8, 28, 19, 15, 2, 13, 21, 17, 5, 1, 20, 18, 12, 16, 24, 10, 14, 4, 26, 3, 25, 29, 6, 30, 27, 0
6, 26, 18, 29, 17, 19, 1, 24, 21, 12, 10, 15, 9, 25, 0, 23, 22, 8, 3, 4, 11, 31, 27, 5, 20, 14, 7, 13, 30, 2, 28, 16
3, 7, 17, 26, 13, 16, 14, 6, 20, 27, 4, 31, 8, 9, 25, 28, 30, 24, 18, 23, 15, 11, 10, 1, 5, 19, 0, 2, 22, 12, 29, 21
23, 19, 25, 11, 7, 17, 10, 24, 22, 15, 14, 26, 28, 21, 8, 27, 16, 3, 9, 6, 30, 4, 18, 12, 29, 2, 0, 13, 5, 1, 20, 31
13, 18, 27, 24, 30, 10, 2, 15, 12, 8, 21, 14, 7, 3, 0, 1, 23, 11, 19, 17, 9, 26, 29, 22, 5, 6, 31, 25, 28, 20, 4, 16
24, 25, 19, 8, 2, 27, 30, 16, 0, 6, 9, 20, 18, 3, 15, 17, 1, 12, 10, 22, 5, 7, 23, 26, 14, 28, 4, 13, 21, 29, 11, 31
Pocket:
27, 26, 24, 10, 2, 21, 11, 12, 9, 17, 4, 25, 22, 3, 18, 6, 7, 30, 16, 5, 0, 1, 20, 14, 15, 8, 28, 19, 13, 31, 29, 23
30, 27, 15, 26, 24, 7, 1, 19, 16, 0, 6, 20, 29, 12, 18, 23, 5, 11, 31, 2, 8, 9, 25, 3, 10, 21, 22, 4, 28, 17, 13, 14
1, 29, 24, 17, 31, 8, 0, 28, 3, 21, 16, 9, 12, 22, 27, 5, 26, 13, 6, 7, 2, 20, 25, 11, 4, 19, 15, 30, 23, 18, 10, 14
10, 23, 13, 18, 25, 24, 11, 30, 28, 19, 5, 7, 27, 29, 8, 4, 16, 0, 20, 17, 6, 14, 3, 15, 12, 2, 22, 26, 21, 31, 1, 9
16, 3, 21, 18, 2, 30, 19, 13, 27, 23, 17, 6, 22, 9, 26, 4, 11, 25, 24, 31, 10, 0, 1, 8, 12, 14, 15, 28, 5, 20, 29, 7
29, 10, 24, 21, 25, 1, 16, 11, 4, 9, 0, 28, 22, 20, 31, 18, 30, 26, 3, 19, 23, 5, 12, 17, 7, 6, 2, 14, 13, 8, 27, 15
21, 15, 30, 28, 9, 23, 4, 8, 13, 0, 26, 31, 7, 5, 11, 17, 20, 12, 3, 29, 19, 6, 27, 2, 1, 25, 24, 10, 16, 22, 14, 18
24, 28, 22, 3, 20, 18, 25, 23, 19, 10, 8, 13, 6, 27, 16, 7, 17, 29, 14, 2, 12, 0, 21, 9, 15, 11, 31, 30, 1, 4, 5, 26
25, 6, 5, 3, 16, 28, 12, 23, 19, 0, 22, 24, 15, 31, 9, 2, 10, 13, 20, 30, 26, 14, 17, 18, 11, 1, 4, 7, 27, 8, 21, 29
9, 29, 30, 22, 26, 12, 4, 19, 28, 13, 0, 21, 18, 15, 24, 11, 5, 17, 27, 8, 20, 7, 25, 16, 10, 6, 3, 14, 23, 1, 31, 2
Pocket:
8, 16, 6, 28, 20, 22, 13, 12, 30, 27, 4, 29, 19, 21, 9, 1, 24, 26, 25, 18, 0, 2, 11, 14, 7, 31, 3, 23, 10, 15, 17, 5
27, 16, 2, 8, 29, 24, 19, 11, 6, 9, 10, 25, 5, 12, 28, 22, 17, 26, 15, 1, 13, 23, 21, 4, 18, 14, 31, 3, 7, 20, 0, 30
7, 29, 27, 4, 24, 3, 25, 8, 30, 12, 26, 17, 16, 2, 31, 6, 11, 1, 13, 23, 21, 20, 22, 5, 0, 10, 14, 28, 19, 9, 18, 15
6, 10, 29, 23, 2, 14, 4, 12, 21, 17, 1, 3, 11, 26, 22, 5, 8, 16, 28, 24, 25, 13, 7, 19, 20, 30, 0, 18, 9, 15, 31, 27
28, 3, 31, 6, 30, 15, 1, 20, 24, 21, 10, 27, 7, 12, 4, 2, 25, 19, 18, 22, 9, 0, 11, 13, 29, 16, 8, 23, 26, 5, 14, 17
19, 0, 28, 12, 29, 1, 18, 6, 25, 30, 14, 23, 26, 9, 15, 11, 20, 3, 4, 13, 10, 2, 8, 27, 22, 17, 16, 24, 5, 21, 31, 7
23, 25, 22, 27, 2, 26, 30, 16, 6, 1, 7, 21, 12, 13, 14, 4, 31, 29, 28, 19, 9, 10, 5, 17, 3, 15, 24, 11, 18, 0, 20, 8
6, 11, 17, 1, 5, 21, 19, 4, 30, 14, 16, 28, 13, 26, 9, 2, 22, 31, 18, 29, 0, 8, 3, 15, 10, 25, 23, 24, 27, 12, 20, 7
0, 13, 15, 28, 19, 25, 8, 23, 17, 29, 10, 16, 3, 22, 18, 2, 12, 6, 20, 4, 30, 31, 1, 9, 24, 27, 21, 14, 5, 11, 7, 26
30, 29, 5, 18, 26, 22, 11, 28, 3, 0, 13, 17, 2, 10, 25, 24, 27, 19, 7, 8, 6, 23, 15, 16, 14, 1, 12, 20, 4, 31, 21, 9
Pocket:
29, 10, 2, 9, 6, 12, 22, 20, 15, 4, 13, 1, 26, 25, 18, 17, 7, 5, 28, 23, 21, 24, 30, 11, 14, 0, 3, 31, 16, 19, 27, 8
2, 19, 13, 9, 0, 28, 1, 7, 18, 29, 4, 22, 8, 14, 20, 30, 24, 6, 21, 27, 25, 17, 12, 26, 23, 15, 31, 11, 3, 5, 10, 16
3, 21, 14, 8, 17, 11, 24, 25, 28, 5, 18, 30, 16, 6, 10, 23, 19, 7, 13, 20, 9, 4, 22, 0, 31, 1, 29, 2, 15, 26, 27, 12
6, 24, 12, 31, 10, 18, 9, 16, 20, 13, 23, 25, 29, 4, 2, 30, 15, 26, 11, 17, 7, 27, 21, 1, 28, 0, 8, 22, 5, 3, 19, 14
31, 3, 30, 16, 5, 24, 6, 1, 8, 9, 21, 25, 4, 2, 11, 10, 0, 22, 7, 17, 19, 26, 18, 20, 14, 28, 29, 13, 15, 27, 12, 23
11, 26, 0, 23, 27, 4, 19, 12, 14, 25, 20, 28, 17, 16, 13, 30, 31, 29, 21, 24, 7, 2, 9, 6, 18, 1, 5, 22, 10, 8, 3, 15
4, 20, 13, 10, 9, 26, 5, 12, 11, 31, 23, 24, 6, 18, 30, 25, 14, 21, 17, 19, 27, 1, 28, 16, 7, 2, 22, 15, 3, 0, 29, 8
19, 13, 17, 0, 27, 12, 23, 15, 30, 8, 24, 7, 14, 25, 16, 11, 21, 2, 20, 6, 5, 9, 26, 18, 10, 1, 28, 31, 22, 3, 4, 29
19, 13, 24, 27, 30, 14, 21, 8, 1, 17, 18, 4, 0, 25, 11, 22, 2, 26, 16, 28, 3, 5, 23, 6, 29, 7, 20, 15, 10, 9, 31, 12
1, 8, 13, 7, 6, 31, 25, 10, 5, 15, 12, 9, 11, 18, 21, 16, 4, 20, 27, 22, 23, 0, 26, 30, 14, 29, 17, 3, 28, 19, 24, 2
Pocket:
29, 1, 4, 7, 25, 14, 23, 27, 26, 30, 22, 2, 28, 10, 13, 18, 20, 15, 3, 21, 19, 12, 6, 16, 5, 31, 17, 8, 9, 11, 24, 0
3, 14, 8, 10, 11, 21, 22, 13, 30, 18, 26, 25, 27, 31, 17, 16, 7, 23, 9, 29, 15, 0, 28, 4, 20, 24, 1, 19, 6, 12, 2, 5
2, 5, 12, 30, 4, 28, 23, 7, 16, 17, 25, 29, 0, 11, 10, 13, 18, 6, 26, 3, 22, 31, 19, 8, 20, 21, 1, 24, 14, 27, 15, 9
31, 19, 28, 16, 30, 2, 17, 23, 11, 22, 5, 18, 10, 14, 3, 8, 12, 4, 29, 0, 1, 15, 20, 6, 24, 7, 21, 13, 9, 26, 27, 25
7, 5, 26, 18, 8, 16, 22, 6, 2, 27, 13, 9, 17, 12, 15, 4, 21, 1, 19, 23, 25, 3, 31, 28, 30, 11, 0, 20, 10, 24, 29, 14
17, 21, 1, 22, 5, 6, 24, 14, 19, 8, 18, 20, 26, 27, 12, 29, 31, 10, 0, 13, 9, 15, 30, 4, 2, 25, 7, 3, 23, 16, 11, 28
11, 15, 5, 14, 8, 17, 21, 24, 23, 18, 20, 29, 26, 6, 7, 19, 4, 16, 28, 13, 2, 12, 27, 10, 1, 3, 22, 30, 25, 31, 0, 9
18, 15, 10, 4, 29, 2, 20, 30, 24, 31, 3, 12, 7, 14, 9, 21, 6, 22, 13, 16, 23, 28, 26, 5, 19, 17, 1, 8, 25, 11, 27, 0
24, 11, 23, 25, 26, 14, 22, 1, 0, 20, 8, 21, 5, 2, 3, 15, 4, 18, 31, 30, 9, 17, 27, 12, 29, 10, 28, 6, 13, 7, 19, 16
26, 15, 13, 10, 14, 17, 1, 2, 8, 24, 7, 23, 5, 4, 9, 21, 28, 22, 25, 12, 19, 27, 0, 11, 3, 20, 29, 16, 30, 18, 6, 31
Pocket:
26, 1, 28, 21, 29, 4, 6, 11, 12, 2, 8, 23, 15, 10, 24, 22, 16, 30, 25, 5, 17, 3, 31, 0, 13, 7, 20, 9, 27, 14, 18, 19
29, 4, 10, 12, 31, 14, 6, 7, 21, 24, 18, 11, 9, 15, 28, 16, 2, 22, 19, 1, 23, 13, 0, 5, 20, 27, 30, 8, 17, 26, 25, 3
2, 28, 9, 19, 12, 30, 14, 27, 5, 24, 25, 15, 8, 4, 13, 16, 0, 21, 26, 22, 1, 7, 3, 23, 10, 31, 20, 11, 29, 18, 6, 17
8, 2, 15, 5, 20, 18, 14, 12, 10, 22, 1, 21, 9, 17, 13, 28, 0, 19, 29, 6, 25, 4, 11, 27, 7, 24, 26, 16, 3, 30, 23, 31
25, 8, 13, 20, 16, 15, 4, 9, 23, 11, 21, 28, 17, 5, 0, 1, 19, 26, 22, 2, 31, 27, 6, 29, 14, 24, 10, 7, 18, 12, 30, 3
17, 11, 26, 1, 28, 31, 5, 25, 21, 19, 8, 6, 16, 9, 18, 14, 30, 15, 4, 10, 2, 20, 12, 23, 24, 27, 13, 7, 3, 29, 0, 22
28, 17, 31, 24, 22, 19, 6, 9, 27, 11, 16, 23, 2, 25, 15, 30, 5, 8, 26, 20, 1, 13, 21, 4, 18, 3, 10, 7, 14, 29, 12, 0
14, 4, 11, 2, 16, 0, 22, 10, 5, 26, 7, 3, 27, 18, 13, 1, 15, 29, 30, 24, 23, 20, 31, 9, 25, 12, 19, 6, 17, 28, 21, 8
20, 26, 29, 31, 17, 21, 30, 27, 15, 13, 16, 18, 25, 24, 28, 9, 0, 7, 10, 5, 19, 23, 1, 3, 11, 2, 14, 12, 6, 8, 22, 4
27, 24, 4, 6, 8, 14, 31, 12, 26, 16, 1, 3, 21, 22, 25, 2, 19, 7, 30, 11, 10, 20, 23, 5, 17, 9, 28, 29, 0, 13, 15, 18
Pocket:
28, 31, 20, 11, 27, 13, 25, 15, 24, 16, 10, 1, 5, 18, 7, 3, 14, 9, 0, 26, 29, 17, 22, 21, 12, 8, 23, 6, 30, 2, 4, 19
16, 1, 12, 15, 11, 14, 22, 27, 3, 2, 26, 17, 0, 28, 5, 13, 8, 25, 23, 24, 31, 20, 30, 9, 10, 18, 19, 21, 6, 4, 29, 7
5, 6, 14, 4, 9, 26, 29, 25, 27, 1, 23, 2, 16, 18, 24, 20, 0, 22, 19, 30, 28, 8, 17, 11, 15, 7, 31, 13, 12, 21, 10, 3
18, 1, 23, 6, 4, 24, 22, 28, 31, 11, 2, 13, 10, 29, 26, 25, 3, 12, 27, 20, 5, 8, 0, 19, 9, 16, 17, 21, 15, 14, 30, 7
18, 5, 1, 20, 12, 10, 8, 19, 21, 2, 22, 26, 7, 14, 27, 15, 30, 17, 29, 23, 24, 3, 31, 6, 13, 9, 4, 28, 11, 0, 25, 16
26, 17, 3, 21, 24, 8, 12, 22, 7, 31, 23, 9, 28, 15, 2, 19, 0, 30, 6, 5, 27, 20, 14, 18, 29, 4, 1, 10, 11, 16, 13, 25
9, 3, 12, 4, 24, 30, 31, 8, 16, 22, 26, 6, 0, 21, 25, 23, 20, 7, 15, 1, 14, 27, 29, 2, 18, 28, 17, 11, 5, 10, 19, 13
3, 18, 8, 9, 2, 5, 30, 7, 20, 11, 12, 29, 25, 22, 19, 0, 26, 31, 6, 10, 24, 23, 13, 14, 16, 27, 4, 15, 1, 21, 28, 17
14, 12, 24, 4, 19, 9, 3, 2, 22, 28, 10, 21, 17, 29, 30, 13, 20, 15, 16, 7, 26, 8, 18, 6, 0, 31, 23, 27, 11, 1, 25, 5
22, 23, 30, 8, 19, 0, 9, 14, 12, 6, 7, 28, 15, 1, 13, 10, 11, 17, 31, 25, 21, 26, 27, 3, 5, 2, 16, 24, 4, 20, 18, 29
Pocket:
12, 18, 9, 21, 0, 10, 5, 3, 29, 28, 24, 6, 19, 27, 15, 14, 30, 4, 20, 25, 26, 22, 2, 31, 7, 8, 16, 13, 23, 11, 17, 1
7, 30, 28, 10, 21, 1, 22, 23, 9, 24, 16, 0, 12, 20, 19, 15, 17, 11, 26, 29, 5, 8, 3, 13, 4, 27, 31, 18, 6, 25, 14, 2
1, 16, 3, 24, 19, 8, 4, 15, 21, 5, 12, 18, 26, 22, 10, 23, 31, 13, 9, 7, 28, 14, 25, 29, 6, 0, 11, 17, 2, 27, 20, 30
20, 28, 19, 5, 21, 30, 18, 24, 16, 4, 7, 3, 13, 11, 29, 8, 31, 10, 14, 22, 17, 12, 25, 0, 6, 27, 15, 9, 23, 1, 26, 2
5, 8, 29, 3, 22, 10, 27, 21, 1, 19, 14, 4, 9, 24, 31, 30, 16, 6, 15, 2, 7, 25, 13, 26, 17, 20, 12, 23, 18, 11, 0, 28
12, 17, 23, 2, 1, 3, 18, 16, 26, 21, 4, 14, 11, 0, 5, 10, 9, 13, 29, 31, 6, 25, 28, 24, 27, 8, 22, 7, 20, 19, 30, 15
14, 3, 1, 12, 10, 5, 2, 7, 22, 9, 19, 31, 13, 4, 6, 27, 26, 29, 17, 21, 24, 15, 28, 23, 16, 8, 18, 0, 20, 25, 11, 30
4, 10, 28, 22, 27, 25, 0, 6, 3, 24, 9, 1, 7, 17, 21, 23, 5, 20, 8, 14, 30, 19, 15, 11, 16, 2, 31, 13, 29, 18, 26, 12
12, 16, 20, 8, 19, 1, 21, 0, 28, 9, 13, 30, 25, 5, 14, 31, 4, 26, 23, 27, 11, 18, 10, 7, 29, 3, 2, 17, 15, 6, 24, 22
15, 0, 23, 8, 11, 9, 18, 10, 2, 20, 12, 27, 17, 3, 13, 4, 16, 19, 30, 1, 29, 24, 31, 7, 28, 21, 25, 6, 22, 26, 14, 5
Pocket:
13, 11, 20, 14, 6, 7, 1, 15, 28, 23, 29, 18, 26, 31, 10, 0, 27, 30, 17, 8, 2, 24, 3, 5, 12, 25, 4, 16, 19, 21, 22, 9
15, 14, 22, 26, 8, 23, 30, 11, 4, 29, 1, 3, 20, 19, 7, 16, 0, 12, 21, 6, 17, 9, 13, 10, 2, 18, 24, 5, 27, 25, 28, 31
26, 11, 0, 13, 14, 20, 3, 6, 24, 2, 17, 25, 9, 7, 29, 27, 30, 16, 19, 18, 12, 10, 31, 28, 15, 8, 4, 5, 21, 23, 1, 22
3, 9, 0, 13, 30, 20, 16, 21, 6, 15, 8, 11, 10, 5, 14, 31, 12, 29, 1, 19, 23, 7, 18, 24, 22, 4, 25, 27, 26, 2, 28, 17
27, 24, 29, 20, 18, 25, 12, 7, 17, 19, 13, 2, 8, 28, 21, 23, 4, 14, 0, 1, 9, 11, 31, 15, 6, 5, 3, 10, 16, 30, 22, 26
15, 9, 5, 30, 0, 18, 24, 17, 27, 21, 1, 20, 23, 3, 26, 12, 4, 31, 25, 19, 14, 11, 29, 22, 13, 16, 28, 8, 2, 7, 6, 10
17, 9, 13, 4, 31, 27, 26, 8, 24, 10, 20, 5, 6, 28, 0, 21, 7, 25, 11, 29, 14, 15, 18, 3, 30, 22, 16, 23, 1, 2, 12, 19
13, 14, 2, 15, 28, 10, 16, 23, 19, 8, 25, 12, 31, 11, 20, 6, 24, 9, 27, 29, 0, 3, 1, 22, 5, 7, 17, 4, 26, 30, 18, 21
24, 11, 13, 27, 9, 14, 8, 10, 7, 17, 4, 30, 18, 21, 6, 23, 29, 3, 31, 22, 16, 25, 15, 28, 1, 19, 0, 20, 26, 5, 2, 12
17, 23, 28, 19, 4, 22, 26, 21, 2, 25, 11, 8, 12, 20, 9, 5, 30, 7, 3, 0, 10, 1, 18, 14, 31, 13, 29, 6, 15, 27, 24, 16
Pocket:
23, 4, 6, 0, 18, 13, 29, 16, 20, 14, 15, 19, 10, 11, 9, 5, 2, 24, 26, 31, 27, 7, 28, 30, 3, 12, 8, 1, 25, 21, 17, 22
10, 12, 11, 21, 6, 25, 24, 7, 30, 26, 22, 4, 14, 1, 23, 27, 13, 2, 18, 19, 20, 9, 31, 29, 17, 8, 16, 15, 28, 0, 3, 5
10, 26, 9, 25, 27, 19, 1, 23, 18, 20, 3, 24, 13, 17, 15, 16, 31, 14, 4, 7, 2, 29, 6, 0, 5, 30, 22, 11, 21, 28, 12, 8
19, 18, 9, 28, 1, 20, 27, 0, 15, 23, 17, 11, 5, 16, 10, 4, 21, 2, 14, 25, 26, 22, 30, 6, 24, 29, 12, 8, 13, 7, 31, 3
11, 22, 12, 4, 20, 23, 0, 31, 15, 8, 1, 25, 3, 5, 7, 17, 10, 18, 9, 30, 24, 13, 14, 27, 26, 28, 21, 19, 6, 16, 29, 2
25, 7, 29, 18, 11, 27, 12, 16, 8, 9, 4, 21, 23, 6, 13, 10, 1, 26, 31, 30, 14, 5, 28, 17, 19, 22, 3, 24, 2, 15, 20, 0
0, 5, 25, 9, 23, 12, 10, 27, 11, 20, 28, 24, 3, 16, 31, 19, 6, 15, 14, 30, 1, 18, 7, 26, 13, 2, 17, 29, 4, 22, 8, 21
10, 12, 30, 31, 16, 27, 13, 8, 29, 11, 25, 28, 20, 19, 6, 21, 23, 3, 22, 7, 9, 2, 24, 15, 14, 4, 1, 0, 26, 17, 5, 18
27, 11, 23, 0, 17, 31, 26, 19, 4, 5, 25, 22, 20, 6, 1, 3, 28, 14, 24, 9, 7, 29, 30, 8, 2, 15, 12, 21, 10, 18, 13, 16
9, 23, 8, 0, 4, 22, 16, 25, 11, 14, 12, 20, 28, 27, 18, 29, 30, 24, 3, 31, 26, 7, 17, 2, 1, 5, 13, 21, 19, 6, 10, 15