Pocket:
13, 4, 21, 10, 7, 12, 26, 19, 17, 25, 20, 28, 22, 8, 15, 9, 30, 2, 3, 11, 27, 16, 0, 29, 24, 31, 18, 6, 23, 14, 1, 5
16, 22, 17, 23, 10, 24, 31, 21, 26, 19, 5, 28, 1, 29, 9, 0, 6, 11, 30, 27, 2, 18, 20, 8, 25, 12, 4, 7, 13, 15, 3, 14
14, 9, 7, 0, 22, 16, 18, 12, 24, 20, 19, 3, 11, 17, 1, 25, 27, 13, 23, 29, 2, 28, 30, 15, 10, 21, 6, 8, 26, 31, 4, 5
15, 3, 23, 28, 8, 2, 29, 30, 18, 21, 27, 6, 9, 10, 25, 16, 4, 20, 22, 19, 13, 24, 7, 11, 1, 31, 0, 5, 14, 26, 17, 12
21, 28, 17, 19, 23, 12, 1, 20, 7, 11, 30, 29, 16, 26, 13, 24, 10, 6, 2, 25, 4, 15, 0, 5, 18, 3, 14, 31, 22, 27, 9, 8
23, 18, 27, 5, 9, 15, 30, 20, 4, 31, 26, 13, 11, 1, 7, 25, 21, 2, 14, 8, 29, 28, 10, 24, 0, 6, 19, 12, 3, 17, 22, 16
26, 21, 11, 30, 5, 9, 23, 10, 19, 17, 25, 20, 24, 18, 22, 14, 13, 2, 3, 12, 16, 15, 4, 7, 31, 29, 6, 27, 1, 28, 8, 0
19, 3, 31, 24, 20, 5, 10, 0, 6, 23, 22, 15, 25, 9, 27, 30, 8, 14, 11, 12, 2, 21, 1, 29, 18, 28, 13, 7, 16, 26, 4, 17
27, 0, 15, 19, 13, 29, 11, 26, 28, 30, 24, 22, 5, 14, 7, 21, 9, 20, 6, 3, 31, 23, 18, 8, 4, 10, 12, 17, 16, 1, 2, 25
19, 13, 7, 1, 18, 2, 20, 15, 8, 26, 22, 9, 25, 27, 29, 28, 12, 21, 4, 11, 31, 30, 6, 23, 14, 16, 17, 24, 3, 10, 0, 5
Pocket:
19, 23, 17, 7, 6, 28, 20, 15, 14, 27, 12, 3, 4, 18, 2, 8, 26, 21, 13, 16, 25, 31, 9, 24, 29, 10, 5, 30, 1, 11, 0, 22
31, 26, 12, 24, 13, 17, 2, 22, 7, 18, 3, 20, 0, 11, 25, 10, 14, 1, 6, 28, 16, 15, 4, 27, 8, 19, 9, 29, 5, 21, 23, 30
23, 4, 7, 17, 27, 1, 29, 30, 9, 10, 26, 28, 2, 11, 31, 13, 25, 0, 16, 8, 15, 22, 14, 6, 3, 21, 24, 12, 20, 19, 18, 5
18, 17, 26, 9, 1, 11, 13, 3, 7, 4, 14, 21, 12, 25, 31, 23, 6, 24, 30, 28, 10, 19, 0, 5, 20, 27, 16, 2, 8, 15, 22, 29
0, 26, 24, 1, 11, 28, 8, 23, 3, 20, 31, 21, 25, 29, 16, 5, 22, 19, 15, 9, 14, 10, 12, 2, 7, 18, 6, 27, 30, 17, 13, 4
30, 11, 15, 31, 28, 0, 29, 17, 3, 23, 25, 24, 21, 10, 5, 6, 20, 2, 1, 7, 13, 19, 12, 27, 26, 22, 4, 18, 14, 9, 8, 16
3, 26, 15, 25, 21, 27, 22, 5, 23, 12, 13, 28, 9, 6, 19, 10, 20, 2, 17, 0, 8, 7, 29, 1, 30, 24, 31, 4, 18, 16, 14, 11
10, 5, 14, 19, 15, 6, 11, 22, 31, 21, 26, 18, 29, 23, 27, 30, 13, 25, 28, 17, 16, 12, 2, 20, 9, 8, 0, 24, 3, 7, 4, 1
18, 6, 28, 9, 10, 3, 16, 20, 12, 30, 4, 14, 17, 15, 25, 2, 0, 1, 27, 23, 19, 29, 26, 8, 24, 7, 21, 11, 22, 31, 5, 13
7, 8, 30, 12, 28, 20, 9, 1, 11, 17, 15, 22, 6, 16, 13, 0, 4, 29, 21, 3, 5, 2, 10, 31, 18, 14, 27, 19, 23, 24, 26, 25
Pocket:
2, 0, 7, 25, 31, 5, 17, 16, 23, 11, 8, 10, 12, 21, 26, 9, 15, 29, 24, 27, 22, 18, 28, 1, 14, 20, 4, 30, 6, 3, 13, 19
21, 26, 6, 30, 25, 1, 12, 15, 13, 22, 23, 3, 18, 2, 4, 31, 29, 20, 5, 0, 10, 28, 14, 27, 7, 24, 17, 11, 16, 9, 8, 19
30, 18, 4, 28, 12, 7, 22, 9, 31, 16, 27, 0, 13, 21, 23, 5, 3, 26, 17, 19, 24, 6, 14, 1, 25, 29, 20, 8, 10, 2, 15, 11
16, 14, 26, 18, 27, 15, 10, 3, 24, 21, 7, 5, 29, 20, 0, 4, 17, 12, 25, 23, 1, 28, 19, 11, 9, 30, 22, 13, 31, 8, 6, 2
6, 13, 19, 23, 31, 7, 2, 0, 22, 9, 25, 20, 4, 1, 16, 18, 3, 26, 29, 14, 15, 17, 11, 12, 30, 24, 5, 27, 21, 28, 10, 8
13, 30, 11, 4, 2, 5, 27, 15, 7, 26, 19, 21, 18, 17, 0, 3, 29, 24, 23, 10, 28, 12, 1, 9, 22, 16, 20, 31, 8, 14, 6, 25
1, 2, 18, 14, 13, 31, 11, 25, 28, 9, 15, 23, 20, 6, 4, 19, 21, 26, 5, 22, 10, 7, 17, 27, 3, 30, 8, 24, 0, 12, 29, 16
30, 3, 2, 27, 10, 22, 4, 18, 23, 6, 20, 12, 13, 31, 25, 14, 19, 15, 5, 17, 24, 28, 9, 8, 29, 0, 26, 21, 1, 11, 7, 16
10, 19, 23, 27, 13, 15, 7, 31, 25, 16, 9, 11, 24, 8, 28, 29, 0, 17, 14, 6, 5, 20, 22, 1, 30, 26, 18, 4, 2, 21, 3, 12
5, 6, 27, 28, 0, 7, 1, 19, 2, 18, 30, 21, 14, 15, 22, 25, 31, 20, 10, 26, 17, 9, 24, 23, 3, 13, 16, 8, 29, 11, 12, 4
Pocket:
15, 22, 9, 5, 23, 7, 10, 28, 27, 0, 17, 11, 4, 24, 26, 3, 30, 29, 6, 25, 14, 20, 21, 13, 12, 31, 19, 1, 16, 18, 2, 8
20, 16, 21, 1, 30, 15, 24, 17, 13, 14, 0, 18, 2, 31, 6, 12, 5, 22, 4, 7, 29, 25, 26, 10, 3, 11, 28, 23, 8, 19, 9, 27
13, 7, 8, 31, 6, 20, 18, 12, 28, 19, 9, 26, 16, 5, 11, 10, 17, 27, 1, 22, 25, 2, 29, 30, 15, 0, 14, 3, 24, 4, 21, 23
1, 26, 10, 2, 28, 9, 22, 23, 14, 21, 24, 6, 29, 25, 16, 17, 27, 30, 7, 31, 15, 0, 8, 4, 11, 5, 19, 18, 12, 13, 3, 20
2, 27, 26, 10, 29, 16, 9, 1, 22, 20, 31, 3, 28, 14, 5, 25, 4, 17, 7, 19, 0, 24, 23, 6, 12, 15, 13, 30, 18, 8, 21, 11
31, 15, 3, 5, 18, 19, 2, 11, 10, 8, 14, 21, 20, 6, 29, 0, 24, 7, 16, 28, 9, 13, 17, 26, 4, 27, 12, 22, 1, 25, 23, 30
26, 15, 25, 9, 18, 4, 6, 5, 20, 3, 21, 30, 17, 29, 19, 0, 27, 7, 10, 16, 1, 13, 22, 31, 14, 23, 8, 12, 28, 11, 24, 2
15, 6, 10, 11, 23, 12, 19, 9, 8, 26, 25, 28, 14, 2, 3, 4, 5, 16, 24, 31, 17, 7, 29, 20, 27, 18, 22, 13, 0, 1, 21, 30
24, 5, 9, 30, 8, 11, 19, 13, 29, 3, 10, 26, 7, 15, 16, 20, 27, 6, 4, 23, 12, 2, 1, 14, 31, 22, 18, 0, 25, 21, 28, 17
18, 26, 17, 16, 25, 19, 28, 15, 2, 6, 7, 23, 24, 14, 9, 11, 29, 8, 5, 3, 22, 4, 1, 12, 13, 21, 10, 20, 0, 30, 27, 31
Pocket:
1, 17, 15, 23, 3, 6, 20, 29, 11, 12, 4, 14, 13, 8, 28, 7, 9, 18, 26, 2, 19, 24, 25, 10, 31, 5, 0, 30, 16, 21, 27, 22
13, 16, 2, 20, 31, 8, 30, 25, 3, 19, 11, 12, 21, 23, 9, 26, 6, 10, 22, 24, 4, 1, 0, 29, 7, 15, 14, 28, 27, 18, 17, 5
4, 11, 27, 28, 19, 8, 31, 22, 30, 9, 24, 2, 1, 10, 23, 21, 18, 3, 12, 7, 16, 0, 25, 5, 15, 17, 26, 14, 29, 13, 20, 6
3, 28, 13, 20, 17, 19, 24, 18, 16, 1, 4, 5, 0, 10, 7, 15, 9, 25, 21, 31, 11, 29, 23, 12, 14, 26, 22, 2, 8, 30, 27, 6
28, 8, 27, 17, 2, 6, 9, 12, 1, 11, 31, 23, 14, 26, 0, 13, 22, 4, 5, 21, 24, 30, 29, 19, 18, 3, 7, 16, 10, 25, 15, 20
1, 11, 14, 26, 21, 0, 2, 30, 18, 25, 12, 6, 9, 29, 8, 31, 4, 7, 5, 23, 10, 3, 22, 15, 17, 27, 24, 16, 28, 20, 19, 13
22, 9, 30, 14, 4, 23, 31, 1, 2, 17, 20, 24, 28, 3, 13, 5, 10, 25, 8, 7, 16, 18, 21, 11, 15, 19, 26, 6, 0, 12, 27, 29
8, 0, 25, 18, 20, 6, 3, 30, 9, 17, 24, 5, 7, 31, 27, 10, 23, 15, 4, 12, 29, 11, 28, 19, 16, 22, 2, 13, 26, 14, 21, 1
11, 29, 27, 12, 0, 3, 20, 2, 15, 8, 18, 1, 14, 26, 7, 25, 23, 28, 24, 9, 31, 4, 16, 22, 5, 10, 13, 17, 30, 21, 6, 19
11, 24, 3, 6, 16, 31, 27, 5, 8, 1, 28, 10, 14, 21, 0, 13, 19, 9, 17, 23, 18, 15, 22, 2, 25, 4, 30, 29, 20, 26, 12, 7
Pocket:
1, 5, 29, 25, 26, 30, 9, 21, 17, 16, 11, 18, 22, 19, 20, 31, 2, 8, 10, 6, 27, 15, 4, 7, 12, 23, 3, 24, 13, 14, 28, 0
0, 29, 14, 4, 2, 23, 17, 26, 7, 18, 22, 24, 9, 1, 3, 12, 6, 30, 16, 11, 5, 27, 13, 8, 15, 19, 10, 31, 28, 21, 25, 20
2, 31, 13, 18, 25, 28, 11, 15, 23, 7, 22, 27, 10, 24, 5, 4, 1, 29, 20, 17, 21, 14, 9, 0, 19, 8, 3, 16, 6, 30, 12, 26
1, 28, 17, 14, 20, 31, 12, 10, 18, 6, 2, 15, 22, 30, 24, 27, 5, 8, 26, 13, 21, 4, 23, 0, 29, 11, 25, 19, 3, 16, 7, 9
21, 1, 10, 0, 14, 15, 31, 23, 29, 20, 6, 27, 22, 5, 24, 16, 12, 11, 7, 26, 19, 17, 30, 25, 2, 18, 13, 8, 3, 4, 9, 28
17, 27, 4, 19, 6, 22, 3, 26, 1, 24, 12, 31, 25, 15, 11, 7, 10, 14, 2, 29, 0, 20, 8, 23, 5, 9, 30, 21, 16, 28, 18, 13
17, 15, 24, 19, 7, 29, 1, 31, 13, 27, 20, 14, 30, 21, 25, 22, 11, 4, 12, 16, 5, 18, 3, 9, 6, 26, 10, 23, 28, 8, 0, 2
21, 9, 4, 8, 7, 16, 6, 23, 2, 27, 1, 31, 3, 10, 12, 29, 17, 11, 22, 20, 19, 5, 13, 25, 15, 18, 24, 28, 0, 30, 14, 26
22, 13, 12, 2, 5, 21, 17, 10, 11, 29, 9, 25, 26, 24, 28, 0, 7, 3, 31, 6, 30, 23, 27, 15, 16, 4, 1, 14, 18, 20, 19, 8
1, 28, 24, 10, 26, 8, 11, 13, 6, 27, 20, 14, 17, 12, 29, 21, 22, 9, 18, 15, 16, 19, 5, 2, 4, 7, 25, 0, 23, 30, 3, 31
Pocket:
22, 21, 9, 7, 0, 8, 4, 2, 29, 12, 1, 5, 23, 3, 14, 11, 27, 19, 18, 6, 20, 16, 13, 30, 25, 10, 15, 31, 17, 24, 26, 28
12, 9, 0, 30, 31, 18, 19, 11, 7, 13, 28, 24, 1, 22, 20, 23, 26, 3, 29, 21, 4, 17, 27, 25, 14, 8, 5, 15, 16, 6, 10, 2
24, 13, 1, 27, 16, 12, 2, 14, 29, 5, 19, 25, 23, 3, 21, 8, 18, 11, 30, 31, 6, 4, 15, 10, 28, 20, 26, 9, 7, 17, 0, 22
9, 6, 1, 7, 31, 2, 17, 10, 4, 12, 29, 27, 25, 21, 14, 26, 20, 3, 19, 5, 30, 22, 28, 11, 24, 8, 13, 18, 23, 16, 15, 0
2, 17, 22, 5, 20, 9, 3, 25, 28, 13, 14, 18, 4, 24, 16, 30, 21, 6, 1, 10, 12, 7, 15, 11, 26, 0, 19, 29, 31, 27, 8, 23
28, 8, 12, 18, 31, 10, 5, 13, 1, 23, 21, 19, 6, 24, 3, 27, 14, 22, 11, 29, 9, 7, 17, 2, 4, 30, 15, 25, 0, 20, 16, 26
20, 26, 19, 7, 15, 14, 12, 11, 23, 8, 2, 17, 9, 4, 6, 3, 30, 27, 28, 29, 13, 5, 16, 18, 1, 10, 21, 24, 22, 0, 31, 25
10, 17, 21, 1, 27, 18, 28, 8, 15, 29, 22, 16, 0, 14, 7, 3, 2, 24, 31, 19, 23, 20, 12, 11, 30, 6, 26, 25, 5, 9, 4, 13
11, 14, 3, 28, 2, 15, 18, 27, 5, 7, 4, 12, 1, 31, 30, 20, 16, 23, 26, 8, 21, 22, 13, 24, 9, 17, 6, 10, 25, 29, 0, 19
9, 31, 16, 27, 0, 17, 5, 25, 13, 26, 29, 7, 4, 19, 3, 14, 21, 11, 6, 20, 24, 10, 2, 18, 30, 23, 15, 22, 1, 28, 8, 12
Pocket:
5, 7, 1, 12, 16, 19, 20, 25, 21, 10, 30, 31, 17, 18, 15, 22, 28, 11, 27, 29, 8, 14, 26, 9, 23, 3, 13, 2, 4, 24, 0, 6
10, 20, 19, 16, 6, 4, 29, 27, 11, 13, 12, 23, 22, 21, 24, 3, 26, 9, 2, 8, 31, 1, 0, 15, 14, 28, 25, 17, 7, 18, 5, 30
23, 6, 26, 29, 4, 25, 27, 7, 8, 20, 1, 3, 14, 12, 0, 31, 24, 16, 11, 10, 30, 15, 13, 18, 19, 28, 22, 2, 17, 21, 5, 9
7, 30, 0, 17, 26, 4, 1, 6, 14, 22, 19, 27, 18, 28, 8, 15, 16, 25, 31, 23, 5, 3, 2, 20, 10, 24, 9, 13, 21, 12, 29, 11
14, 18, 13, 29, 25, 26, 15, 30, 8, 1, 10, 11, 31, 4, 24, 3, 28, 12, 9, 0, 21, 22, 5, 23, 19, 17, 16, 20, 7, 2, 27, 6
16, 24, 10, 20, 6, 27, 23, 14, 8, 1, 25, 17, 5, 0, 19, 12, 4, 3, 26, 11, 21, 13, 29, 18, 31, 22, 9, 15, 28, 2, 7, 30
31, 1, 12, 28, 15, 0, 13, 8, 6, 19, 16, 22, 5, 21, 24, 26, 20, 18, 10, 2, 25, 27, 3, 17, 23, 29, 9, 30, 11, 7, 4, 14
17, 13, 20, 28, 11, 31, 2, 29, 3, 16, 7, 22, 8, 25, 26, 18, 0, 23, 15, 27, 14, 24, 12, 6, 4, 19, 21, 9, 5, 30, 1, 10
12, 19, 27, 5, 4, 10, 7, 15, 26, 21, 9, 13, 3, 20, 23, 14, 6, 16, 11, 30, 18, 22, 25, 0, 24, 2, 17, 28, 29, 31, 8, 1
1, 25, 2, 21, 18, 24, 23, 29, 10, 19, 12, 27, 15, 30, 11, 8, 0, 16, 9, 6, 13, 3, 22, 4, 20, 5, 28, 17, 31, 26, 14, 7
Pocket:
18, 31, 30, 26, 1, 17, 6, 27, 4, 7, 29, 8, 22, 24, 25, 23, 2, 0, 28, 14, 11, 15, 16, 3, 12, 20, 5, 9, 10, 21, 19, 13
28, 24, 31, 16, 27, 2, 26, 11, 13, 5, 10, 25, 21, 15, 14, 3, 1, 18, 8, 0, 6, 30, 7, 23, 29, 20, 17, 9, 4, 22, 19, 12
18, 4, 31, 16, 1, 21, 19, 20, 24, 11, 13, 12, 8, 30, 27, 0, 14, 2, 6, 10, 25, 29, 15, 5, 23, 26, 28, 17, 7, 9, 22, 3
22, 4, 16, 12, 7, 17, 11, 14, 2, 8, 10, 21, 13, 6, 0, 18, 28, 29, 27, 25, 20, 30, 1, 15, 31, 3, 9, 23, 26, 24, 5, 19
0, 20, 18, 1, 23, 5, 16, 12, 24, 26, 25, 6, 27, 8, 14, 21, 15, 30, 19, 2, 29, 9, 13, 31, 4, 10, 11, 7, 28, 22, 3, 17
29, 17, 12, 7, 4, 30, 14, 13, 22, 5, 16, 28, 9, 10, 20, 0, 15, 26, 11, 19, 31, 1, 2, 27, 24, 21, 25, 3, 8, 18, 23, 6
31, 10, 17, 22, 24, 25, 29, 26, 7, 15, 2, 23, 16, 20, 8, 4, 6, 3, 13, 0, 21, 11, 1, 18, 27, 19, 30, 9, 28, 14, 12, 5
1, 29, 17, 21, 30, 16, 25, 13, 24, 7, 22, 20, 23, 8, 18, 27, 11, 5, 9, 15, 12, 28, 0, 4, 31, 3, 10, 6, 26, 14, 2, 19
23, 16, 26, 5, 20, 9, 4, 1, 24, 28, 8, 22, 12, 27, 7, 14, 31, 18, 0, 11, 17, 29, 25, 30, 15, 10, 6, 19, 21, 2, 13, 3
23, 24, 26, 6, 15, 16, 31, 22, 4, 10, 2, 19, 18, 14, 29, 8, 17, 3, 30, 11, 27, 28, 25, 9, 7, 21, 5, 1, 13, 20, 12, 0
Pocket:
0, 12, 1, 2, 16, 14, 3, 23, 15, 9, 11, 19, 20, 4, 30, 24, 31, 27, 28, 29, 6, 8, 10, 7, 5, 17, 13, 18, 21, 26, 22, 25
19, 29, 5, 27, 26, 12, 7, 25, 31, 30, 8, 2, 18, 13, 3, 0, 4, 16, 28, 22, 15, 1, 23, 14, 11, 20, 10, 24, 9, 6, 21, 17
11, 6, 12, 10, 22, 5, 25, 20, 27, 31, 3, 13, 18, 19, 1, 16, 17, 0, 26, 15, 28, 23, 29, 2, 4, 21, 9, 8, 24, 7, 30, 14
17, 9, 14, 29, 31, 21, 26, 20, 3, 18, 16, 27, 24, 10, 30, 13, 6, 15, 5, 7, 4, 0, 8, 12, 25, 11, 19, 1, 2, 22, 28, 23
3, 18, 16, 29, 14, 12, 23, 6, 19, 1, 11, 25, 30, 5, 26, 21, 9, 20, 7, 24, 10, 8, 13, 15, 27, 17, 31, 22, 0, 2, 4, 28
9, 7, 26, 23, 16, 30, 24, 4, 21, 20, 10, 25, 5, 11, 17, 0, 13, 28, 27, 2, 15, 8, 6, 31, 12, 3, 22, 14, 18, 29, 1, 19
1, 5, 6, 30, 18, 31, 13, 0, 7, 21, 11, 8, 14, 17, 2, 15, 16, 4, 19, 9, 27, 29, 23, 28, 24, 10, 26, 25, 22, 12, 20, 3
20, 8, 4, 13, 25, 26, 22, 29, 15, 2, 19, 10, 7, 27, 23, 0, 24, 11, 28, 3, 30, 18, 1, 31, 9, 5, 16, 14, 17, 21, 12, 6
20, 21, 13, 12, 10, 19, 1, 28, 11, 7, 22, 23, 15, 27, 31, 25, 16, 29, 30, 5, 6, 4, 0, 26, 9, 2, 18, 24, 14, 17, 8, 3
4, 31, 19, 28, 6, 8, 24, 26, 9, 21, 27, 14, 29, 7, 1, 5, 12, 23, 16, 3, 2, 30, 18, 0, 17, 11, 20, 22, 15, 25, 13, 10
Pocket:
29, 31, 8, 25, 11, 28, 26, 15, 21, 17, 6, 24, 18, 0, 3, 20, 2, 19, 7, 13, 9, 4, 27, 10, 23, 12, 14, 30, 1, 16, 5, 22
22, 2, 7, 15, 14, 29, 13, 3, 0, 8, 18, 11, 26, 20, 25, 16, 5, 12, 9, 10, 19, 24, 23, 30, 6, 17, 1, 31, 27, 21, 28, 4
6, 25, 0, 16, 13, 20, 5, 9, 31, 22, 4, 26, 17, 14, 19, 24, 10, 1, 23, 29, 12, 18, 7, 27, 30, 28, 3, 2, 15, 8, 21, 11
1, 30, 6, 22, 15, 25, 14, 18, 12, 27, 26, 0, 4, 23, 10, 21, 28, 19, 29, 17, 31, 24, 2, 7, 5, 13, 8, 11, 9, 16, 3, 20
16, 1, 19, 10, 28, 30, 25, 3, 15, 29, 5, 22, 7, 2, 6, 17, 8, 23, 24, 18, 14, 13, 27, 26, 4, 21, 12, 31, 20, 11, 9, 0
28, 18, 7, 19, 26, 5, 9, 21, 4, 6, 22, 8, 15, 17, 12, 2, 0, 16, 23, 3, 24, 29, 31, 13, 27, 1, 14, 30, 25, 11, 20, 10
31, 19, 18, 15, 23, 6, 3, 10, 4, 8, 14, 9, 27, 24, 5, 20, 25, 11, 28, 7, 0, 12, 13, 21, 22, 26, 17, 30, 1, 16, 29, 2
0, 24, 20, 13, 27, 10, 9, 12, 19, 31, 8, 11, 17, 6, 16, 2, 21, 26, 4, 5, 22, 7, 15, 1, 23, 28, 14, 3, 25, 29, 18, 30
6, 25, 31, 27, 29, 30, 11, 4, 26, 2, 16, 13, 10, 18, 23, 8, 20, 22, 28, 12, 3, 15, 0, 24, 14, 9, 21, 7, 5, 19, 17, 1
11, 29, 28, 6, 31, 10, 0, 1, 26, 13, 17, 4, 14, 25, 24, 23, 20, 19, 22, 30, 21, 12, 5, 9, 15, 18, 16, 27, 2, 3, 7, 8
Pocket:
1, 16, 20, 21, 26, 5, 13, 8, 31, 30, 4, 6, 3, 25, 0, 27, 17, 12, 2, 10, 28, 18, 14, 24, 15, 29, 9, 19, 22, 23, 11, 7
19, 0, 7, 1, 26, 28, 6, 10, 9, 5, 8, 15, 2, 21, 17, 24, 20, 30, 16, 25, 27, 29, 14, 11, 3, 4, 31, 18, 22, 23, 12, 13
26, 11, 31, 28, 16, 0, 18, 12, 20, 8, 25, 14, 24, 23, 19, 21, 7, 4, 6, 9, 1, 29, 17, 27, 13, 30, 3, 5, 15, 10, 2, 22
19, 15, 25, 8, 6, 11, 24, 1, 12, 10, 14, 0, 27, 22, 5, 21, 20, 4, 26, 29, 31, 2, 30, 23, 17, 9, 7, 28, 3, 16, 13, 18
30, 31, 27, 23, 25, 20, 7, 28, 5, 18, 22, 3, 21, 15, 1, 19, 24, 0, 9, 29, 6, 10, 8, 11, 16, 4, 14, 2, 26, 12, 13, 17
14, 10, 1, 23, 9, 3, 6, 21, 26, 16, 7, 27, 20, 15, 29, 28, 4, 19, 18, 30, 24, 17, 12, 0, 8, 25, 31, 11, 2, 5, 22, 13
18, 12, 4, 13, 31, 0, 15, 1, 7, 17, 14, 24, 19, 9, 30, 11, 20, 21, 29, 8, 22, 5, 16, 27, 26, 23, 25, 10, 6, 3, 2, 28
31, 6, 30, 8, 24, 15, 25, 21, 10, 1, 5, 4, 7, 28, 12, 14, 23, 13, 11, 17, 3, 26, 22, 0, 9, 18, 2, 27, 19, 16, 29, 20
20, 19, 8, 30, 1, 23, 16, 3, 14, 4, 10, 11, 0, 2, 12, 27, 22, 15, 7, 6, 5, 29, 9, 17, 18, 24, 31, 26, 21, 13, 25, 28
13, 24, 23, 22, 30, 10, 25, 15, 21, 16, 6, 2, 19, 8, 5, 9, 1, 17, 4, 28, 0, 14, 7, 26, 12, 11, 27, 20, 3, 29, 31, 18
Pocket:
26, 20, 13, 29, 3, 18, 30, 7, 23, 22, 2, 31, 17, 11, 0, 10, 6, 9, 25, 28, 27, 24, 8, 16, 1, 19, 14, 5, 15, 4, 12, 21
25, 11, 18, 28, 26, 24, 31, 6, 30, 0, 2, 22, 21, 12, 10, 19, 14, 17, 27, 9, 15, 13, 5, 23, 8, 7, 29, 4, 16, 20, 1, 3
29, 12, 3, 5, 18, 13, 15, 11, 26, 14, 21, 25, 7, 8, 23, 24, 16, 20, 27, 10, 4, 0, 6, 30, 31, 17, 9, 1, 28, 22, 19, 2
18, 7, 17, 19, 12, 28, 25, 4, 9, 14, 6, 13, 0, 15, 24, 29, 2, 30, 21, 16, 5, 8, 20, 26, 22, 31, 27, 11, 3, 1, 23, 10
0, 18, 6, 27, 23, 15, 2, 7, 4, 19, 16, 13, 25, 14, 21, 1, 9, 31, 8, 17, 30, 22, 24, 28, 12, 5, 10, 26, 20, 11, 3, 29
0, 31, 7, 22, 8, 1, 24, 10, 2, 23, 14, 11, 4, 15, 26, 13, 18, 28, 30, 12, 19, 25, 3, 27, 21, 17, 9, 20, 29, 6, 5, 16
14, 18, 12, 21, 19, 9, 25, 24, 2, 27, 1, 28, 29, 5, 15, 13, 11, 16, 26, 7, 20, 8, 10, 6, 17, 22, 31, 23, 3, 4, 30, 0
5, 10, 8, 13, 18, 19, 29, 30, 20, 3, 14, 1, 26, 11, 4, 23, 16, 21, 0, 17, 7, 2, 9, 12, 25, 31, 27, 15, 24, 28, 6, 22
23, 29, 14, 2, 6, 18, 22, 15, 12, 21, 11, 19, 0, 1, 26, 8, 24, 30, 28, 17, 9, 5, 3, 7, 4, 16, 25, 10, 27, 13, 31, 20
5, 6, 28, 30, 19, 0, 27, 25, 22, 7, 16, 31, 18, 23, 15, 12, 24, 26, 3, 14, 8, 11, 29, 9, 4, 2, 13, 17, 20, 21, 10, 1