Pocket:
17, 22, 20, 4, 0, 31, 10, 25, 28, 7, 11, 21, 27, 6, 29, 13, 30, 9, 14, 12, 1, 5, 24, 3, 26, 16, 19, 23, 2, 8, 15, 18
23, 19, 14, 18, 24, 1, 20, 17, 2, 29, 8, 26, 31, 0, 9, 6, 27, 10, 13, 7, 16, 3, 30, 21, 22, 5, 11, 4, 28, 15, 25, 12
23, 6, 3, 28, 13, 26, 10, 4, 14, 11, 22, 7, 2, 29, 31, 25, 19, 20, 30, 15, 21, 12, 17, 1, 24, 18, 27, 5, 16, 8, 0, 9
11, 2, 14, 25, 26, 18, 4, 3, 5, 17, 20, 8, 24, 15, 12, 28, 29, 13, 16, 19, 7, 22, 30, 27, 0, 9, 6, 31, 21, 1, 23, 10
24, 8, 26, 0, 20, 3, 29, 6, 2, 7, 17, 27, 28, 30, 21, 19, 4, 12, 23, 5, 13, 9, 25, 18, 11, 16, 10, 1, 31, 15, 22, 14
18, 15, 24, 20, 17, 0, 3, 28, 21, 11, 31, 22, 30, 14, 27, 5, 1, 26, 25, 4, 9, 6, 12, 23, 7, 2, 8, 13, 10, 19, 29, 16
31, 23, 0, 10, 5, 4, 8, 14, 27, 11, 20, 12, 15, 16, 1, 29, 19, 18, 22, 24, 6, 30, 25, 2, 13, 21, 26, 9, 3, 7, 28, 17
4, 8, 15, 11, 25, 20, 3, 6, 17, 10, 14, 16, 31, 0, 28, 1, 13, 23, 9, 5, 19, 18, 7, 2, 21, 24, 26, 30, 27, 12, 22, 29
23, 24, 1, 27, 30, 10, 0, 8, 6, 20, 16, 21, 9, 14, 5, 3, 28, 29, 18, 17, 25, 4, 15, 31, 26, 12, 22, 13, 2, 19, 11, 7
29, 6, 5, 25, 24, 8, 22, 28, 19, 3, 30, 15, 12, 26, 7, 13, 11, 27, 2, 20, 14, 18, 17, 16, 31, 10, 9, 21, 4, 23, 1, 0
Pocket:
29, 6, 5, 25, 24, 8, 22, 28, 19, 3, 30, 15, 12, 26, 7, 13, 11, 27, 2, 20, 14, 18, 17, 16, 31, 10, 9, 21, 4, 23, 1, 0
21, 9, 29, 8, 1, 28, 0, 31, 14, 7, 10, 6, 30, 16, 19, 22, 11, 12, 24, 3, 4, 15, 23, 2, 13, 20, 26, 25, 18, 27, 5, 17
14, 11, 29, 24, 28, 1, 3, 9, 25, 13, 10, 5, 30, 18, 27, 6, 19, 17, 4, 23, 16, 20, 22, 31, 12, 15, 2, 0, 26, 21, 8, 7
5, 9, 26, 0, 3, 16, 1, 20, 29, 24, 30, 19, 6, 21, 2, 31, 8, 11, 15, 28, 12, 7, 14, 23, 25, 10, 18, 4, 13, 22, 17, 27
19, 21, 16, 4, 1, 12, 28, 18, 20, 11, 6, 15, 23, 8, 2, 22, 25, 30, 26, 9, 0, 14, 5, 13, 27, 7, 29, 3, 31, 10, 24, 17
0, 13, 14, 17, 1, 18, 25, 12, 28, 4, 15, 16, 21, 6, 20, 31, 7, 30, 2, 22, 5, 11, 23, 8, 27, 26, 9, 24, 29, 3, 10, 19
20, 0, 15, 18, 2, 21, 4, 29, 6, 24, 23, 11, 30, 9, 26, 10, 5, 28, 13, 8, 3, 31, 27, 7, 19, 1, 17, 22, 25, 16, 14, 12
15, 9, 25, 28, 12, 24, 1, 14, 6, 19, 11, 27, 16, 30, 22, 23, 0, 21, 20, 2, 29, 17, 13, 18, 10, 8, 31, 7, 4, 5, 3, 26
16, 26, 31, 25, 30, 20, 17, 19, 10, 18, 3, 23, 21, 7, 5, 24, 0, 4, 2, 29, 27, 14, 13, 15, 9, 8, 11, 1, 22, 6, 28, 12
0, 30, 21, 19, 5, 20, 7, 1, 3, 11, 13, 24, 16, 6, 15, 14, 23, 18, 26, 28, 27, 25, 29, 2, 8, 31, 17, 10, 22, 4, 9, 12
Pocket:
8, 27, 25, 6, 19, 20, 30, 23, 10, 21, 15, 4, 7, 26, 24, 3, 0, 5, 9, 17, 11, 2, 28, 1, 29, 16, 12, 18, 22, 14, 31, 13
27, 2, 13, 19, 15, 25, 31, 12, 20, 21, 11, 5, 9, 30, 26, 16, 8, 6, 22, 4, 23, 24, 17, 1, 7, 28, 29, 18, 14, 10, 0, 3
27, 13, 17, 14, 29, 12, 22, 26, 3, 0, 28, 31, 11, 18, 25, 19, 1, 24, 4, 7, 15, 2, 9, 23, 16, 6, 10, 21, 30, 20, 8, 5
3, 2, 28, 29, 9, 16, 5, 0, 26, 18, 30, 12, 13, 10, 14, 8, 4, 23, 21, 11, 7, 6, 19, 17, 27, 20, 24, 25, 22, 1, 31, 15
13, 26, 29, 14, 23, 3, 8, 0, 25, 11, 7, 30, 27, 16, 6, 15, 19, 17, 1, 18, 4, 5, 9, 12, 31, 28, 22, 10, 2, 24, 21, 20
31, 5, 27, 24, 19, 17, 26, 4, 10, 16, 15, 23, 21, 29, 28, 14, 30, 25, 1, 20, 9, 7, 8, 11, 2, 18, 0, 12, 22, 6, 3, 13
26, 0, 5, 4, 3, 29, 15, 27, 31, 28, 16, 25, 22, 24, 13, 12, 2, 6, 20, 7, 14, 18, 21, 10, 30, 9, 1, 23, 17, 11, 19, 8
20, 21, 13, 7, 12, 5, 31, 8, 4, 26, 23, 22, 27, 9, 29, 3, 28, 2, 19, 30, 16, 14, 1, 0, 6, 11, 17, 24, 25, 15, 18, 10
23, 24, 1, 27, 30, 10, 0, 8, 6, 20, 16, 21, 9, 14, 5, 3, 28, 29, 18, 17, 25, 4, 15, 31, 26, 12, 22, 13, 2, 19, 11, 7
8, 13, 5, 28, 7, 10, 6, 24, 25, 0, 20, 23, 21, 16, 17, 27, 11, 9, 22, 12, 2, 26, 19, 31, 29, 30, 18, 4, 3, 15, 14, 1
Pocket:
3, 9, 29, 14, 4, 23, 10, 30, 17, 7, 25, 6, 2, 12, 11, 13, 15, 19, 28, 5, 1, 24, 20, 26, 8, 22, 27, 16, 18, 0, 31, 21
3, 4, 12, 17, 5, 1, 8, 13, 29, 10, 21, 27, 22, 6, 28, 2, 9, 11, 0, 31, 19, 24, 18, 15, 23, 16, 14, 26, 7, 25, 30, 20
9, 20, 8, 15, 24, 5, 28, 23, 4, 27, 2, 10, 13, 12, 25, 21, 30, 26, 19, 29, 0, 18, 3, 16, 14, 7, 11, 17, 22, 6, 31, 1
0, 10, 1, 16, 5, 18, 7, 24, 28, 19, 11, 2, 22, 27, 30, 14, 8, 29, 4, 25, 15, 23, 26, 21, 6, 12, 3, 20, 13, 9, 31, 17
12, 9, 11, 8, 20, 23, 31, 29, 4, 6, 14, 1, 19, 0, 21, 26, 5, 7, 17, 28, 13, 22, 30, 3, 27, 10, 25, 18, 24, 15, 16, 2
6, 22, 28, 3, 1, 15, 2, 31, 0, 7, 9, 19, 8, 4, 23, 5, 30, 14, 25, 20, 27, 12, 11, 21, 24, 29, 26, 10, 18, 13, 17, 16
22, 19, 20, 17, 1, 18, 21, 9, 13, 10, 0, 6, 15, 31, 16, 27, 29, 26, 11, 14, 12, 8, 7, 4, 5, 3, 30, 24, 23, 25, 28, 2
0, 10, 18, 30, 31, 12, 7, 24, 26, 8, 20, 2, 1, 13, 15, 9, 21, 6, 29, 11, 19, 27, 4, 23, 3, 16, 22, 28, 25, 17, 5, 14
11, 2, 14, 25, 26, 18, 4, 3, 5, 17, 20, 8, 24, 15, 12, 28, 29, 13, 16, 19, 7, 22, 30, 27, 0, 9, 6, 31, 21, 1, 23, 10
30, 9, 24, 16, 22, 3, 21, 17, 0, 18, 2, 4, 8, 11, 31, 7, 13, 20, 28, 10, 14, 23, 5, 26, 1, 19, 27, 12, 6, 29, 25, 15
Pocket:
18, 20, 21, 4, 26, 8, 19, 31, 9, 15, 24, 5, 3, 23, 10, 16, 14, 0, 1, 13, 7, 27, 17, 28, 29, 22, 11, 2, 25, 30, 6, 12
22, 14, 27, 17, 25, 29, 1, 18, 6, 26, 3, 5, 20, 7, 15, 12, 21, 10, 2, 8, 11, 13, 28, 19, 9, 24, 16, 31, 4, 0, 23, 30
22, 9, 24, 31, 29, 13, 25, 30, 19, 12, 16, 18, 3, 8, 5, 4, 11, 10, 7, 21, 14, 17, 0, 15, 1, 27, 6, 28, 20, 2, 23, 26
16, 8, 11, 1, 3, 13, 14, 30, 28, 18, 2, 12, 21, 24, 17, 6, 29, 23, 5, 26, 20, 31, 22, 19, 4, 25, 9, 27, 10, 15, 0, 7
16, 30, 3, 2, 23, 15, 1, 18, 5, 17, 14, 13, 22, 6, 25, 10, 12, 26, 24, 29, 9, 11, 7, 19, 27, 0, 21, 28, 4, 31, 20, 8
22, 26, 18, 1, 3, 25, 21, 28, 5, 23, 31, 17, 11, 6, 24, 13, 8, 14, 10, 15, 4, 20, 0, 27, 16, 19, 9, 30, 29, 2, 7, 12
11, 8, 18, 12, 9, 21, 4, 6, 16, 3, 27, 24, 26, 28, 19, 31, 15, 0, 20, 10, 2, 13, 29, 30, 23, 22, 14, 7, 5, 17, 1, 25
29, 23, 9, 2, 10, 26, 4, 21, 12, 15, 25, 6, 30, 14, 1, 27, 16, 13, 18, 11, 22, 20, 3, 19, 8, 5, 31, 0, 7, 17, 28, 24
25, 10, 13, 19, 17, 31, 16, 0, 9, 24, 14, 8, 11, 15, 6, 28, 3, 23, 27, 4, 20, 30, 1, 2, 7, 29, 12, 21, 26, 22, 5, 18
5, 4, 22, 20, 6, 29, 10, 3, 21, 31, 19, 23, 28, 25, 17, 0, 18, 24, 8, 12, 13, 15, 14, 11, 1, 2, 9, 16, 30, 7, 27, 26
Pocket:
2, 18, 22, 13, 24, 15, 14, 29, 1, 27, 19, 3, 12, 23, 11, 10, 16, 31, 26, 9, 30, 21, 25, 0, 6, 17, 28, 8, 5, 7, 4, 20
5, 9, 8, 23, 18, 27, 21, 7, 13, 4, 28, 1, 10, 14, 24, 2, 11, 30, 0, 16, 20, 17, 22, 26, 6, 15, 3, 29, 31, 12, 25, 19
1, 6, 21, 8, 24, 9, 27, 20, 29, 28, 5, 25, 23, 31, 30, 12, 16, 17, 22, 14, 4, 15, 19, 3, 7, 0, 18, 11, 10, 26, 13, 2
29, 22, 24, 8, 5, 26, 4, 20, 25, 2, 16, 6, 21, 9, 17, 3, 18, 23, 10, 11, 30, 7, 12, 0, 27, 31, 19, 13, 14, 28, 1, 15
10, 21, 16, 25, 15, 20, 30, 12, 11, 14, 17, 26, 28, 5, 0, 23, 31, 29, 1, 13, 24, 19, 3, 18, 6, 4, 2, 7, 8, 27, 9, 22
2, 3, 26, 31, 22, 8, 9, 1, 10, 6, 25, 18, 19, 11, 21, 14, 0, 15, 28, 27, 7, 17, 5, 4, 29, 30, 13, 12, 23, 20, 16, 24
16, 23, 30, 22, 25, 21, 0, 17, 24, 12, 9, 29, 7, 2, 1, 18, 15, 10, 26, 14, 3, 8, 19, 20, 6, 27, 4, 13, 28, 5, 11, 31
8, 9, 28, 14, 17, 6, 25, 4, 23, 16, 19, 13, 20, 30, 10, 0, 27, 2, 7, 15, 31, 24, 12, 11, 18, 21, 22, 3, 29, 26, 1, 5
25, 14, 12, 6, 11, 30, 4, 10, 7, 13, 3, 9, 20, 1, 0, 26, 15, 31, 23, 28, 18, 16, 17, 19, 24, 5, 29, 22, 8, 21, 27, 2
27, 24, 2, 11, 7, 22, 5, 4, 23, 19, 1, 9, 29, 14, 15, 21, 17, 6, 3, 13, 25, 31, 0, 10, 18, 28, 26, 20, 8, 30, 12, 16
Pocket:
28, 3, 25, 30, 13, 20, 7, 5, 1, 15, 27, 14, 26, 16, 29, 17, 4, 6, 21, 22, 12, 23, 19, 18, 11, 0, 8, 31, 9, 10, 24, 2
30, 0, 4, 27, 7, 12, 8, 10, 20, 22, 29, 16, 31, 25, 3, 18, 11, 9, 23, 24, 28, 1, 15, 17, 14, 13, 6, 19, 2, 26, 5, 21
1, 22, 2, 10, 0, 15, 23, 31, 29, 26, 24, 4, 5, 21, 3, 25, 27, 13, 16, 19, 7, 18, 28, 30, 11, 8, 9, 14, 6, 20, 12, 17
19, 29, 1, 15, 12, 31, 23, 6, 11, 27, 2, 4, 20, 8, 10, 14, 13, 17, 18, 0, 26, 16, 25, 3, 24, 22, 30, 7, 5, 21, 28, 9
20, 16, 13, 19, 9, 3, 22, 29, 14, 18, 28, 7, 26, 10, 24, 11, 27, 15, 25, 5, 21, 23, 12, 4, 31, 8, 30, 1, 17, 0, 6, 2
20, 31, 23, 28, 13, 12, 1, 4, 7, 30, 8, 3, 27, 29, 18, 5, 10, 14, 24, 9, 16, 21, 26, 22, 6, 17, 0, 19, 2, 25, 15, 11
18, 22, 2, 11, 30, 24, 9, 27, 31, 23, 1, 7, 0, 4, 29, 8, 5, 26, 13, 3, 28, 12, 10, 6, 14, 20, 15, 17, 16, 19, 25, 21
7, 17, 27, 28, 5, 4, 9, 14, 19, 6, 3, 29, 0, 10, 13, 23, 24, 8, 18, 20, 31, 30, 16, 12, 15, 21, 22, 11, 1, 26, 2, 25
23, 17, 1, 2, 3, 22, 0, 10, 21, 24, 18, 20, 14, 30, 13, 11, 15, 27, 7, 8, 5, 28, 16, 12, 26, 4, 9, 29, 6, 31, 19, 25
9, 7, 25, 19, 17, 12, 24, 13, 28, 26, 10, 15, 21, 2, 22, 18, 27, 1, 23, 29, 16, 31, 30, 3, 4, 20, 6, 0, 11, 8, 14, 5
Pocket:
15, 24, 16, 7, 30, 12, 26, 3, 25, 31, 22, 28, 5, 21, 8, 20, 4, 13, 9, 18, 11, 29, 19, 23, 10, 14, 2, 17, 27, 0, 6, 1
5, 0, 27, 15, 3, 1, 18, 31, 26, 20, 6, 22, 2, 16, 9, 14, 23, 17, 28, 25, 8, 12, 21, 24, 10, 11, 13, 30, 29, 4, 19, 7
31, 23, 7, 27, 24, 14, 2, 17, 20, 13, 22, 26, 15, 5, 9, 29, 3, 4, 18, 1, 16, 10, 21, 11, 8, 25, 0, 12, 6, 19, 30, 28
4, 30, 8, 22, 16, 23, 11, 24, 27, 31, 17, 1, 7, 29, 18, 14, 19, 13, 15, 28, 6, 12, 26, 10, 3, 0, 9, 5, 20, 21, 2, 25
30, 6, 28, 12, 3, 9, 7, 13, 26, 2, 17, 21, 5, 25, 8, 22, 18, 29, 15, 16, 11, 0, 24, 27, 23, 31, 1, 10, 4, 19, 20, 14
18, 7, 28, 14, 9, 31, 21, 11, 0, 5, 26, 25, 30, 17, 20, 15, 23, 10, 12, 6, 4, 1, 2, 3, 8, 24, 13, 29, 16, 19, 22, 27
5, 9, 14, 26, 16, 10, 22, 1, 24, 2, 21, 27, 6, 20, 17, 3, 13, 15, 25, 0, 30, 8, 31, 4, 23, 18, 19, 11, 29, 12, 7, 28
3, 21, 19, 18, 17, 27, 31, 1, 2, 4, 16, 25, 26, 10, 5, 13, 7, 24, 6, 28, 15, 0, 8, 22, 29, 9, 11, 20, 30, 12, 23, 14
9, 13, 20, 31, 15, 8, 23, 4, 14, 25, 19, 2, 26, 16, 11, 18, 12, 28, 29, 0, 5, 21, 10, 27, 3, 17, 22, 7, 1, 24, 30, 6
3, 11, 7, 8, 14, 13, 5, 15, 19, 22, 23, 28, 12, 1, 10, 18, 6, 27, 2, 17, 29, 24, 21, 0, 30, 26, 9, 16, 25, 4, 31, 20
Pocket:
30, 11, 26, 27, 1, 6, 20, 29, 5, 0, 16, 10, 12, 25, 4, 24, 19, 7, 2, 8, 23, 14, 13, 15, 18, 22, 21, 28, 3, 31, 17, 9
22, 0, 18, 15, 24, 23, 14, 19, 9, 8, 17, 1, 30, 26, 13, 21, 31, 7, 27, 6, 12, 5, 2, 10, 25, 16, 29, 28, 20, 11, 3, 4
27, 26, 28, 8, 0, 3, 9, 12, 20, 17, 7, 13, 14, 10, 6, 23, 16, 24, 19, 4, 22, 15, 2, 11, 25, 29, 5, 21, 30, 31, 1, 18
15, 4, 29, 27, 24, 19, 30, 17, 1, 8, 3, 20, 7, 26, 25, 31, 16, 11, 5, 28, 2, 9, 22, 12, 14, 6, 23, 13, 21, 10, 18, 0
30, 14, 15, 12, 31, 24, 17, 18, 13, 20, 9, 23, 11, 0, 2, 26, 27, 29, 16, 7, 28, 6, 19, 5, 4, 8, 25, 22, 21, 3, 10, 1
15, 31, 3, 29, 1, 8, 20, 10, 6, 27, 0, 24, 23, 30, 16, 14, 21, 18, 28, 22, 25, 11, 5, 17, 4, 26, 9, 13, 12, 19, 2, 7
2, 1, 30, 0, 27, 3, 13, 4, 9, 10, 11, 12, 18, 21, 7, 31, 20, 6, 29, 23, 5, 16, 14, 28, 26, 25, 15, 8, 22, 24, 17, 19
15, 28, 0, 6, 19, 31, 11, 24, 25, 22, 21, 3, 29, 10, 13, 18, 30, 5, 8, 16, 27, 2, 9, 12, 1, 23, 14, 20, 4, 7, 17, 26
30, 11, 15, 24, 14, 17, 21, 9, 4, 18, 1, 27, 20, 31, 3, 23, 25, 10, 6, 8, 16, 29, 7, 5, 2, 26, 13, 28, 19, 0, 22, 12
14, 2, 5, 1, 0, 17, 30, 4, 19, 28, 21, 10, 20, 26, 9, 8, 15, 6, 25, 13, 7, 23, 12, 29, 16, 11, 24, 3, 18, 27, 31, 22
Pocket:
31, 15, 12, 8, 9, 30, 3, 18, 2, 22, 19, 21, 14, 26, 5, 4, 29, 27, 10, 17, 1, 24, 28, 11, 13, 16, 0, 23, 7, 25, 6, 20
19, 20, 4, 3, 15, 6, 17, 12, 23, 27, 0, 25, 26, 22, 14, 24, 8, 21, 2, 30, 31, 10, 9, 1, 16, 11, 18, 5, 28, 13, 7, 29
12, 25, 14, 18, 31, 22, 30, 10, 2, 27, 17, 0, 1, 29, 3, 16, 5, 28, 15, 20, 11, 9, 13, 21, 7, 4, 8, 24, 19, 23, 26, 6
31, 20, 23, 27, 28, 21, 7, 13, 14, 6, 0, 1, 15, 24, 5, 8, 11, 30, 10, 4, 9, 26, 19, 12, 17, 22, 16, 2, 25, 29, 3, 18
4, 7, 23, 1, 22, 31, 19, 2, 6, 10, 25, 29, 16, 15, 21, 0, 30, 20, 27, 12, 18, 11, 13, 8, 14, 9, 17, 3, 26, 5, 28, 24
24, 28, 15, 14, 22, 20, 12, 8, 31, 5, 30, 4, 25, 11, 3, 10, 13, 29, 27, 17, 19, 6, 7, 1, 26, 18, 2, 0, 9, 16, 21, 23
22, 23, 30, 13, 25, 4, 21, 16, 10, 9, 1, 26, 31, 2, 29, 11, 12, 28, 7, 18, 5, 27, 6, 3, 8, 24, 19, 0, 17, 20, 15, 14
8, 0, 12, 25, 15, 24, 7, 10, 5, 27, 31, 22, 6, 23, 20, 30, 26, 1, 4, 3, 28, 29, 16, 21, 11, 13, 14, 2, 9, 17, 18, 19
4, 28, 0, 21, 9, 1, 12, 19, 27, 24, 17, 29, 31, 5, 22, 3, 10, 15, 16, 14, 2, 23, 20, 26, 18, 13, 6, 8, 11, 25, 7, 30
16, 20, 24, 26, 9, 12, 31, 30, 13, 28, 18, 19, 21, 0, 14, 22, 3, 4, 2, 23, 7, 27, 8, 5, 25, 11, 29, 6, 1, 10, 15, 17
Pocket:
31, 1, 22, 11, 8, 20, 30, 6, 18, 28, 5, 15, 13, 21, 29, 23, 0, 9, 16, 3, 26, 19, 10, 4, 14, 24, 7, 17, 2, 27, 25, 12
29, 30, 21, 24, 4, 13, 11, 25, 10, 19, 1, 15, 9, 0, 17, 12, 3, 18, 26, 2, 27, 8, 7, 23, 14, 31, 5, 28, 20, 6, 22, 16
21, 6, 29, 14, 20, 25, 2, 22, 5, 7, 30, 15, 26, 31, 19, 17, 13, 8, 10, 9, 11, 16, 18, 1, 3, 27, 4, 12, 28, 0, 24, 23
8, 25, 9, 18, 3, 28, 7, 16, 23, 24, 19, 22, 31, 10, 14, 15, 17, 29, 4, 12, 2, 21, 26, 13, 0, 6, 27, 5, 11, 1, 20, 30
23, 22, 14, 16, 17, 27, 10, 20, 6, 30, 12, 9, 4, 18, 11, 1, 28, 3, 21, 2, 7, 13, 24, 15, 25, 26, 5, 8, 19, 0, 29, 31
12, 7, 14, 10, 1, 17, 26, 18, 20, 31, 11, 30, 6, 5, 23, 19, 22, 27, 4, 9, 29, 24, 13, 3, 16, 2, 28, 21, 0, 8, 15, 25
9, 16, 18, 26, 1, 21, 4, 8, 23, 14, 28, 0, 29, 25, 15, 17, 30, 13, 22, 2, 12, 10, 3, 5, 20, 24, 19, 6, 7, 31, 27, 11
27, 8, 12, 16, 18, 23, 1, 20, 15, 0, 14, 11, 4, 17, 7, 31, 21, 2, 22, 3, 24, 19, 10, 30, 28, 5, 26, 13, 25, 9, 29, 6
2, 7, 11, 23, 17, 25, 30, 26, 6, 15, 1, 14, 16, 0, 19, 10, 5, 24, 12, 27, 21, 9, 28, 31, 3, 29, 8, 13, 22, 4, 18, 20
8, 13, 25, 14, 1, 4, 16, 12, 30, 22, 29, 26, 11, 20, 21, 3, 17, 6, 2, 23, 27, 10, 24, 7, 5, 18, 0, 9, 15, 28, 31, 19
Pocket:
2, 24, 20, 7, 4, 16, 30, 29, 1, 21, 12, 11, 31, 13, 26, 5, 6, 27, 22, 15, 19, 3, 23, 18, 0, 28, 14, 25, 10, 9, 17, 8
18, 31, 9, 10, 14, 6, 15, 27, 16, 7, 2, 4, 24, 11, 20, 30, 21, 28, 25, 3, 1, 19, 23, 17, 8, 5, 0, 29, 12, 13, 22, 26
27, 22, 21, 18, 28, 17, 13, 0, 15, 6, 24, 10, 12, 30, 19, 25, 2, 31, 11, 29, 20, 23, 5, 4, 7, 8, 16, 9, 3, 14, 1, 26
29, 2, 28, 26, 21, 20, 16, 12, 0, 27, 24, 31, 9, 10, 11, 7, 22, 25, 1, 8, 4, 19, 15, 6, 23, 3, 17, 30, 5, 13, 18, 14
15, 17, 30, 4, 19, 26, 28, 25, 29, 3, 11, 13, 27, 1, 7, 12, 9, 0, 8, 31, 24, 5, 10, 6, 18, 23, 2, 22, 20, 21, 14, 16
15, 0, 18, 22, 14, 20, 29, 12, 30, 6, 26, 13, 25, 17, 23, 16, 11, 3, 21, 1, 2, 4, 31, 8, 7, 24, 27, 10, 9, 5, 19, 28
14, 4, 11, 0, 28, 29, 31, 5, 18, 27, 1, 2, 19, 6, 30, 7, 15, 22, 13, 21, 12, 26, 3, 8, 9, 16, 23, 25, 24, 20, 17, 10
29, 10, 21, 11, 8, 5, 30, 13, 17, 4, 12, 6, 22, 14, 19, 15, 9, 31, 18, 26, 20, 2, 7, 25, 28, 16, 0, 1, 3, 24, 23, 27
20, 15, 6, 9, 4, 17, 2, 29, 16, 1, 18, 30, 3, 8, 5, 12, 21, 11, 7, 23, 24, 26, 31, 19, 27, 22, 10, 14, 25, 0, 13, 28
19, 3, 24, 1, 8, 12, 13, 2, 15, 23, 4, 7, 18, 22, 20, 14, 28, 10, 11, 31, 6, 9, 27, 29, 5, 25, 0, 30, 16, 17, 21, 26
Pocket:
31, 1, 22, 11, 8, 20, 30, 6, 18, 28, 5, 15, 13, 21, 29, 23, 0, 9, 16, 3, 26, 19, 10, 4, 14, 24, 7, 17, 2, 27, 25, 12
29, 30, 21, 24, 4, 13, 11, 25, 10, 19, 1, 15, 9, 0, 17, 12, 3, 18, 26, 2, 27, 8, 7, 23, 14, 31, 5, 28, 20, 6, 22, 16
21, 6, 29, 14, 20, 25, 2, 22, 5, 7, 30, 15, 26, 31, 19, 17, 13, 8, 10, 9, 11, 16, 18, 1, 3, 27, 4, 12, 28, 0, 24, 23
8, 25, 9, 18, 3, 28, 7, 16, 23, 24, 19, 22, 31, 10, 14, 15, 17, 29, 4, 12, 2, 21, 26, 13, 0, 6, 27, 5, 11, 1, 20, 30
23, 22, 14, 16, 17, 27, 10, 20, 6, 30, 12, 9, 4, 18, 11, 1, 28, 3, 21, 2, 7, 13, 24, 15, 25, 26, 5, 8, 19, 0, 29, 31
12, 7, 14, 10, 1, 17, 26, 18, 20, 31, 11, 30, 6, 5, 23, 19, 22, 27, 4, 9, 29, 24, 13, 3, 16, 2, 28, 21, 0, 8, 15, 25
9, 16, 18, 26, 1, 21, 4, 8, 23, 14, 28, 0, 29, 25, 15, 17, 30, 13, 22, 2, 12, 10, 3, 5, 20, 24, 19, 6, 7, 31, 27, 11
27, 8, 12, 16, 18, 23, 1, 20, 15, 0, 14, 11, 4, 17, 7, 31, 21, 2, 22, 3, 24, 19, 10, 30, 28, 5, 26, 13, 25, 9, 29, 6
2, 7, 11, 23, 17, 25, 30, 26, 6, 15, 1, 14, 16, 0, 19, 10, 5, 24, 12, 27, 21, 9, 28, 31, 3, 29, 8, 13, 22, 4, 18, 20
8, 13, 25, 14, 1, 4, 16, 12, 30, 22, 29, 26, 11, 20, 21, 3, 17, 6, 2, 23, 27, 10, 24, 7, 5, 18, 0, 9, 15, 28, 31, 19