Pocket:
17, 5, 28, 30, 31, 3, 0, 25, 6, 27, 20, 26, 23, 29, 8, 7, 10, 14, 12, 19, 4, 15, 9, 22, 1, 2, 16, 18, 21, 24, 13, 11
7, 13, 27, 29, 26, 25, 20, 24, 22, 11, 23, 16, 2, 8, 14, 1, 0, 12, 28, 15, 21, 19, 31, 4, 30, 5, 6, 3, 18, 10, 17, 9
17, 16, 23, 1, 10, 15, 29, 31, 18, 26, 14, 7, 6, 4, 5, 20, 11, 8, 27, 19, 24, 12, 13, 30, 22, 25, 9, 3, 21, 0, 2, 28
8, 28, 27, 25, 6, 5, 17, 30, 20, 11, 24, 21, 10, 2, 0, 9, 1, 13, 19, 12, 29, 7, 18, 22, 26, 23, 15, 31, 16, 4, 3, 14
25, 13, 5, 17, 27, 10, 28, 4, 21, 8, 2, 1, 16, 22, 18, 15, 0, 30, 26, 20, 31, 7, 19, 24, 3, 9, 12, 23, 29, 11, 14, 6
2, 18, 30, 8, 26, 23, 16, 14, 17, 27, 4, 12, 31, 25, 13, 3, 15, 0, 9, 29, 22, 7, 21, 5, 28, 20, 10, 19, 24, 1, 6, 11
23, 2, 8, 28, 15, 12, 24, 29, 27, 4, 5, 9, 11, 16, 17, 25, 20, 31, 26, 7, 10, 19, 6, 21, 14, 30, 18, 22, 0, 1, 13, 3
18, 30, 28, 1, 20, 24, 23, 29, 31, 16, 5, 11, 19, 2, 27, 12, 10, 15, 6, 22, 0, 9, 7, 21, 14, 8, 3, 4, 26, 17, 13, 25
3, 31, 4, 7, 15, 12, 16, 13, 27, 30, 0, 5, 18, 21, 1, 22, 8, 24, 20, 23, 9, 6, 10, 28, 2, 19, 11, 17, 26, 29, 25, 14
16, 27, 8, 24, 20, 23, 9, 14, 22, 17, 31, 15, 30, 10, 29, 13, 5, 19, 0, 6, 3, 25, 21, 4, 7, 26, 1, 2, 28, 11, 12, 18
Pocket:
11, 17, 4, 20, 22, 12, 10, 16, 1, 27, 25, 18, 7, 5, 14, 13, 6, 24, 29, 0, 9, 2, 23, 19, 8, 26, 3, 30, 21, 28, 31, 15
8, 28, 27, 25, 6, 5, 17, 30, 20, 11, 24, 21, 10, 2, 0, 9, 1, 13, 19, 12, 29, 7, 18, 22, 26, 23, 15, 31, 16, 4, 3, 14
0, 18, 2, 4, 12, 3, 5, 30, 28, 26, 7, 17, 20, 22, 16, 14, 23, 8, 31, 21, 11, 9, 27, 6, 25, 19, 24, 15, 10, 1, 29, 13
8, 27, 1, 13, 24, 31, 11, 22, 5, 3, 19, 10, 21, 15, 26, 4, 23, 25, 7, 16, 29, 14, 17, 0, 30, 2, 18, 12, 28, 9, 20, 6
26, 14, 21, 19, 16, 18, 5, 13, 2, 10, 23, 27, 17, 22, 28, 30, 20, 4, 12, 0, 9, 1, 15, 7, 31, 11, 24, 6, 25, 8, 3, 29
3, 26, 30, 12, 4, 13, 19, 16, 11, 29, 6, 0, 14, 21, 1, 23, 27, 24, 9, 2, 7, 25, 17, 22, 31, 28, 10, 8, 18, 15, 20, 5
22, 3, 6, 31, 13, 27, 30, 23, 20, 12, 5, 0, 29, 1, 2, 25, 24, 11, 21, 16, 10, 14, 15, 26, 28, 18, 8, 17, 19, 7, 9, 4
4, 29, 24, 27, 28, 11, 30, 13, 0, 17, 21, 20, 1, 5, 7, 15, 6, 25, 3, 22, 14, 26, 8, 2, 19, 12, 18, 9, 31, 16, 23, 10
18, 29, 8, 15, 10, 26, 7, 28, 5, 17, 22, 31, 25, 12, 6, 2, 21, 0, 23, 27, 20, 9, 13, 4, 24, 14, 19, 11, 1, 16, 3, 30
25, 16, 18, 31, 1, 11, 19, 0, 6, 20, 7, 29, 17, 5, 3, 24, 9, 27, 28, 14, 15, 26, 2, 22, 8, 4, 12, 21, 13, 10, 30, 23
Pocket:
7, 15, 3, 8, 11, 31, 22, 24, 29, 6, 30, 21, 12, 4, 13, 0, 28, 9, 19, 26, 14, 27, 17, 20, 16, 23, 25, 1, 2, 10, 18, 5
9, 8, 28, 4, 27, 18, 14, 19, 11, 12, 26, 0, 23, 16, 17, 29, 6, 21, 20, 10, 13, 22, 2, 5, 24, 15, 31, 3, 25, 7, 30, 1
22, 27, 26, 3, 0, 19, 6, 13, 16, 11, 24, 23, 14, 29, 18, 1, 2, 28, 10, 12, 5, 30, 8, 4, 25, 15, 9, 21, 17, 31, 7, 20
0, 8, 14, 1, 27, 9, 13, 15, 2, 24, 4, 20, 29, 16, 18, 23, 28, 7, 10, 30, 11, 17, 3, 5, 22, 19, 31, 26, 21, 12, 25, 6
27, 10, 24, 4, 23, 0, 31, 13, 15, 5, 2, 12, 18, 21, 17, 14, 22, 9, 11, 29, 16, 1, 28, 6, 7, 26, 8, 19, 25, 20, 30, 3
30, 27, 20, 25, 13, 17, 22, 10, 4, 31, 0, 28, 14, 16, 19, 8, 1, 6, 15, 2, 12, 9, 26, 7, 24, 23, 5, 11, 21, 3, 29, 18
23, 2, 8, 28, 15, 12, 24, 29, 27, 4, 5, 9, 11, 16, 17, 25, 20, 31, 26, 7, 10, 19, 6, 21, 14, 30, 18, 22, 0, 1, 13, 3
18, 11, 29, 5, 31, 4, 3, 0, 14, 17, 2, 1, 27, 25, 7, 23, 12, 20, 28, 10, 8, 6, 22, 21, 9, 24, 26, 19, 16, 13, 30, 15
10, 1, 17, 6, 4, 27, 23, 13, 26, 20, 19, 0, 14, 18, 16, 9, 22, 12, 29, 2, 11, 28, 25, 21, 31, 30, 15, 24, 5, 8, 3, 7
31, 7, 13, 3, 14, 4, 26, 27, 6, 19, 16, 0, 21, 22, 2, 25, 17, 28, 15, 20, 24, 8, 30, 23, 18, 5, 1, 12, 9, 10, 11, 29
Pocket:
28, 22, 29, 3, 30, 18, 17, 23, 5, 6, 13, 9, 20, 11, 21, 0, 27, 12, 15, 10, 1, 16, 8, 2, 19, 24, 4, 31, 14, 25, 26, 7
7, 13, 27, 29, 26, 25, 20, 24, 22, 11, 23, 16, 2, 8, 14, 1, 0, 12, 28, 15, 21, 19, 31, 4, 30, 5, 6, 3, 18, 10, 17, 9
19, 5, 13, 28, 1, 4, 29, 8, 18, 24, 23, 17, 12, 7, 20, 2, 0, 11, 15, 16, 22, 31, 6, 26, 25, 10, 27, 21, 30, 9, 14, 3
24, 22, 9, 11, 16, 12, 15, 30, 28, 6, 13, 27, 29, 1, 10, 19, 17, 7, 21, 5, 14, 18, 26, 23, 8, 0, 4, 25, 20, 3, 31, 2
3, 8, 23, 22, 19, 12, 6, 1, 16, 31, 14, 28, 5, 30, 7, 25, 2, 27, 15, 10, 0, 24, 21, 9, 4, 18, 20, 13, 17, 11, 29, 26
4, 31, 19, 9, 14, 3, 29, 17, 23, 28, 21, 20, 25, 18, 7, 1, 13, 2, 22, 11, 10, 27, 24, 15, 0, 26, 16, 30, 6, 5, 12, 8
24, 28, 17, 5, 20, 15, 8, 21, 10, 7, 0, 29, 3, 18, 13, 4, 27, 2, 6, 26, 14, 31, 16, 23, 9, 12, 19, 30, 11, 22, 1, 25
30, 0, 19, 21, 7, 10, 15, 20, 27, 8, 13, 9, 1, 31, 3, 5, 28, 18, 26, 6, 11, 25, 24, 17, 23, 29, 4, 22, 2, 16, 12, 14
2, 22, 19, 10, 5, 11, 25, 18, 12, 26, 15, 1, 31, 0, 23, 8, 27, 17, 14, 28, 21, 24, 20, 16, 9, 29, 13, 3, 7, 4, 6, 30
16, 8, 13, 23, 22, 11, 25, 21, 4, 30, 26, 1, 17, 6, 9, 18, 24, 12, 20, 7, 15, 31, 2, 0, 29, 5, 14, 10, 19, 28, 3, 27
Pocket:
5, 29, 10, 7, 19, 23, 1, 16, 9, 20, 11, 26, 8, 2, 0, 25, 24, 30, 12, 13, 17, 21, 14, 3, 31, 18, 27, 6, 4, 28, 22, 15
15, 21, 18, 14, 17, 12, 23, 20, 27, 6, 22, 1, 11, 29, 7, 25, 2, 19, 26, 4, 9, 5, 3, 8, 13, 10, 30, 28, 31, 16, 24, 0
30, 18, 29, 17, 13, 22, 25, 12, 21, 11, 24, 16, 6, 4, 26, 2, 7, 3, 19, 23, 15, 0, 20, 14, 9, 5, 1, 27, 8, 31, 28, 10
12, 3, 24, 14, 19, 31, 18, 13, 15, 30, 2, 9, 17, 10, 11, 7, 21, 20, 16, 5, 29, 8, 4, 6, 23, 27, 25, 22, 0, 1, 28, 26
0, 12, 13, 22, 29, 30, 2, 24, 6, 10, 21, 28, 31, 15, 18, 25, 16, 9, 14, 11, 26, 5, 7, 23, 1, 20, 3, 19, 4, 8, 27, 17
21, 31, 5, 6, 1, 13, 17, 28, 8, 23, 24, 9, 27, 19, 12, 3, 26, 2, 15, 22, 30, 4, 25, 18, 0, 20, 16, 11, 7, 10, 29, 14
25, 14, 17, 8, 31, 21, 2, 7, 9, 22, 23, 1, 6, 18, 28, 13, 27, 20, 16, 19, 4, 0, 15, 24, 29, 12, 3, 11, 5, 10, 26, 30
8, 18, 5, 12, 0, 21, 22, 17, 4, 31, 24, 25, 3, 29, 20, 2, 7, 10, 11, 15, 16, 23, 9, 28, 13, 26, 6, 1, 27, 14, 19, 30
2, 13, 28, 18, 8, 15, 29, 14, 20, 5, 31, 26, 7, 11, 17, 21, 9, 12, 24, 30, 6, 0, 16, 22, 1, 3, 23, 27, 4, 19, 10, 25
21, 20, 11, 26, 18, 1, 24, 7, 13, 30, 14, 3, 8, 16, 12, 23, 19, 2, 15, 9, 5, 25, 31, 22, 28, 27, 6, 4, 10, 0, 29, 17
Pocket:
11, 23, 15, 20, 29, 24, 28, 4, 0, 22, 5, 2, 17, 27, 12, 3, 31, 30, 13, 16, 10, 9, 25, 1, 8, 7, 26, 6, 14, 21, 18, 19
17, 15, 20, 18, 22, 5, 27, 2, 3, 21, 31, 10, 25, 9, 23, 4, 13, 16, 6, 14, 30, 28, 11, 24, 12, 7, 19, 29, 1, 0, 8, 26
16, 23, 25, 19, 9, 15, 14, 13, 4, 10, 0, 3, 30, 8, 26, 12, 28, 7, 18, 31, 24, 11, 5, 1, 29, 22, 27, 17, 2, 6, 20, 21
22, 3, 12, 24, 0, 14, 20, 7, 25, 31, 2, 6, 27, 26, 8, 1, 13, 16, 18, 17, 15, 9, 23, 29, 21, 10, 28, 4, 5, 11, 19, 30
25, 5, 1, 31, 14, 7, 27, 3, 15, 24, 10, 9, 6, 22, 13, 21, 19, 12, 28, 30, 29, 26, 17, 11, 16, 4, 2, 8, 23, 0, 18, 20
10, 13, 30, 3, 29, 0, 31, 23, 24, 21, 14, 19, 28, 7, 18, 9, 25, 26, 2, 1, 16, 11, 20, 4, 8, 12, 22, 15, 17, 5, 6, 27
22, 2, 9, 7, 0, 31, 24, 12, 6, 27, 17, 11, 15, 18, 10, 20, 23, 29, 19, 13, 3, 16, 30, 14, 5, 28, 1, 26, 4, 8, 21, 25
7, 13, 5, 27, 19, 2, 31, 18, 22, 0, 3, 10, 17, 25, 14, 12, 28, 24, 6, 1, 11, 23, 20, 26, 4, 8, 21, 30, 15, 29, 9, 16
8, 23, 9, 25, 24, 26, 20, 15, 21, 4, 1, 11, 27, 22, 31, 30, 2, 18, 7, 6, 14, 5, 13, 3, 17, 28, 10, 29, 0, 19, 12, 16
28, 4, 6, 12, 23, 17, 0, 27, 26, 9, 11, 3, 16, 1, 20, 18, 8, 24, 29, 5, 7, 25, 19, 30, 15, 31, 13, 21, 22, 2, 14, 10
Pocket:
5, 29, 10, 7, 19, 23, 1, 16, 9, 20, 11, 26, 8, 2, 0, 25, 24, 30, 12, 13, 17, 21, 14, 3, 31, 18, 27, 6, 4, 28, 22, 15
15, 21, 18, 14, 17, 12, 23, 20, 27, 6, 22, 1, 11, 29, 7, 25, 2, 19, 26, 4, 9, 5, 3, 8, 13, 10, 30, 28, 31, 16, 24, 0
30, 18, 29, 17, 13, 22, 25, 12, 21, 11, 24, 16, 6, 4, 26, 2, 7, 3, 19, 23, 15, 0, 20, 14, 9, 5, 1, 27, 8, 31, 28, 10
12, 3, 24, 14, 19, 31, 18, 13, 15, 30, 2, 9, 17, 10, 11, 7, 21, 20, 16, 5, 29, 8, 4, 6, 23, 27, 25, 22, 0, 1, 28, 26
0, 12, 13, 22, 29, 30, 2, 24, 6, 10, 21, 28, 31, 15, 18, 25, 16, 9, 14, 11, 26, 5, 7, 23, 1, 20, 3, 19, 4, 8, 27, 17
21, 31, 5, 6, 1, 13, 17, 28, 8, 23, 24, 9, 27, 19, 12, 3, 26, 2, 15, 22, 30, 4, 25, 18, 0, 20, 16, 11, 7, 10, 29, 14
25, 14, 17, 8, 31, 21, 2, 7, 9, 22, 23, 1, 6, 18, 28, 13, 27, 20, 16, 19, 4, 0, 15, 24, 29, 12, 3, 11, 5, 10, 26, 30
8, 18, 5, 12, 0, 21, 22, 17, 4, 31, 24, 25, 3, 29, 20, 2, 7, 10, 11, 15, 16, 23, 9, 28, 13, 26, 6, 1, 27, 14, 19, 30
2, 13, 28, 18, 8, 15, 29, 14, 20, 5, 31, 26, 7, 11, 17, 21, 9, 12, 24, 30, 6, 0, 16, 22, 1, 3, 23, 27, 4, 19, 10, 25
21, 20, 11, 26, 18, 1, 24, 7, 13, 30, 14, 3, 8, 16, 12, 23, 19, 2, 15, 9, 5, 25, 31, 22, 28, 27, 6, 4, 10, 0, 29, 17
Pocket:
4, 1, 26, 25, 7, 20, 17, 31, 3, 22, 2, 30, 23, 18, 21, 14, 8, 27, 6, 19, 29, 12, 9, 0, 16, 13, 10, 5, 15, 28, 24, 11
12, 5, 23, 16, 3, 18, 20, 21, 31, 10, 27, 24, 6, 22, 28, 2, 29, 15, 30, 14, 11, 9, 25, 7, 17, 26, 19, 8, 1, 4, 13, 0
15, 16, 18, 23, 8, 26, 27, 5, 0, 7, 30, 2, 14, 19, 28, 6, 4, 20, 22, 9, 29, 11, 1, 3, 17, 25, 10, 21, 24, 12, 13, 31
19, 25, 23, 2, 17, 8, 0, 4, 11, 27, 15, 14, 10, 21, 3, 6, 1, 26, 20, 9, 12, 28, 16, 7, 13, 29, 30, 5, 24, 22, 31, 18
15, 19, 6, 9, 0, 22, 29, 17, 11, 26, 12, 14, 27, 20, 28, 4, 30, 24, 5, 16, 21, 3, 10, 31, 13, 7, 8, 23, 1, 25, 2, 18
8, 30, 28, 9, 1, 23, 31, 17, 21, 10, 22, 6, 26, 5, 19, 27, 13, 3, 29, 0, 20, 14, 12, 18, 4, 7, 2, 16, 11, 25, 15, 24
21, 23, 7, 5, 6, 3, 14, 25, 9, 12, 29, 22, 0, 24, 30, 1, 11, 15, 19, 13, 2, 17, 26, 4, 16, 28, 18, 27, 8, 31, 20, 10
10, 0, 4, 24, 25, 12, 6, 23, 27, 26, 16, 30, 7, 13, 22, 9, 21, 1, 19, 11, 5, 8, 17, 31, 18, 20, 14, 15, 3, 28, 29, 2
16, 15, 5, 11, 17, 30, 12, 2, 22, 14, 21, 31, 26, 23, 7, 25, 20, 1, 27, 29, 13, 8, 24, 19, 9, 28, 3, 0, 18, 6, 10, 4
0, 13, 10, 30, 15, 27, 19, 31, 2, 22, 16, 7, 26, 24, 18, 12, 11, 4, 8, 29, 23, 9, 5, 14, 17, 3, 28, 20, 6, 21, 1, 25
Pocket:
1, 27, 6, 3, 20, 12, 30, 16, 24, 31, 7, 25, 5, 28, 26, 23, 0, 9, 17, 18, 21, 13, 8, 4, 10, 11, 29, 14, 22, 19, 15, 2
4, 6, 14, 13, 24, 23, 2, 16, 15, 22, 1, 28, 29, 7, 12, 30, 26, 18, 31, 25, 3, 21, 9, 20, 10, 8, 5, 11, 27, 19, 0, 17
20, 25, 2, 10, 4, 12, 11, 9, 7, 21, 18, 23, 31, 30, 15, 19, 27, 17, 13, 28, 14, 16, 8, 5, 29, 26, 22, 6, 1, 24, 3, 0
2, 22, 20, 3, 30, 19, 8, 13, 15, 27, 29, 12, 28, 25, 24, 7, 10, 31, 17, 4, 6, 11, 26, 18, 23, 1, 14, 9, 16, 5, 21, 0
19, 31, 27, 18, 9, 12, 26, 6, 14, 7, 8, 1, 10, 20, 16, 30, 24, 5, 23, 11, 0, 3, 25, 4, 17, 21, 22, 13, 15, 29, 2, 28
1, 5, 31, 22, 0, 15, 20, 26, 21, 7, 12, 14, 23, 25, 10, 9, 28, 17, 11, 24, 16, 29, 27, 2, 30, 4, 8, 3, 18, 19, 13, 6
15, 17, 0, 24, 31, 7, 26, 3, 2, 8, 28, 23, 11, 25, 14, 6, 9, 16, 21, 30, 13, 10, 22, 4, 18, 5, 19, 29, 20, 1, 12, 27
1, 8, 24, 10, 23, 16, 29, 25, 28, 7, 12, 0, 11, 2, 31, 20, 22, 9, 15, 14, 27, 17, 6, 13, 26, 4, 3, 21, 5, 19, 30, 18
31, 18, 7, 30, 14, 8, 27, 22, 25, 15, 24, 26, 4, 6, 16, 1, 23, 17, 21, 29, 9, 28, 13, 20, 2, 12, 5, 3, 0, 10, 19, 11
8, 16, 28, 14, 15, 22, 11, 26, 12, 31, 0, 24, 3, 30, 21, 27, 2, 17, 19, 4, 20, 5, 7, 6, 18, 23, 25, 29, 1, 9, 13, 10
Pocket:
12, 13, 11, 16, 1, 9, 7, 27, 31, 2, 18, 20, 28, 26, 14, 21, 17, 30, 24, 19, 5, 22, 29, 4, 8, 10, 3, 25, 23, 15, 0, 6
1, 7, 28, 9, 3, 22, 10, 26, 5, 16, 14, 11, 8, 24, 17, 4, 31, 12, 27, 23, 15, 30, 20, 2, 29, 6, 25, 19, 13, 0, 18, 21
8, 20, 28, 6, 1, 3, 16, 24, 15, 23, 7, 10, 22, 2, 9, 27, 0, 25, 17, 14, 12, 13, 29, 30, 19, 21, 4, 11, 5, 18, 26, 31
2, 19, 6, 14, 24, 16, 8, 27, 0, 20, 30, 21, 5, 28, 3, 18, 13, 7, 12, 26, 15, 31, 10, 4, 23, 9, 22, 11, 17, 25, 1, 29
18, 31, 6, 26, 14, 15, 12, 10, 23, 21, 7, 20, 19, 3, 5, 1, 22, 0, 8, 16, 2, 27, 17, 30, 25, 24, 13, 4, 29, 28, 11, 9
12, 3, 4, 5, 31, 9, 27, 14, 0, 22, 16, 21, 26, 2, 23, 25, 20, 8, 15, 18, 28, 6, 10, 24, 13, 17, 19, 7, 29, 30, 11, 1
19, 22, 4, 30, 17, 12, 29, 9, 10, 20, 15, 0, 31, 7, 18, 11, 21, 14, 6, 2, 25, 27, 28, 23, 16, 5, 26, 13, 24, 1, 3, 8
19, 21, 29, 13, 1, 26, 14, 2, 31, 22, 17, 18, 16, 9, 5, 4, 20, 3, 7, 28, 12, 15, 24, 27, 8, 25, 23, 30, 10, 0, 6, 11
24, 5, 17, 6, 27, 1, 7, 18, 2, 0, 16, 25, 3, 13, 4, 19, 15, 28, 29, 23, 8, 9, 11, 20, 31, 26, 30, 10, 22, 14, 21, 12
14, 4, 8, 13, 24, 3, 9, 23, 17, 20, 6, 15, 25, 27, 5, 21, 29, 16, 12, 1, 10, 26, 19, 11, 18, 7, 30, 31, 0, 22, 2, 28
Pocket:
3, 20, 2, 7, 10, 26, 19, 14, 12, 11, 13, 9, 27, 1, 31, 24, 6, 5, 18, 22, 30, 17, 0, 21, 28, 15, 25, 23, 16, 8, 4, 29
20, 26, 15, 11, 21, 10, 6, 16, 18, 3, 4, 17, 28, 5, 22, 9, 29, 8, 13, 14, 0, 30, 19, 23, 25, 1, 27, 24, 31, 2, 12, 7
1, 19, 27, 6, 17, 30, 11, 4, 5, 31, 18, 10, 21, 28, 23, 26, 20, 8, 15, 7, 25, 14, 0, 12, 16, 24, 13, 2, 22, 29, 3, 9
16, 26, 27, 8, 29, 31, 7, 20, 19, 23, 22, 17, 18, 9, 2, 28, 5, 12, 3, 14, 10, 1, 11, 21, 13, 24, 25, 15, 6, 30, 0, 4
15, 29, 23, 27, 20, 0, 28, 26, 21, 22, 14, 24, 5, 1, 25, 30, 10, 17, 11, 31, 3, 16, 6, 4, 18, 13, 7, 9, 2, 19, 12, 8
0, 14, 19, 29, 27, 25, 28, 10, 18, 6, 15, 5, 16, 12, 17, 31, 4, 22, 26, 9, 23, 30, 3, 11, 21, 20, 7, 13, 2, 1, 24, 8
7, 9, 16, 21, 29, 6, 24, 12, 1, 25, 31, 27, 30, 2, 13, 18, 3, 15, 11, 10, 26, 22, 28, 0, 19, 14, 8, 5, 4, 23, 20, 17
23, 14, 22, 26, 3, 10, 4, 11, 13, 17, 24, 6, 1, 20, 16, 27, 21, 2, 0, 7, 12, 29, 9, 30, 19, 5, 25, 15, 18, 28, 31, 8
27, 31, 12, 16, 30, 4, 22, 23, 5, 17, 29, 1, 18, 2, 0, 28, 8, 11, 21, 20, 24, 13, 3, 9, 7, 26, 10, 6, 25, 15, 19, 14
9, 2, 15, 17, 22, 8, 7, 28, 5, 18, 0, 14, 19, 3, 25, 29, 11, 23, 31, 20, 1, 24, 6, 21, 26, 12, 30, 10, 13, 4, 27, 16
Pocket:
18, 25, 16, 13, 20, 3, 26, 31, 30, 15, 12, 8, 22, 27, 14, 28, 1, 4, 2, 24, 29, 5, 17, 0, 9, 7, 21, 6, 19, 23, 10, 11
24, 2, 26, 4, 1, 7, 16, 28, 12, 19, 18, 11, 27, 30, 25, 29, 9, 14, 10, 17, 23, 20, 21, 22, 5, 13, 6, 15, 0, 3, 31, 8
2, 8, 17, 10, 9, 13, 19, 0, 12, 27, 6, 3, 14, 26, 30, 18, 20, 28, 21, 7, 31, 15, 11, 24, 1, 25, 5, 22, 4, 29, 16, 23
4, 17, 20, 1, 8, 22, 12, 10, 24, 29, 2, 26, 9, 21, 23, 27, 7, 11, 28, 6, 14, 3, 25, 15, 16, 0, 30, 13, 31, 5, 18, 19
6, 4, 30, 1, 21, 22, 16, 14, 12, 31, 20, 29, 23, 11, 18, 15, 28, 13, 27, 25, 10, 24, 26, 17, 9, 3, 7, 2, 19, 5, 8, 0
27, 29, 31, 24, 13, 1, 12, 6, 17, 19, 3, 7, 30, 0, 14, 16, 21, 28, 11, 5, 9, 20, 22, 15, 26, 2, 18, 8, 10, 25, 4, 23
21, 16, 28, 23, 13, 3, 2, 29, 4, 22, 27, 26, 8, 25, 17, 9, 20, 19, 5, 31, 7, 1, 14, 12, 18, 30, 15, 6, 11, 10, 0, 24
26, 11, 27, 31, 14, 7, 19, 2, 12, 17, 21, 16, 30, 25, 15, 29, 4, 6, 0, 23, 1, 18, 8, 3, 10, 9, 24, 5, 13, 28, 22, 20
5, 1, 31, 11, 27, 3, 29, 30, 4, 12, 9, 24, 13, 18, 10, 6, 20, 8, 23, 21, 25, 19, 15, 7, 0, 16, 28, 26, 22, 14, 17, 2
19, 30, 21, 27, 28, 26, 3, 8, 18, 13, 24, 5, 25, 29, 2, 6, 12, 23, 22, 7, 16, 0, 17, 4, 10, 1, 31, 9, 11, 20, 14, 15
Pocket:
3, 20, 2, 7, 10, 26, 19, 14, 12, 11, 13, 9, 27, 1, 31, 24, 6, 5, 18, 22, 30, 17, 0, 21, 28, 15, 25, 23, 16, 8, 4, 29
20, 26, 15, 11, 21, 10, 6, 16, 18, 3, 4, 17, 28, 5, 22, 9, 29, 8, 13, 14, 0, 30, 19, 23, 25, 1, 27, 24, 31, 2, 12, 7
1, 19, 27, 6, 17, 30, 11, 4, 5, 31, 18, 10, 21, 28, 23, 26, 20, 8, 15, 7, 25, 14, 0, 12, 16, 24, 13, 2, 22, 29, 3, 9
16, 26, 27, 8, 29, 31, 7, 20, 19, 23, 22, 17, 18, 9, 2, 28, 5, 12, 3, 14, 10, 1, 11, 21, 13, 24, 25, 15, 6, 30, 0, 4
15, 29, 23, 27, 20, 0, 28, 26, 21, 22, 14, 24, 5, 1, 25, 30, 10, 17, 11, 31, 3, 16, 6, 4, 18, 13, 7, 9, 2, 19, 12, 8
0, 14, 19, 29, 27, 25, 28, 10, 18, 6, 15, 5, 16, 12, 17, 31, 4, 22, 26, 9, 23, 30, 3, 11, 21, 20, 7, 13, 2, 1, 24, 8
7, 9, 16, 21, 29, 6, 24, 12, 1, 25, 31, 27, 30, 2, 13, 18, 3, 15, 11, 10, 26, 22, 28, 0, 19, 14, 8, 5, 4, 23, 20, 17
23, 14, 22, 26, 3, 10, 4, 11, 13, 17, 24, 6, 1, 20, 16, 27, 21, 2, 0, 7, 12, 29, 9, 30, 19, 5, 25, 15, 18, 28, 31, 8
27, 31, 12, 16, 30, 4, 22, 23, 5, 17, 29, 1, 18, 2, 0, 28, 8, 11, 21, 20, 24, 13, 3, 9, 7, 26, 10, 6, 25, 15, 19, 14
9, 2, 15, 17, 22, 8, 7, 28, 5, 18, 0, 14, 19, 3, 25, 29, 11, 23, 31, 20, 1, 24, 6, 21, 26, 12, 30, 10, 13, 4, 27, 16