Pocket:
19, 11, 46, 25, 18, 1, 54, 50, 56, 8, 3, 29, 27, 39, 43, 28, 34, 47, 40, 51, 12, 48, 13, 61, 30, 59, 49, 9, 17, 7, 20, 37, 57, 33, 58, 6, 42, 5, 32, 36, 45, 4, 10, 38, 16, 0, 62, 55, 44, 21, 53, 23, 14, 41, 2, 22, 35, 24, 60, 63, 52, 26, 15, 31
43, 18, 25, 59, 22, 24, 3, 58, 39, 10, 14, 37, 53, 34, 26, 8, 28, 6, 51, 20, 60, 15, 52, 16, 38, 48, 12, 46, 41, 31, 1, 44, 50, 32, 45, 17, 29, 5, 54, 0, 11, 19, 35, 56, 55, 42, 13, 4, 27, 61, 2, 23, 30, 7, 40, 62, 57, 36, 47, 33, 49, 9, 21, 63
52, 40, 49, 36, 0, 54, 46, 21, 14, 9, 7, 61, 12, 45, 2, 24, 35, 59, 37, 30, 44, 23, 31, 29, 15, 18, 48, 1, 3, 55, 13, 32, 60, 28, 4, 62, 63, 22, 53, 16, 56, 33, 25, 34, 58, 41, 20, 11, 26, 5, 19, 27, 50, 42, 47, 43, 10, 8, 6, 17, 57, 39, 38, 51
32, 10, 35, 4, 25, 11, 54, 28, 6, 29, 49, 18, 22, 43, 15, 20, 21, 13, 39, 33, 47, 17, 8, 52, 26, 57, 37, 61, 53, 56, 51, 5, 50, 40, 24, 14, 41, 60, 3, 19, 16, 34, 36, 45, 44, 59, 48, 7, 1, 0, 46, 31, 58, 42, 55, 62, 12, 27, 63, 2, 38, 9, 23, 30
44, 17, 33, 47, 8, 56, 43, 53, 3, 59, 1, 46, 14, 23, 11, 42, 34, 16, 37, 62, 15, 9, 51, 2, 45, 55, 63, 7, 61, 13, 30, 10, 24, 40, 27, 25, 19, 0, 50, 5, 4, 48, 31, 6, 28, 39, 52, 41, 18, 26, 35, 20, 49, 22, 21, 60, 32, 58, 12, 57, 38, 29, 36, 54
58, 59, 48, 15, 25, 43, 17, 27, 31, 50, 5, 45, 1, 30, 55, 47, 42, 20, 18, 54, 49, 38, 41, 33, 19, 46, 7, 36, 32, 13, 53, 44, 35, 61, 37, 39, 10, 0, 14, 21, 63, 56, 8, 4, 23, 22, 40, 52, 9, 62, 29, 51, 12, 6, 26, 2, 11, 28, 16, 34, 57, 24, 3, 60
22, 50, 30, 39, 60, 4, 61, 29, 38, 19, 36, 25, 10, 2, 37, 49, 43, 53, 63, 58, 0, 20, 24, 13, 32, 14, 62, 51, 15, 45, 33, 16, 18, 55, 59, 11, 12, 26, 52, 7, 23, 44, 34, 40, 56, 1, 3, 6, 41, 5, 42, 28, 31, 57, 17, 8, 9, 21, 35, 48, 54, 47, 27, 46
21, 16, 41, 5, 40, 37, 51, 36, 0, 42, 9, 58, 22, 1, 43, 12, 57, 26, 48, 47, 6, 53, 3, 15, 39, 32, 25, 50, 61, 59, 27, 35, 17, 38, 18, 34, 46, 23, 52, 10, 20, 4, 33, 2, 8, 55, 63, 56, 13, 60, 19, 45, 14, 29, 28, 54, 44, 24, 11, 7, 62, 49, 30, 31
18, 10, 6, 39, 36, 11, 63, 62, 55, 12, 27, 14, 25, 19, 53, 42, 31, 20, 4, 56, 22, 48, 26, 45, 54, 32, 47, 16, 41, 28, 23, 21, 1, 17, 15, 58, 13, 52, 8, 24, 7, 40, 44, 43, 30, 59, 2, 3, 29, 57, 9, 61, 37, 46, 34, 33, 35, 0, 49, 51, 38, 60, 50, 5
23, 20, 5, 60, 8, 26, 45, 61, 2, 33, 0, 32, 51, 16, 6, 35, 17, 22, 29, 44, 58, 49, 4, 31, 3, 14, 24, 46, 27, 18, 43, 10, 54, 30, 59, 34, 21, 12, 36, 56, 1, 28, 57, 38, 53, 13, 9, 62, 42, 25, 48, 52, 41, 47, 39, 63, 50, 15, 55, 19, 11, 37, 40, 7
Pocket:
48, 28, 24, 7, 51, 14, 45, 47, 27, 46, 22, 1, 38, 57, 30, 10, 42, 3, 55, 40, 13, 31, 53, 6, 54, 41, 56, 35, 62, 61, 32, 33, 8, 26, 39, 44, 16, 17, 49, 60, 34, 15, 0, 63, 43, 58, 20, 11, 2, 18, 21, 52, 37, 36, 4, 59, 12, 29, 19, 25, 9, 23, 5, 50
38, 0, 29, 15, 50, 56, 4, 63, 7, 8, 25, 24, 20, 3, 57, 31, 54, 46, 48, 12, 59, 30, 36, 47, 53, 27, 28, 44, 35, 2, 18, 60, 21, 49, 23, 42, 9, 16, 14, 32, 62, 17, 58, 43, 61, 26, 39, 1, 55, 51, 6, 22, 10, 19, 5, 52, 37, 13, 34, 41, 45, 40, 33, 11
55, 31, 48, 32, 2, 3, 22, 12, 37, 8, 54, 43, 5, 20, 40, 34, 50, 19, 35, 60, 53, 7, 61, 36, 42, 56, 33, 63, 62, 59, 14, 30, 4, 47, 1, 18, 52, 25, 24, 39, 10, 38, 17, 26, 58, 28, 41, 6, 23, 49, 27, 11, 21, 46, 57, 29, 45, 44, 0, 51, 16, 9, 15, 13
48, 36, 19, 14, 10, 9, 0, 40, 8, 5, 37, 23, 54, 11, 63, 7, 41, 46, 58, 42, 33, 27, 24, 43, 30, 13, 60, 21, 53, 18, 2, 51, 44, 22, 1, 17, 56, 35, 62, 50, 45, 61, 55, 32, 38, 39, 26, 4, 16, 25, 12, 52, 15, 57, 28, 59, 49, 20, 34, 47, 31, 3, 29, 6
1, 23, 24, 59, 4, 28, 9, 5, 33, 36, 56, 11, 55, 54, 51, 60, 53, 18, 8, 7, 61, 49, 41, 63, 42, 40, 19, 46, 57, 22, 2, 3, 20, 10, 31, 12, 44, 48, 32, 38, 13, 6, 50, 0, 15, 52, 21, 17, 26, 43, 45, 37, 27, 34, 58, 62, 29, 35, 25, 30, 14, 39, 47, 16
35, 13, 18, 41, 19, 61, 58, 26, 16, 46, 57, 52, 55, 48, 51, 27, 33, 45, 29, 11, 3, 56, 23, 2, 37, 38, 6, 14, 49, 28, 21, 42, 31, 24, 0, 32, 4, 20, 36, 47, 15, 10, 63, 8, 17, 1, 5, 9, 53, 60, 54, 59, 30, 22, 43, 12, 44, 62, 39, 40, 50, 25, 34, 7
42, 12, 26, 4, 60, 16, 24, 56, 22, 7, 46, 59, 61, 11, 39, 27, 54, 30, 20, 52, 51, 32, 53, 35, 47, 55, 43, 14, 21, 40, 41, 5, 31, 38, 58, 36, 45, 28, 44, 6, 63, 23, 25, 9, 62, 57, 1, 48, 18, 49, 3, 37, 10, 17, 33, 8, 29, 19, 0, 34, 13, 2, 50, 15
19, 11, 46, 25, 18, 1, 54, 50, 56, 8, 3, 29, 27, 39, 43, 28, 34, 47, 40, 51, 12, 48, 13, 61, 30, 59, 49, 9, 17, 7, 20, 37, 57, 33, 58, 6, 42, 5, 32, 36, 45, 4, 10, 38, 16, 0, 62, 55, 44, 21, 53, 23, 14, 41, 2, 22, 35, 24, 60, 63, 52, 26, 15, 31
42, 24, 60, 38, 0, 10, 9, 49, 29, 59, 39, 18, 46, 2, 47, 41, 23, 40, 36, 50, 51, 45, 63, 22, 35, 30, 28, 17, 13, 21, 12, 53, 20, 57, 43, 25, 44, 14, 31, 48, 58, 61, 27, 16, 37, 19, 62, 5, 8, 54, 1, 4, 52, 15, 33, 55, 11, 26, 6, 7, 32, 34, 56, 3
42, 20, 5, 61, 30, 13, 4, 15, 26, 50, 53, 2, 38, 25, 32, 44, 16, 59, 58, 46, 57, 55, 24, 41, 62, 17, 23, 12, 18, 6, 14, 9, 45, 22, 47, 35, 63, 56, 27, 34, 36, 8, 7, 28, 48, 33, 60, 11, 0, 39, 49, 29, 19, 31, 3, 21, 52, 1, 51, 37, 40, 54, 43, 10
Pocket:
19, 46, 37, 25, 44, 22, 18, 20, 55, 10, 11, 62, 13, 45, 2, 48, 54, 6, 58, 15, 41, 23, 40, 16, 60, 63, 8, 57, 47, 32, 4, 56, 36, 1, 31, 38, 3, 52, 61, 21, 42, 39, 17, 59, 28, 34, 9, 12, 26, 24, 30, 0, 14, 7, 50, 43, 51, 49, 27, 29, 33, 53, 5, 35
44, 11, 32, 3, 61, 15, 59, 20, 54, 42, 13, 60, 45, 63, 58, 50, 29, 31, 53, 46, 52, 4, 35, 30, 19, 34, 18, 49, 56, 26, 48, 14, 27, 23, 40, 12, 36, 41, 38, 8, 16, 24, 51, 21, 1, 0, 43, 55, 10, 2, 7, 6, 22, 39, 17, 5, 9, 37, 57, 33, 28, 47, 62, 25
9, 57, 27, 49, 29, 52, 37, 20, 59, 13, 45, 11, 38, 61, 42, 23, 8, 63, 55, 7, 12, 43, 30, 19, 21, 62, 47, 35, 50, 0, 26, 58, 24, 10, 46, 2, 15, 39, 32, 51, 41, 22, 6, 3, 44, 48, 16, 34, 60, 18, 25, 31, 36, 53, 28, 56, 14, 4, 5, 40, 1, 54, 33, 17
51, 36, 20, 59, 53, 10, 62, 29, 18, 13, 27, 5, 63, 9, 12, 56, 23, 38, 4, 24, 3, 60, 21, 25, 14, 15, 16, 32, 0, 22, 6, 30, 41, 1, 28, 34, 19, 11, 44, 45, 37, 43, 54, 39, 17, 33, 52, 58, 61, 48, 46, 57, 40, 49, 42, 35, 26, 55, 2, 31, 8, 50, 47, 7
35, 40, 53, 10, 45, 19, 11, 57, 15, 33, 7, 63, 29, 48, 1, 28, 14, 62, 46, 24, 32, 23, 42, 22, 54, 38, 50, 59, 3, 58, 26, 8, 6, 49, 18, 34, 39, 55, 2, 17, 52, 21, 60, 16, 47, 13, 30, 44, 36, 4, 31, 12, 51, 5, 41, 0, 27, 20, 43, 56, 9, 61, 25, 37
43, 18, 25, 59, 22, 24, 3, 58, 39, 10, 14, 37, 53, 34, 26, 8, 28, 6, 51, 20, 60, 15, 52, 16, 38, 48, 12, 46, 41, 31, 1, 44, 50, 32, 45, 17, 29, 5, 54, 0, 11, 19, 35, 56, 55, 42, 13, 4, 27, 61, 2, 23, 30, 7, 40, 62, 57, 36, 47, 33, 49, 9, 21, 63
6, 53, 35, 17, 22, 34, 43, 13, 2, 60, 42, 58, 46, 55, 30, 29, 23, 41, 36, 26, 61, 56, 39, 52, 48, 1, 20, 31, 37, 19, 27, 59, 7, 0, 50, 62, 33, 10, 25, 21, 9, 32, 54, 11, 3, 51, 28, 38, 24, 45, 15, 63, 5, 47, 44, 18, 14, 12, 57, 40, 4, 16, 8, 49
0, 41, 7, 56, 60, 20, 54, 62, 18, 19, 36, 63, 47, 57, 12, 14, 10, 26, 16, 48, 15, 51, 11, 1, 22, 35, 6, 49, 32, 38, 24, 46, 3, 4, 37, 59, 25, 44, 21, 43, 34, 27, 50, 42, 2, 30, 31, 52, 58, 53, 40, 29, 9, 45, 8, 17, 61, 55, 5, 33, 23, 39, 13, 28
61, 24, 10, 40, 54, 55, 17, 21, 28, 53, 27, 8, 38, 36, 11, 50, 60, 1, 29, 13, 0, 39, 45, 32, 56, 9, 5, 41, 35, 30, 22, 44, 37, 34, 46, 3, 63, 59, 43, 15, 25, 14, 52, 12, 42, 49, 48, 18, 57, 23, 2, 31, 19, 16, 47, 58, 26, 33, 51, 20, 62, 7, 4, 6
2, 55, 17, 57, 21, 19, 24, 31, 0, 49, 30, 15, 52, 58, 53, 8, 42, 54, 6, 22, 59, 48, 10, 44, 40, 7, 35, 45, 62, 25, 60, 16, 20, 41, 50, 37, 28, 33, 4, 5, 13, 3, 34, 27, 61, 38, 32, 46, 36, 29, 9, 11, 12, 51, 39, 47, 23, 56, 1, 26, 18, 63, 43, 14
Pocket:
20, 50, 8, 42, 44, 27, 48, 25, 59, 47, 46, 53, 39, 9, 3, 56, 51, 57, 2, 32, 63, 37, 45, 36, 22, 49, 13, 14, 61, 6, 24, 43, 52, 7, 26, 17, 16, 18, 0, 11, 29, 5, 41, 31, 4, 54, 62, 10, 33, 60, 58, 21, 55, 19, 28, 35, 34, 15, 1, 30, 40, 38, 23, 12
51, 32, 38, 55, 44, 20, 2, 16, 11, 59, 61, 53, 43, 33, 56, 41, 63, 14, 21, 50, 62, 47, 25, 19, 52, 4, 49, 46, 31, 40, 18, 34, 27, 39, 45, 37, 0, 29, 24, 12, 5, 22, 30, 23, 17, 36, 3, 60, 15, 57, 48, 7, 8, 28, 35, 54, 42, 13, 1, 6, 58, 9, 26, 10
45, 31, 40, 35, 59, 62, 19, 34, 18, 57, 46, 15, 13, 20, 7, 4, 56, 58, 6, 3, 1, 48, 60, 49, 30, 24, 28, 47, 2, 37, 50, 16, 39, 25, 43, 29, 17, 55, 12, 14, 27, 41, 51, 52, 0, 11, 32, 22, 42, 53, 54, 23, 9, 63, 21, 10, 26, 44, 5, 61, 36, 38, 33, 8
12, 32, 55, 4, 25, 63, 35, 58, 16, 30, 38, 37, 23, 29, 2, 20, 28, 43, 46, 26, 31, 44, 19, 60, 50, 7, 57, 24, 39, 17, 36, 9, 11, 41, 22, 62, 54, 1, 13, 51, 6, 59, 56, 3, 61, 27, 8, 53, 52, 5, 15, 42, 14, 45, 21, 33, 49, 40, 47, 10, 0, 34, 48, 18
61, 42, 6, 45, 12, 20, 23, 21, 29, 22, 39, 26, 37, 11, 62, 43, 4, 18, 36, 30, 54, 38, 44, 49, 34, 9, 24, 46, 35, 10, 52, 31, 3, 57, 55, 5, 41, 60, 17, 7, 1, 8, 40, 56, 16, 47, 14, 2, 59, 13, 51, 28, 15, 33, 48, 27, 53, 19, 32, 63, 50, 25, 0, 58
62, 13, 27, 34, 15, 42, 21, 23, 56, 22, 33, 63, 43, 54, 9, 3, 55, 57, 1, 25, 0, 32, 48, 50, 18, 44, 28, 41, 6, 58, 38, 11, 30, 5, 10, 4, 29, 61, 24, 7, 14, 20, 47, 46, 12, 60, 16, 2, 36, 53, 35, 26, 17, 8, 51, 37, 45, 39, 52, 19, 31, 49, 59, 40
32, 10, 35, 4, 25, 11, 54, 28, 6, 29, 49, 18, 22, 43, 15, 20, 21, 13, 39, 33, 47, 17, 8, 52, 26, 57, 37, 61, 53, 56, 51, 5, 50, 40, 24, 14, 41, 60, 3, 19, 16, 34, 36, 45, 44, 59, 48, 7, 1, 0, 46, 31, 58, 42, 55, 62, 12, 27, 63, 2, 38, 9, 23, 30
10, 11, 45, 50, 61, 47, 23, 8, 29, 21, 5, 15, 18, 53, 19, 31, 62, 9, 6, 57, 24, 27, 28, 26, 14, 38, 22, 42, 46, 25, 13, 59, 0, 49, 7, 1, 4, 39, 17, 44, 20, 43, 3, 54, 40, 55, 34, 12, 48, 16, 52, 2, 35, 60, 63, 36, 41, 58, 32, 51, 56, 30, 33, 37
26, 46, 58, 25, 54, 1, 56, 27, 52, 41, 57, 42, 21, 19, 3, 43, 16, 4, 12, 29, 62, 51, 10, 23, 38, 39, 60, 35, 34, 5, 13, 61, 22, 15, 63, 18, 2, 6, 45, 0, 47, 32, 49, 28, 33, 31, 14, 50, 59, 44, 24, 40, 53, 30, 9, 7, 8, 20, 36, 11, 37, 55, 17, 48
46, 56, 53, 22, 57, 7, 10, 45, 21, 8, 35, 0, 12, 41, 19, 16, 49, 1, 15, 42, 24, 18, 54, 11, 14, 61, 37, 43, 9, 23, 55, 30, 58, 4, 47, 2, 63, 3, 33, 59, 32, 31, 50, 6, 52, 34, 20, 17, 29, 13, 44, 51, 48, 25, 27, 60, 39, 5, 38, 28, 62, 40, 36, 26
Pocket:
39, 16, 29, 58, 62, 44, 52, 31, 57, 56, 51, 19, 21, 20, 15, 61, 59, 4, 24, 50, 36, 45, 23, 7, 35, 53, 49, 5, 27, 17, 11, 60, 38, 25, 1, 6, 40, 28, 22, 3, 32, 9, 18, 42, 34, 48, 37, 2, 26, 54, 63, 46, 8, 41, 14, 0, 30, 55, 33, 13, 47, 10, 43, 12
1, 24, 8, 33, 32, 61, 51, 31, 46, 41, 52, 63, 45, 2, 10, 22, 38, 59, 36, 40, 50, 7, 60, 18, 26, 55, 17, 11, 49, 9, 0, 53, 29, 19, 5, 4, 57, 54, 25, 56, 16, 44, 47, 37, 14, 21, 58, 3, 48, 28, 12, 43, 42, 30, 15, 6, 23, 35, 13, 27, 34, 62, 20, 39
49, 15, 37, 20, 59, 23, 42, 11, 61, 28, 29, 33, 56, 55, 32, 17, 41, 13, 50, 43, 3, 48, 25, 21, 10, 18, 44, 1, 54, 2, 60, 6, 30, 8, 58, 57, 9, 22, 62, 36, 16, 40, 52, 38, 45, 39, 5, 46, 12, 14, 51, 63, 47, 53, 19, 34, 7, 26, 31, 35, 24, 4, 0, 27
33, 44, 10, 6, 52, 24, 60, 40, 21, 14, 18, 9, 35, 11, 3, 50, 48, 63, 30, 5, 39, 19, 54, 32, 42, 47, 1, 31, 7, 45, 4, 29, 12, 27, 37, 25, 56, 36, 20, 43, 26, 41, 49, 0, 8, 17, 28, 51, 34, 57, 38, 61, 53, 62, 58, 46, 22, 2, 59, 13, 23, 55, 16, 15
50, 13, 27, 58, 49, 24, 21, 31, 55, 44, 54, 22, 23, 0, 45, 42, 12, 32, 26, 18, 41, 3, 59, 28, 1, 8, 53, 37, 36, 7, 35, 62, 60, 57, 34, 15, 30, 56, 25, 61, 43, 46, 10, 48, 9, 6, 16, 14, 2, 51, 4, 47, 29, 52, 20, 11, 40, 33, 17, 5, 19, 38, 39, 63
20, 4, 18, 26, 48, 55, 61, 36, 7, 53, 12, 45, 39, 58, 29, 2, 60, 37, 46, 30, 41, 21, 31, 54, 6, 44, 50, 15, 3, 40, 28, 42, 57, 23, 9, 33, 32, 17, 35, 5, 25, 24, 62, 43, 51, 59, 63, 56, 38, 19, 0, 8, 11, 49, 34, 13, 10, 27, 16, 1, 22, 14, 52, 47
49, 9, 27, 19, 35, 38, 58, 57, 18, 44, 1, 53, 28, 51, 11, 5, 33, 20, 47, 54, 3, 62, 30, 40, 55, 48, 36, 60, 8, 56, 12, 23, 37, 59, 16, 45, 32, 6, 21, 42, 22, 29, 2, 0, 14, 7, 34, 24, 13, 25, 63, 17, 50, 10, 26, 4, 15, 61, 46, 52, 43, 31, 41, 39
57, 53, 60, 8, 42, 37, 17, 24, 54, 46, 38, 27, 61, 44, 5, 55, 20, 45, 6, 22, 40, 0, 16, 18, 21, 52, 31, 39, 48, 2, 3, 56, 11, 9, 12, 23, 36, 62, 33, 51, 28, 50, 43, 19, 32, 13, 30, 47, 59, 29, 34, 35, 63, 1, 14, 26, 7, 15, 49, 25, 58, 4, 41, 10
11, 6, 52, 53, 20, 28, 17, 51, 12, 42, 50, 27, 56, 0, 48, 59, 14, 3, 60, 26, 10, 15, 25, 16, 55, 8, 44, 2, 40, 46, 1, 33, 4, 24, 37, 34, 31, 5, 58, 43, 32, 38, 36, 62, 63, 54, 39, 19, 49, 41, 21, 57, 45, 13, 9, 22, 30, 23, 61, 7, 18, 47, 29, 35
17, 48, 36, 43, 55, 61, 23, 47, 63, 19, 21, 22, 3, 35, 0, 49, 16, 50, 4, 62, 9, 45, 8, 11, 59, 30, 37, 10, 40, 29, 52, 39, 38, 6, 57, 14, 26, 33, 1, 42, 7, 13, 53, 31, 12, 20, 5, 60, 18, 24, 58, 51, 54, 41, 32, 34, 2, 27, 46, 44, 56, 15, 28, 25
Pocket:
4, 18, 37, 17, 52, 10, 50, 20, 16, 44, 19, 32, 45, 51, 2, 11, 40, 58, 53, 42, 15, 56, 26, 47, 38, 7, 62, 13, 46, 28, 8, 22, 12, 1, 41, 31, 60, 49, 59, 61, 6, 0, 21, 33, 57, 39, 14, 30, 36, 55, 27, 29, 3, 24, 25, 23, 54, 35, 43, 48, 5, 63, 9, 34
51, 37, 7, 60, 41, 26, 5, 36, 25, 38, 44, 14, 52, 42, 16, 63, 35, 0, 57, 10, 15, 31, 8, 34, 32, 33, 49, 29, 13, 54, 17, 6, 39, 22, 48, 4, 2, 55, 40, 30, 11, 20, 9, 12, 43, 3, 23, 21, 58, 1, 27, 62, 56, 59, 18, 19, 53, 24, 47, 46, 50, 28, 61, 45
42, 23, 50, 26, 12, 27, 63, 52, 21, 59, 40, 10, 11, 55, 0, 43, 60, 33, 13, 4, 14, 25, 20, 2, 1, 48, 62, 44, 9, 51, 57, 37, 46, 19, 3, 28, 56, 30, 47, 53, 31, 61, 54, 35, 18, 24, 34, 45, 15, 49, 6, 38, 36, 16, 7, 8, 58, 41, 29, 17, 22, 5, 39, 32
4, 16, 28, 57, 0, 50, 47, 51, 10, 48, 59, 52, 49, 35, 8, 43, 42, 55, 1, 44, 3, 29, 12, 23, 60, 15, 24, 32, 5, 26, 39, 41, 37, 45, 13, 25, 20, 6, 30, 62, 7, 9, 27, 14, 2, 53, 38, 31, 58, 61, 18, 40, 19, 56, 11, 54, 22, 21, 36, 63, 46, 34, 17, 33
35, 6, 5, 9, 55, 8, 59, 7, 1, 44, 36, 62, 34, 61, 54, 2, 60, 11, 26, 58, 25, 41, 47, 50, 45, 19, 51, 3, 0, 53, 39, 52, 13, 17, 63, 18, 38, 21, 30, 27, 33, 23, 48, 16, 37, 24, 20, 56, 49, 14, 31, 40, 57, 10, 12, 32, 42, 46, 29, 15, 43, 22, 28, 4
58, 22, 30, 26, 57, 48, 37, 52, 15, 7, 32, 10, 63, 59, 33, 43, 17, 27, 2, 1, 28, 24, 51, 62, 19, 54, 49, 31, 21, 44, 29, 14, 12, 39, 53, 25, 56, 0, 50, 9, 20, 45, 61, 38, 47, 8, 6, 5, 41, 23, 36, 3, 46, 4, 35, 16, 34, 55, 13, 60, 11, 40, 18, 42
16, 30, 56, 33, 27, 44, 0, 52, 7, 48, 58, 49, 25, 42, 26, 38, 34, 17, 61, 8, 40, 62, 37, 46, 29, 54, 12, 53, 20, 18, 50, 2, 4, 41, 35, 31, 11, 5, 43, 6, 57, 39, 63, 22, 23, 36, 1, 15, 3, 28, 21, 59, 60, 10, 9, 14, 13, 45, 51, 24, 55, 19, 47, 32
20, 61, 10, 5, 63, 37, 6, 44, 11, 49, 62, 31, 26, 56, 15, 58, 17, 25, 7, 60, 14, 51, 21, 34, 53, 19, 0, 8, 54, 13, 32, 16, 9, 33, 45, 18, 29, 55, 47, 23, 52, 39, 48, 41, 30, 36, 27, 50, 12, 28, 40, 59, 2, 38, 46, 22, 3, 57, 42, 24, 35, 43, 1, 4
52, 40, 11, 1, 38, 46, 6, 30, 14, 47, 10, 43, 50, 61, 35, 32, 29, 42, 34, 8, 23, 17, 28, 31, 20, 26, 53, 57, 62, 33, 41, 49, 7, 13, 36, 3, 59, 56, 4, 22, 18, 54, 5, 55, 12, 24, 0, 15, 63, 25, 44, 45, 39, 21, 9, 19, 16, 60, 51, 37, 27, 58, 48, 2
1, 11, 29, 35, 28, 21, 42, 44, 24, 32, 5, 25, 6, 49, 38, 14, 43, 22, 46, 23, 57, 59, 4, 18, 27, 8, 15, 62, 60, 41, 47, 37, 7, 58, 31, 13, 2, 40, 3, 17, 30, 20, 12, 34, 50, 51, 39, 19, 26, 54, 10, 16, 48, 63, 53, 55, 0, 33, 45, 36, 56, 9, 52, 61
Pocket:
54, 47, 29, 21, 2, 39, 20, 11, 37, 45, 59, 61, 17, 3, 40, 24, 19, 43, 33, 55, 1, 42, 63, 56, 30, 38, 51, 9, 58, 18, 27, 41, 32, 5, 22, 28, 52, 49, 53, 8, 6, 26, 7, 48, 4, 15, 60, 57, 13, 44, 36, 46, 62, 10, 23, 14, 34, 16, 35, 31, 0, 12, 50, 25
18, 1, 12, 27, 42, 24, 5, 25, 10, 7, 52, 63, 16, 41, 6, 61, 60, 0, 48, 35, 20, 38, 3, 32, 17, 37, 30, 34, 40, 2, 36, 59, 47, 44, 53, 26, 54, 46, 50, 55, 21, 9, 23, 29, 43, 11, 8, 49, 62, 56, 39, 14, 33, 51, 28, 57, 13, 31, 58, 22, 15, 19, 45, 4
7, 34, 58, 17, 31, 56, 53, 25, 40, 28, 23, 37, 33, 10, 22, 38, 15, 21, 3, 49, 19, 2, 51, 29, 27, 20, 9, 50, 0, 12, 4, 63, 1, 44, 18, 35, 52, 60, 59, 13, 24, 54, 45, 41, 30, 5, 43, 11, 55, 46, 62, 36, 39, 14, 8, 16, 42, 47, 26, 6, 32, 57, 48, 61
61, 55, 15, 12, 18, 30, 60, 5, 0, 43, 58, 35, 56, 27, 24, 49, 37, 42, 13, 22, 10, 44, 36, 14, 38, 45, 1, 17, 26, 63, 28, 41, 51, 29, 33, 50, 11, 16, 39, 34, 6, 2, 25, 9, 47, 31, 48, 4, 8, 23, 21, 46, 3, 40, 53, 19, 52, 62, 57, 7, 59, 20, 54, 32
4, 20, 31, 16, 3, 2, 11, 49, 22, 59, 9, 21, 53, 42, 30, 14, 36, 46, 23, 56, 44, 27, 34, 28, 48, 8, 35, 61, 15, 1, 25, 37, 39, 41, 24, 63, 6, 50, 10, 57, 33, 26, 0, 17, 51, 38, 45, 60, 19, 13, 47, 58, 5, 55, 54, 12, 43, 52, 29, 32, 18, 62, 40, 7
5, 21, 7, 1, 59, 38, 39, 63, 54, 17, 41, 11, 57, 22, 33, 45, 23, 13, 0, 58, 60, 31, 9, 2, 27, 34, 29, 20, 4, 48, 3, 8, 62, 50, 10, 35, 55, 56, 52, 28, 12, 36, 47, 19, 6, 15, 18, 25, 30, 14, 32, 61, 43, 24, 49, 26, 42, 46, 37, 51, 16, 40, 44, 53
11, 12, 58, 59, 18, 22, 41, 6, 19, 50, 29, 45, 0, 37, 1, 63, 35, 15, 56, 46, 27, 33, 39, 17, 57, 31, 47, 24, 25, 61, 3, 51, 53, 13, 23, 32, 9, 4, 36, 49, 54, 48, 40, 42, 52, 30, 28, 10, 7, 16, 43, 62, 38, 21, 8, 55, 60, 44, 26, 5, 34, 2, 14, 20
23, 59, 6, 42, 26, 38, 60, 36, 31, 50, 53, 54, 28, 9, 47, 51, 14, 16, 52, 39, 5, 33, 43, 35, 17, 46, 48, 1, 41, 20, 15, 40, 29, 49, 37, 7, 2, 21, 24, 45, 61, 3, 12, 32, 11, 57, 55, 22, 25, 13, 19, 8, 27, 58, 4, 30, 63, 56, 34, 0, 44, 18, 10, 62
34, 8, 42, 2, 37, 19, 53, 18, 16, 51, 58, 55, 57, 32, 62, 4, 47, 0, 36, 6, 12, 48, 46, 27, 14, 5, 26, 54, 33, 25, 22, 24, 3, 17, 63, 20, 15, 11, 41, 49, 38, 45, 23, 44, 13, 59, 35, 28, 39, 31, 52, 9, 60, 30, 50, 10, 7, 29, 21, 1, 40, 43, 61, 56
48, 11, 18, 20, 3, 47, 37, 7, 36, 28, 39, 35, 10, 17, 43, 32, 62, 23, 41, 56, 4, 8, 40, 26, 13, 57, 29, 12, 63, 19, 21, 5, 34, 22, 30, 51, 49, 6, 15, 59, 0, 31, 2, 60, 24, 52, 50, 53, 25, 1, 14, 27, 58, 45, 46, 44, 54, 61, 42, 33, 55, 9, 38, 16
Pocket:
39, 33, 52, 47, 6, 28, 31, 38, 10, 56, 32, 22, 1, 59, 50, 3, 55, 17, 37, 4, 48, 44, 16, 26, 11, 19, 40, 27, 23, 12, 54, 18, 41, 24, 9, 7, 0, 43, 8, 60, 20, 36, 15, 25, 21, 35, 53, 46, 13, 49, 42, 30, 51, 34, 57, 14, 61, 2, 58, 62, 45, 5, 63, 29
15, 3, 20, 44, 12, 10, 14, 7, 23, 43, 17, 48, 62, 51, 37, 16, 30, 39, 22, 55, 0, 9, 32, 36, 54, 8, 47, 27, 25, 6, 18, 41, 59, 26, 38, 31, 53, 35, 29, 52, 58, 34, 60, 57, 4, 50, 46, 24, 1, 63, 49, 28, 19, 61, 40, 13, 45, 33, 11, 5, 21, 42, 56, 2
6, 30, 1, 28, 0, 11, 50, 5, 23, 19, 62, 13, 38, 57, 45, 10, 33, 44, 43, 25, 21, 4, 35, 46, 8, 14, 26, 40, 31, 37, 54, 2, 18, 61, 59, 7, 56, 9, 27, 34, 41, 60, 3, 12, 20, 36, 63, 47, 32, 42, 22, 17, 29, 16, 52, 51, 39, 15, 49, 53, 24, 58, 55, 48
16, 52, 51, 27, 22, 23, 36, 47, 3, 13, 20, 50, 61, 37, 21, 28, 7, 38, 59, 31, 48, 1, 49, 46, 35, 15, 44, 43, 25, 5, 10, 2, 9, 11, 57, 40, 30, 32, 58, 53, 54, 6, 24, 45, 34, 63, 18, 39, 62, 33, 26, 4, 19, 55, 60, 17, 56, 12, 29, 41, 42, 14, 8, 0
49, 41, 11, 53, 60, 32, 5, 52, 28, 8, 15, 3, 25, 47, 23, 51, 4, 24, 31, 36, 58, 33, 46, 16, 30, 39, 57, 17, 56, 1, 61, 45, 19, 22, 29, 42, 62, 54, 59, 9, 0, 37, 63, 7, 55, 10, 13, 43, 12, 26, 6, 35, 27, 40, 20, 21, 2, 50, 34, 48, 38, 44, 18, 14
35, 52, 51, 58, 31, 2, 20, 38, 36, 44, 53, 16, 24, 49, 63, 21, 1, 5, 27, 0, 9, 62, 30, 32, 25, 26, 29, 61, 15, 6, 40, 14, 3, 17, 28, 43, 42, 56, 23, 39, 45, 41, 18, 60, 46, 19, 4, 48, 11, 55, 54, 12, 57, 59, 47, 34, 22, 50, 10, 7, 37, 33, 8, 13
52, 31, 32, 63, 41, 13, 56, 55, 4, 7, 6, 48, 54, 17, 20, 9, 43, 50, 22, 14, 40, 37, 58, 53, 33, 46, 19, 30, 24, 26, 11, 38, 45, 23, 35, 60, 15, 61, 16, 10, 8, 59, 47, 36, 2, 1, 39, 34, 42, 44, 27, 3, 57, 51, 5, 0, 29, 62, 49, 18, 28, 25, 12, 21
34, 17, 47, 1, 35, 53, 14, 21, 38, 48, 8, 12, 59, 5, 58, 4, 23, 44, 18, 57, 51, 49, 43, 28, 54, 40, 26, 55, 52, 31, 30, 61, 60, 7, 62, 2, 37, 20, 15, 9, 50, 10, 13, 11, 22, 16, 24, 3, 32, 33, 63, 41, 36, 19, 29, 39, 46, 27, 6, 0, 25, 45, 56, 42
7, 44, 59, 10, 11, 25, 30, 61, 0, 28, 38, 19, 40, 18, 13, 45, 34, 60, 42, 39, 29, 57, 37, 6, 20, 14, 43, 49, 17, 5, 8, 53, 62, 21, 1, 41, 54, 26, 46, 63, 22, 36, 47, 58, 12, 15, 55, 32, 23, 51, 4, 48, 35, 31, 16, 24, 52, 56, 2, 27, 33, 50, 3, 9
7, 33, 17, 49, 50, 56, 29, 63, 61, 45, 42, 60, 46, 22, 11, 14, 47, 4, 16, 20, 21, 54, 10, 9, 12, 13, 48, 24, 5, 26, 2, 15, 1, 38, 40, 44, 30, 55, 25, 53, 51, 18, 6, 37, 39, 3, 23, 27, 62, 31, 59, 57, 41, 36, 28, 52, 0, 34, 35, 19, 43, 58, 32, 8
Pocket:
6, 29, 26, 54, 41, 11, 32, 22, 10, 13, 37, 43, 33, 9, 14, 0, 30, 52, 25, 53, 17, 35, 24, 62, 4, 8, 40, 2, 46, 12, 56, 27, 19, 38, 49, 44, 23, 42, 28, 51, 15, 20, 1, 18, 16, 21, 47, 45, 5, 48, 57, 7, 3, 60, 36, 34, 39, 63, 61, 50, 58, 59, 31, 55
16, 63, 28, 6, 49, 59, 17, 26, 11, 34, 15, 3, 38, 46, 10, 60, 24, 19, 8, 57, 43, 48, 5, 53, 0, 14, 18, 20, 45, 47, 41, 2, 31, 27, 13, 25, 54, 36, 12, 40, 30, 22, 35, 51, 23, 9, 4, 21, 50, 42, 62, 33, 61, 52, 39, 44, 37, 1, 29, 55, 56, 58, 32, 7
15, 5, 0, 50, 37, 7, 23, 25, 40, 10, 4, 63, 19, 6, 42, 58, 39, 49, 9, 34, 20, 18, 1, 12, 47, 62, 48, 57, 55, 45, 36, 33, 38, 14, 21, 56, 53, 17, 8, 46, 16, 30, 35, 13, 2, 29, 26, 28, 3, 41, 24, 60, 22, 54, 11, 52, 27, 44, 51, 32, 61, 43, 31, 59
40, 5, 8, 16, 3, 19, 38, 10, 33, 4, 18, 62, 63, 54, 57, 30, 44, 31, 12, 13, 58, 42, 34, 25, 39, 60, 50, 36, 45, 32, 0, 47, 59, 22, 15, 28, 61, 11, 21, 41, 2, 1, 9, 46, 43, 6, 29, 51, 35, 55, 23, 53, 27, 17, 26, 48, 14, 7, 20, 37, 56, 52, 49, 24
18, 15, 2, 20, 54, 63, 40, 56, 28, 34, 61, 22, 60, 32, 48, 12, 30, 17, 37, 7, 19, 11, 4, 38, 3, 16, 0, 44, 52, 8, 29, 42, 53, 50, 1, 55, 13, 23, 10, 25, 26, 31, 47, 62, 6, 27, 14, 33, 46, 58, 36, 9, 21, 45, 57, 24, 43, 49, 39, 41, 51, 5, 35, 59
45, 54, 47, 6, 40, 27, 5, 61, 23, 12, 53, 35, 24, 16, 15, 48, 49, 13, 20, 37, 22, 42, 28, 18, 2, 50, 57, 39, 25, 30, 9, 14, 29, 51, 55, 63, 62, 17, 44, 8, 38, 52, 26, 3, 58, 33, 43, 19, 10, 36, 32, 56, 7, 1, 4, 59, 0, 21, 41, 60, 46, 31, 11, 34
25, 51, 47, 28, 44, 30, 0, 52, 38, 42, 6, 29, 20, 37, 11, 2, 22, 10, 60, 13, 49, 1, 7, 32, 8, 19, 59, 39, 9, 21, 5, 43, 12, 26, 27, 15, 3, 16, 31, 23, 58, 62, 40, 46, 18, 4, 35, 56, 36, 34, 48, 61, 45, 63, 41, 14, 55, 24, 50, 17, 57, 33, 54, 53
45, 43, 10, 30, 6, 0, 56, 8, 31, 62, 16, 28, 52, 58, 47, 35, 17, 29, 20, 54, 34, 57, 1, 49, 46, 5, 24, 21, 9, 18, 63, 36, 42, 4, 59, 41, 44, 19, 26, 11, 51, 55, 2, 25, 50, 40, 32, 39, 37, 12, 53, 23, 7, 22, 38, 48, 27, 13, 60, 3, 61, 14, 33, 15
1, 4, 44, 36, 26, 20, 35, 50, 37, 22, 61, 6, 48, 2, 28, 25, 32, 29, 31, 62, 19, 46, 54, 9, 5, 14, 8, 30, 58, 40, 41, 13, 7, 21, 18, 55, 60, 56, 17, 52, 16, 43, 49, 42, 3, 47, 34, 38, 12, 10, 39, 27, 53, 15, 11, 0, 33, 23, 45, 57, 63, 24, 51, 59
3, 63, 14, 40, 15, 42, 26, 32, 57, 9, 10, 12, 6, 54, 1, 5, 37, 7, 36, 27, 45, 29, 53, 11, 16, 22, 44, 24, 35, 30, 51, 17, 34, 2, 23, 52, 19, 0, 18, 25, 47, 46, 28, 61, 38, 31, 56, 8, 55, 13, 48, 59, 43, 49, 50, 20, 4, 39, 58, 60, 62, 33, 41, 21
Pocket:
18, 62, 43, 28, 5, 57, 1, 54, 19, 40, 7, 44, 36, 38, 47, 8, 21, 4, 6, 49, 35, 39, 11, 55, 60, 3, 61, 31, 16, 41, 0, 17, 34, 56, 59, 52, 13, 9, 12, 25, 63, 50, 33, 14, 30, 27, 26, 46, 15, 45, 24, 20, 42, 23, 32, 29, 22, 48, 51, 58, 37, 2, 10, 53
20, 5, 59, 9, 6, 55, 45, 14, 16, 17, 15, 18, 41, 58, 26, 50, 28, 0, 53, 8, 36, 51, 33, 46, 10, 30, 49, 31, 60, 56, 44, 39, 3, 27, 7, 48, 61, 2, 23, 47, 35, 1, 21, 37, 62, 42, 40, 52, 29, 13, 12, 54, 57, 32, 38, 34, 43, 4, 19, 22, 24, 25, 63, 11
59, 18, 55, 53, 51, 33, 49, 41, 52, 62, 43, 31, 45, 48, 5, 24, 0, 20, 60, 11, 21, 39, 50, 12, 36, 16, 58, 17, 28, 37, 10, 46, 22, 61, 35, 19, 44, 29, 13, 4, 56, 40, 1, 15, 9, 42, 63, 32, 3, 38, 27, 54, 26, 57, 30, 6, 23, 14, 2, 47, 25, 34, 8, 7
38, 46, 37, 26, 56, 58, 10, 45, 4, 7, 51, 55, 25, 19, 41, 35, 16, 39, 3, 13, 60, 28, 57, 30, 24, 34, 9, 53, 40, 48, 14, 17, 61, 12, 15, 63, 31, 62, 8, 54, 20, 5, 59, 36, 47, 52, 2, 22, 44, 6, 21, 43, 27, 11, 32, 42, 33, 23, 29, 49, 1, 50, 0, 18
15, 3, 26, 40, 58, 32, 62, 14, 53, 54, 59, 27, 34, 57, 19, 44, 28, 22, 0, 29, 35, 5, 37, 13, 11, 51, 47, 18, 2, 6, 39, 61, 8, 48, 9, 52, 49, 10, 7, 33, 30, 24, 43, 23, 16, 45, 36, 63, 17, 20, 38, 1, 21, 31, 25, 41, 50, 56, 42, 4, 46, 55, 60, 12
31, 15, 13, 51, 59, 30, 8, 40, 37, 50, 36, 7, 52, 0, 32, 61, 9, 25, 29, 46, 16, 38, 18, 20, 54, 57, 21, 28, 42, 58, 48, 44, 23, 35, 1, 11, 2, 39, 49, 45, 62, 47, 33, 10, 53, 4, 63, 17, 24, 12, 41, 27, 43, 60, 56, 26, 34, 22, 19, 3, 6, 14, 55, 5
56, 3, 39, 41, 12, 38, 42, 28, 47, 59, 49, 35, 27, 30, 52, 24, 19, 58, 57, 36, 13, 6, 50, 33, 23, 10, 1, 55, 46, 5, 2, 22, 7, 45, 31, 26, 29, 63, 40, 17, 14, 32, 8, 16, 9, 53, 43, 48, 0, 37, 61, 21, 34, 60, 11, 4, 18, 62, 54, 44, 51, 25, 15, 20
48, 3, 15, 43, 36, 9, 61, 2, 50, 40, 62, 44, 53, 29, 51, 17, 27, 28, 55, 12, 45, 58, 57, 46, 20, 34, 30, 7, 4, 21, 25, 10, 0, 52, 18, 11, 41, 16, 6, 32, 56, 31, 26, 13, 47, 24, 39, 33, 37, 23, 63, 42, 49, 14, 8, 19, 22, 35, 38, 1, 59, 5, 54, 60
24, 30, 4, 49, 58, 26, 27, 44, 17, 25, 19, 28, 10, 53, 42, 23, 34, 7, 9, 12, 32, 6, 18, 21, 33, 41, 35, 22, 20, 55, 54, 5, 47, 13, 8, 62, 46, 14, 52, 0, 50, 3, 57, 59, 2, 43, 39, 60, 31, 63, 40, 61, 51, 15, 16, 48, 38, 37, 11, 45, 36, 1, 29, 56
21, 41, 60, 10, 45, 59, 17, 2, 6, 44, 51, 13, 19, 20, 37, 47, 56, 50, 31, 7, 8, 4, 39, 15, 1, 42, 18, 26, 22, 25, 58, 43, 38, 49, 55, 33, 30, 32, 48, 52, 5, 29, 46, 35, 24, 62, 40, 27, 23, 61, 53, 0, 57, 34, 9, 63, 54, 11, 28, 3, 36, 16, 12, 14
Pocket:
36, 62, 47, 63, 4, 50, 15, 39, 55, 21, 56, 23, 46, 3, 13, 19, 41, 42, 2, 60, 25, 57, 29, 6, 53, 0, 1, 11, 24, 17, 45, 49, 33, 61, 48, 10, 38, 5, 27, 34, 54, 35, 12, 26, 16, 59, 7, 43, 37, 31, 32, 30, 22, 51, 18, 14, 40, 9, 44, 20, 58, 52, 28, 8
1, 53, 2, 37, 40, 12, 60, 13, 63, 38, 17, 6, 32, 19, 26, 15, 0, 39, 7, 44, 11, 8, 18, 62, 16, 61, 52, 58, 36, 56, 10, 20, 33, 4, 50, 46, 41, 30, 24, 9, 23, 5, 49, 47, 29, 28, 34, 55, 43, 59, 57, 31, 45, 42, 27, 35, 22, 21, 54, 14, 48, 3, 51, 25
63, 36, 19, 34, 41, 52, 39, 13, 12, 54, 14, 43, 24, 25, 45, 38, 28, 46, 30, 32, 29, 15, 50, 8, 40, 0, 22, 3, 27, 35, 16, 1, 11, 2, 17, 6, 51, 49, 62, 26, 5, 47, 23, 53, 9, 57, 48, 7, 58, 59, 21, 55, 33, 56, 61, 20, 4, 31, 42, 18, 10, 60, 44, 37
23, 28, 59, 22, 47, 46, 9, 56, 33, 58, 30, 48, 52, 63, 32, 13, 0, 8, 19, 61, 49, 40, 14, 5, 7, 57, 4, 17, 24, 18, 25, 53, 43, 26, 34, 6, 50, 16, 38, 27, 55, 45, 51, 41, 21, 12, 62, 37, 29, 10, 35, 54, 1, 2, 44, 15, 36, 3, 42, 39, 31, 11, 20, 60
4, 50, 7, 22, 44, 2, 29, 58, 32, 0, 42, 5, 25, 62, 6, 14, 21, 3, 10, 24, 49, 63, 48, 20, 40, 59, 26, 35, 33, 30, 16, 53, 47, 36, 41, 45, 61, 46, 19, 56, 37, 60, 27, 8, 43, 57, 34, 52, 38, 12, 51, 28, 1, 54, 31, 23, 11, 39, 13, 15, 17, 55, 18, 9
60, 51, 16, 41, 10, 55, 44, 63, 19, 52, 15, 26, 23, 29, 8, 37, 40, 43, 42, 7, 28, 25, 17, 36, 34, 56, 39, 31, 38, 59, 57, 5, 53, 32, 4, 48, 22, 18, 1, 47, 21, 9, 20, 27, 11, 3, 62, 33, 24, 0, 30, 46, 6, 49, 50, 45, 13, 35, 54, 61, 58, 14, 2, 12
26, 3, 58, 10, 37, 23, 41, 11, 60, 18, 17, 30, 0, 31, 55, 29, 57, 35, 16, 22, 39, 50, 53, 28, 40, 27, 14, 46, 21, 49, 52, 34, 54, 19, 44, 63, 12, 43, 62, 61, 20, 4, 8, 38, 1, 2, 7, 48, 56, 13, 24, 47, 36, 25, 33, 5, 59, 51, 6, 9, 45, 32, 15, 42
1, 31, 46, 17, 43, 45, 57, 50, 34, 36, 2, 13, 5, 24, 22, 4, 55, 6, 52, 10, 28, 16, 7, 27, 56, 29, 54, 47, 44, 63, 32, 37, 61, 38, 11, 58, 19, 33, 40, 3, 25, 20, 15, 35, 12, 53, 59, 0, 49, 42, 14, 39, 41, 18, 51, 48, 26, 23, 9, 30, 62, 8, 60, 21
43, 44, 45, 47, 38, 28, 42, 52, 19, 11, 16, 53, 56, 25, 46, 22, 37, 0, 54, 2, 51, 18, 8, 41, 30, 31, 14, 49, 27, 29, 4, 50, 59, 63, 40, 10, 13, 57, 3, 39, 60, 48, 5, 7, 17, 24, 23, 61, 26, 12, 36, 58, 34, 20, 32, 1, 62, 21, 55, 33, 9, 15, 6, 35
25, 45, 9, 57, 62, 20, 1, 26, 8, 42, 5, 32, 17, 30, 53, 10, 19, 29, 31, 16, 28, 0, 52, 50, 60, 51, 55, 40, 12, 63, 34, 13, 3, 37, 49, 24, 41, 21, 38, 6, 15, 56, 47, 43, 35, 48, 18, 2, 61, 14, 23, 7, 54, 58, 39, 11, 46, 27, 59, 4, 33, 44, 36, 22
Pocket:
7, 4, 17, 22, 56, 3, 48, 37, 28, 57, 60, 10, 26, 52, 36, 42, 35, 49, 39, 54, 31, 63, 21, 41, 40, 2, 53, 20, 61, 23, 44, 18, 5, 34, 9, 6, 14, 38, 62, 50, 8, 15, 1, 55, 59, 16, 32, 45, 11, 51, 58, 24, 12, 29, 19, 0, 47, 30, 25, 33, 13, 27, 43, 46
0, 46, 36, 52, 10, 58, 25, 60, 8, 18, 40, 5, 49, 42, 26, 23, 3, 11, 54, 16, 47, 43, 22, 6, 13, 56, 28, 50, 17, 19, 59, 34, 20, 9, 37, 7, 62, 15, 39, 27, 57, 14, 38, 24, 35, 21, 2, 51, 32, 48, 4, 41, 63, 33, 53, 12, 44, 1, 31, 45, 29, 30, 61, 55
34, 40, 35, 16, 8, 23, 54, 33, 14, 3, 36, 20, 29, 59, 17, 38, 58, 31, 30, 55, 44, 45, 56, 50, 60, 12, 26, 11, 28, 27, 15, 0, 42, 32, 41, 21, 63, 10, 22, 48, 39, 53, 49, 7, 18, 6, 61, 43, 9, 37, 52, 19, 51, 4, 1, 46, 62, 2, 24, 5, 13, 25, 57, 47
46, 29, 61, 59, 47, 5, 22, 55, 8, 30, 1, 23, 57, 11, 50, 62, 4, 39, 17, 43, 13, 12, 0, 53, 41, 18, 34, 10, 35, 15, 42, 28, 2, 25, 56, 26, 14, 54, 9, 24, 63, 33, 40, 58, 51, 32, 36, 38, 27, 19, 49, 45, 37, 20, 44, 6, 7, 48, 16, 60, 21, 52, 31, 3
38, 28, 51, 24, 57, 43, 49, 3, 16, 46, 19, 45, 25, 61, 29, 40, 48, 50, 35, 5, 36, 58, 14, 9, 32, 31, 12, 42, 62, 23, 30, 10, 63, 41, 18, 60, 7, 0, 37, 53, 59, 22, 20, 13, 52, 8, 26, 55, 15, 21, 47, 17, 56, 11, 54, 2, 6, 1, 44, 27, 39, 33, 4, 34
12, 60, 34, 16, 57, 53, 48, 19, 52, 17, 6, 29, 30, 35, 54, 37, 32, 31, 39, 61, 58, 55, 25, 45, 40, 26, 63, 38, 13, 33, 9, 14, 21, 27, 0, 24, 41, 2, 62, 42, 18, 43, 5, 15, 7, 50, 44, 1, 11, 51, 8, 59, 49, 4, 23, 47, 3, 46, 36, 28, 10, 20, 56, 22
41, 50, 27, 37, 51, 56, 54, 53, 55, 49, 33, 4, 29, 17, 19, 15, 13, 22, 14, 42, 46, 2, 47, 18, 43, 6, 9, 20, 7, 39, 28, 52, 0, 36, 35, 60, 63, 61, 34, 58, 11, 12, 32, 24, 40, 16, 10, 45, 62, 1, 26, 3, 59, 30, 23, 21, 8, 48, 44, 38, 31, 5, 25, 57
35, 22, 18, 27, 62, 5, 39, 3, 1, 12, 31, 34, 45, 57, 53, 55, 58, 40, 61, 51, 6, 25, 15, 24, 33, 56, 29, 30, 21, 59, 17, 32, 41, 49, 7, 26, 14, 46, 20, 11, 54, 50, 52, 38, 16, 43, 19, 8, 10, 0, 48, 4, 2, 47, 60, 63, 36, 42, 9, 44, 37, 13, 23, 28
19, 57, 46, 63, 17, 21, 54, 2, 62, 60, 58, 41, 26, 3, 20, 59, 42, 40, 48, 47, 13, 7, 32, 23, 34, 28, 38, 18, 44, 15, 25, 51, 39, 14, 22, 33, 30, 50, 52, 9, 49, 1, 43, 24, 5, 37, 11, 4, 55, 31, 0, 27, 35, 56, 53, 6, 61, 10, 29, 16, 45, 8, 36, 12
42, 1, 38, 63, 10, 47, 48, 37, 8, 29, 61, 56, 53, 41, 27, 49, 55, 31, 16, 4, 15, 58, 50, 24, 23, 13, 34, 62, 60, 57, 9, 39, 7, 46, 30, 5, 40, 21, 36, 54, 44, 43, 33, 3, 12, 19, 22, 25, 14, 18, 59, 52, 26, 0, 32, 28, 6, 51, 35, 11, 17, 20, 2, 45
Pocket:
47, 3, 32, 27, 4, 28, 18, 56, 46, 44, 57, 45, 9, 37, 41, 10, 13, 11, 26, 30, 53, 48, 29, 5, 34, 63, 60, 15, 52, 2, 49, 19, 21, 50, 55, 20, 42, 22, 23, 7, 8, 33, 40, 0, 24, 1, 59, 38, 62, 51, 35, 54, 6, 43, 12, 16, 14, 58, 25, 31, 17, 39, 61, 36
13, 43, 4, 60, 6, 2, 39, 7, 22, 31, 3, 11, 26, 41, 1, 23, 20, 42, 34, 17, 47, 35, 12, 27, 36, 49, 10, 5, 61, 0, 50, 8, 38, 53, 57, 51, 40, 28, 45, 21, 25, 46, 58, 14, 24, 54, 55, 52, 33, 9, 18, 29, 56, 32, 59, 15, 62, 19, 44, 16, 30, 37, 48, 63
16, 37, 58, 44, 60, 3, 59, 52, 50, 23, 11, 49, 27, 7, 53, 1, 25, 26, 22, 13, 8, 21, 46, 20, 28, 2, 18, 55, 10, 35, 32, 51, 5, 41, 6, 40, 56, 30, 42, 62, 38, 48, 4, 47, 34, 61, 43, 17, 24, 29, 31, 54, 39, 33, 9, 57, 12, 19, 36, 45, 14, 15, 0, 63
29, 37, 47, 4, 7, 54, 26, 14, 6, 0, 8, 46, 56, 11, 13, 59, 19, 35, 16, 51, 12, 50, 40, 36, 1, 32, 30, 22, 20, 38, 2, 23, 62, 49, 33, 41, 53, 45, 24, 63, 27, 42, 58, 43, 28, 31, 57, 61, 55, 39, 34, 60, 44, 25, 5, 9, 15, 10, 17, 52, 21, 3, 18, 48
6, 4, 62, 56, 30, 43, 21, 24, 40, 33, 25, 35, 58, 48, 63, 59, 37, 32, 12, 27, 53, 23, 51, 29, 46, 39, 45, 17, 7, 2, 28, 11, 0, 14, 52, 50, 60, 34, 1, 54, 16, 10, 22, 26, 57, 41, 20, 13, 8, 61, 44, 5, 36, 42, 9, 55, 49, 3, 19, 18, 38, 47, 15, 31
27, 58, 62, 33, 45, 41, 51, 54, 53, 56, 14, 17, 57, 39, 21, 28, 26, 4, 59, 16, 2, 1, 19, 0, 23, 47, 25, 40, 36, 50, 34, 55, 43, 38, 10, 13, 60, 49, 31, 42, 11, 5, 22, 6, 52, 24, 20, 3, 30, 18, 48, 44, 46, 15, 63, 7, 12, 29, 8, 35, 9, 37, 32, 61
20, 55, 58, 62, 11, 57, 37, 27, 13, 3, 52, 30, 33, 50, 25, 17, 7, 23, 31, 1, 22, 54, 41, 15, 2, 0, 26, 40, 45, 48, 43, 16, 24, 46, 8, 6, 42, 12, 32, 59, 44, 49, 5, 34, 9, 53, 35, 47, 39, 56, 14, 19, 36, 18, 28, 29, 21, 38, 61, 60, 10, 4, 63, 51
4, 39, 5, 10, 40, 2, 27, 19, 57, 45, 16, 56, 0, 15, 51, 23, 55, 14, 31, 53, 21, 54, 25, 42, 34, 13, 41, 11, 6, 30, 52, 46, 12, 49, 24, 32, 58, 17, 60, 62, 8, 36, 38, 44, 61, 28, 33, 7, 48, 35, 50, 26, 20, 47, 59, 18, 63, 3, 1, 29, 37, 9, 43, 22
44, 33, 23, 35, 46, 4, 55, 9, 40, 17, 36, 62, 50, 63, 12, 8, 13, 26, 37, 20, 61, 45, 58, 19, 6, 11, 54, 57, 24, 5, 25, 0, 47, 39, 38, 14, 10, 22, 51, 60, 28, 15, 31, 56, 21, 16, 42, 43, 49, 53, 29, 30, 32, 18, 27, 59, 34, 2, 41, 3, 1, 52, 7, 48
9, 60, 38, 3, 46, 48, 29, 22, 17, 0, 11, 5, 32, 20, 50, 12, 23, 54, 41, 59, 15, 18, 24, 43, 26, 30, 7, 53, 33, 16, 47, 35, 28, 51, 27, 34, 6, 14, 42, 8, 10, 21, 63, 57, 55, 52, 49, 44, 1, 13, 31, 39, 2, 45, 61, 25, 37, 58, 19, 56, 36, 62, 4, 40
