Pocket:
1, 24, 17, 23, 25, 3, 10, 4, 7, 9, 6, 22, 5, 15, 16, 18, 28, 20, 2, 13, 8, 12, 26, 11, 14, 29, 27, 21, 19, 0
28, 22, 29, 4, 24, 0, 19, 11, 5, 27, 18, 12, 2, 17, 13, 21, 7, 8, 20, 23, 6, 9, 25, 16, 15, 14, 26, 1, 10, 3
0, 27, 25, 8, 3, 15, 1, 7, 26, 6, 11, 29, 10, 12, 19, 4, 23, 18, 9, 17, 14, 20, 28, 13, 21, 5, 16, 24, 2, 22
17, 23, 7, 14, 15, 9, 1, 6, 24, 21, 12, 19, 16, 22, 0, 4, 3, 5, 26, 20, 8, 10, 28, 27, 18, 13, 2, 25, 29, 11
12, 24, 14, 23, 0, 1, 20, 10, 17, 15, 25, 19, 9, 27, 22, 21, 3, 26, 7, 4, 8, 6, 13, 28, 16, 2, 18, 29, 11, 5
4, 25, 23, 5, 3, 27, 10, 7, 15, 9, 0, 17, 21, 22, 19, 16, 20, 26, 14, 24, 28, 8, 6, 13, 29, 1, 12, 11, 2, 18
25, 8, 13, 1, 28, 21, 23, 20, 4, 15, 9, 0, 14, 11, 12, 22, 17, 29, 5, 6, 10, 24, 27, 3, 19, 16, 26, 18, 7, 2
18, 10, 20, 13, 11, 8, 22, 25, 7, 15, 24, 17, 12, 6, 27, 29, 23, 2, 19, 1, 28, 3, 16, 4, 0, 9, 26, 5, 14, 21
29, 13, 21, 7, 8, 3, 23, 25, 17, 11, 10, 5, 24, 20, 19, 16, 28, 18, 4, 26, 12, 22, 6, 9, 2, 27, 14, 0, 15, 1
1, 26, 6, 23, 29, 10, 0, 18, 11, 17, 27, 25, 3, 19, 28, 7, 12, 8, 21, 5, 14, 9, 2, 15, 13, 16, 20, 4, 24, 22
Pocket:
14, 4, 19, 3, 5, 0, 22, 27, 10, 9, 6, 1, 28, 15, 12, 25, 8, 21, 23, 18, 24, 2, 11, 26, 20, 16, 7, 29, 17, 13
18, 24, 0, 2, 19, 29, 13, 21, 5, 12, 28, 17, 22, 8, 27, 15, 20, 4, 25, 23, 7, 11, 9, 6, 1, 16, 26, 3, 10, 14
16, 6, 0, 11, 20, 24, 26, 27, 2, 9, 25, 10, 29, 5, 17, 3, 1, 15, 23, 22, 4, 28, 12, 7, 18, 21, 19, 13, 14, 8
12, 1, 25, 6, 15, 16, 4, 0, 24, 8, 14, 9, 28, 7, 3, 10, 13, 2, 19, 23, 11, 26, 22, 5, 18, 21, 29, 17, 20, 27
17, 21, 23, 14, 19, 28, 24, 6, 26, 29, 16, 10, 8, 12, 1, 9, 5, 11, 13, 2, 4, 7, 20, 3, 18, 22, 25, 15, 27, 0
21, 26, 20, 1, 3, 19, 16, 13, 2, 10, 9, 4, 23, 27, 24, 29, 8, 18, 15, 12, 14, 5, 17, 6, 7, 11, 22, 0, 25, 28
23, 11, 21, 2, 20, 14, 17, 6, 3, 9, 1, 13, 28, 25, 18, 5, 7, 27, 26, 4, 22, 0, 29, 16, 19, 10, 15, 24, 12, 8
16, 5, 3, 10, 24, 4, 9, 25, 2, 0, 19, 26, 7, 17, 15, 14, 18, 27, 23, 1, 29, 22, 11, 21, 8, 12, 28, 20, 13, 6
18, 23, 5, 0, 1, 8, 19, 22, 3, 27, 2, 26, 7, 28, 11, 29, 12, 4, 13, 14, 9, 15, 6, 21, 24, 20, 17, 10, 25, 16
16, 9, 6, 0, 28, 14, 22, 11, 2, 15, 25, 23, 10, 5, 12, 29, 4, 7, 3, 18, 26, 24, 1, 13, 27, 8, 19, 20, 17, 21
Pocket:
17, 20, 4, 7, 22, 27, 16, 25, 10, 18, 12, 5, 8, 1, 0, 15, 14, 23, 24, 2, 9, 3, 28, 11, 29, 6, 21, 13, 26, 19
23, 4, 18, 3, 16, 5, 1, 10, 11, 17, 26, 20, 28, 25, 24, 7, 21, 2, 9, 29, 14, 6, 12, 15, 19, 0, 13, 8, 22, 27
22, 11, 3, 16, 27, 1, 4, 18, 6, 28, 0, 7, 19, 26, 14, 10, 8, 9, 13, 12, 20, 5, 25, 21, 2, 24, 29, 23, 15, 17
5, 29, 27, 10, 25, 0, 28, 8, 21, 11, 14, 2, 23, 3, 19, 4, 17, 9, 6, 7, 26, 24, 22, 18, 16, 20, 13, 15, 1, 12
15, 6, 3, 25, 29, 12, 21, 16, 24, 27, 10, 7, 1, 0, 23, 13, 17, 18, 8, 14, 22, 9, 20, 11, 5, 19, 2, 28, 26, 4
11, 22, 16, 20, 24, 29, 19, 17, 13, 3, 7, 27, 18, 14, 23, 5, 1, 15, 2, 8, 0, 9, 12, 26, 10, 4, 21, 25, 6, 28
6, 11, 27, 5, 20, 29, 2, 8, 12, 15, 23, 21, 24, 19, 25, 4, 10, 9, 7, 13, 16, 22, 26, 28, 14, 3, 18, 0, 17, 1
20, 1, 21, 15, 24, 5, 29, 27, 26, 0, 13, 8, 17, 19, 6, 25, 14, 12, 2, 9, 10, 3, 7, 11, 4, 18, 23, 16, 28, 22
29, 4, 15, 8, 17, 14, 7, 12, 19, 0, 27, 3, 13, 23, 25, 6, 24, 20, 21, 11, 16, 22, 18, 10, 9, 28, 2, 5, 26, 1
11, 29, 4, 19, 23, 3, 17, 18, 20, 5, 1, 7, 12, 22, 27, 10, 24, 15, 21, 26, 16, 2, 0, 13, 9, 28, 6, 25, 14, 8
Pocket:
1, 19, 5, 24, 4, 21, 9, 22, 28, 11, 16, 7, 14, 0, 18, 15, 3, 12, 2, 29, 13, 25, 27, 23, 26, 8, 10, 20, 6, 17
19, 27, 22, 8, 17, 1, 4, 6, 23, 12, 0, 9, 11, 10, 18, 29, 21, 20, 3, 25, 13, 14, 7, 5, 15, 2, 28, 16, 26, 24
25, 7, 1, 13, 10, 28, 17, 9, 8, 18, 12, 14, 11, 26, 23, 19, 16, 4, 29, 21, 22, 20, 24, 27, 15, 6, 2, 5, 3, 0
2, 9, 6, 3, 4, 16, 8, 19, 17, 28, 13, 11, 10, 25, 15, 20, 27, 21, 14, 0, 1, 12, 26, 23, 18, 29, 7, 5, 22, 24
12, 3, 25, 17, 26, 20, 21, 6, 0, 24, 1, 9, 19, 13, 2, 29, 16, 28, 10, 8, 5, 4, 11, 7, 27, 22, 23, 14, 18, 15
29, 9, 27, 25, 10, 26, 11, 23, 15, 24, 17, 0, 13, 1, 18, 2, 22, 21, 8, 5, 12, 19, 16, 3, 14, 28, 20, 7, 6, 4
24, 18, 9, 16, 27, 0, 26, 1, 21, 29, 7, 2, 15, 3, 20, 17, 5, 23, 22, 6, 13, 8, 25, 4, 12, 28, 19, 11, 10, 14
28, 26, 13, 5, 25, 23, 12, 3, 10, 18, 29, 21, 17, 9, 7, 22, 20, 27, 1, 15, 4, 8, 2, 11, 19, 14, 6, 24, 0, 16
0, 22, 11, 21, 8, 4, 26, 7, 27, 13, 14, 17, 15, 28, 5, 1, 25, 24, 16, 3, 29, 20, 23, 10, 2, 9, 19, 18, 12, 6
24, 14, 10, 5, 1, 17, 0, 19, 28, 22, 6, 4, 26, 7, 16, 9, 27, 23, 13, 12, 29, 8, 18, 25, 15, 3, 21, 2, 20, 11
Pocket:
26, 0, 21, 2, 8, 15, 29, 5, 28, 4, 23, 24, 27, 19, 11, 3, 16, 13, 6, 25, 20, 12, 1, 22, 14, 7, 17, 10, 9, 18
28, 23, 25, 20, 1, 3, 7, 18, 11, 2, 5, 12, 0, 26, 17, 16, 19, 9, 8, 22, 24, 21, 13, 29, 6, 10, 27, 4, 14, 15
12, 20, 11, 19, 28, 13, 21, 23, 29, 16, 15, 5, 0, 27, 3, 22, 10, 17, 4, 2, 24, 9, 7, 14, 1, 8, 6, 26, 18, 25
28, 5, 8, 17, 11, 12, 24, 23, 18, 15, 0, 20, 19, 13, 29, 7, 10, 4, 14, 16, 26, 9, 3, 22, 2, 27, 6, 1, 25, 21
6, 23, 8, 24, 5, 13, 10, 18, 4, 11, 21, 19, 27, 1, 16, 17, 20, 25, 22, 15, 3, 12, 14, 26, 0, 28, 9, 29, 2, 7
28, 23, 1, 0, 9, 29, 16, 22, 25, 27, 4, 5, 6, 15, 13, 19, 3, 26, 11, 20, 7, 18, 24, 8, 12, 10, 2, 17, 14, 21
0, 11, 28, 12, 14, 15, 6, 7, 16, 9, 2, 29, 25, 17, 20, 10, 18, 19, 24, 26, 8, 3, 23, 27, 1, 22, 5, 21, 4, 13
12, 1, 19, 10, 29, 3, 23, 22, 21, 25, 7, 11, 16, 13, 28, 20, 17, 27, 8, 14, 6, 0, 4, 2, 18, 24, 9, 15, 26, 5
17, 4, 1, 5, 28, 19, 3, 7, 8, 21, 0, 29, 9, 14, 22, 16, 20, 12, 27, 6, 15, 18, 11, 10, 2, 13, 26, 25, 23, 24
24, 10, 1, 9, 23, 29, 5, 20, 7, 4, 11, 22, 2, 17, 18, 3, 12, 27, 26, 19, 15, 13, 0, 6, 8, 16, 14, 25, 28, 21
Pocket:
5, 28, 14, 23, 18, 2, 15, 17, 1, 27, 24, 12, 8, 4, 6, 16, 20, 10, 13, 21, 11, 0, 22, 19, 9, 7, 29, 25, 3, 26
14, 23, 17, 8, 29, 24, 9, 2, 3, 0, 10, 19, 16, 28, 25, 13, 21, 1, 20, 27, 4, 5, 22, 6, 15, 26, 11, 12, 18, 7
10, 15, 14, 26, 24, 3, 17, 21, 19, 16, 23, 20, 9, 1, 0, 2, 12, 25, 5, 13, 27, 18, 7, 6, 22, 29, 28, 8, 11, 4
22, 14, 28, 21, 10, 26, 24, 12, 1, 0, 11, 3, 6, 18, 7, 8, 19, 25, 9, 16, 23, 17, 29, 5, 15, 4, 2, 27, 13, 20
2, 16, 3, 11, 19, 12, 26, 24, 6, 22, 0, 17, 23, 28, 14, 13, 10, 7, 4, 25, 27, 21, 9, 8, 29, 20, 18, 1, 15, 5
27, 22, 14, 16, 12, 1, 7, 9, 20, 8, 24, 25, 17, 23, 5, 21, 19, 6, 3, 26, 29, 13, 11, 15, 2, 18, 28, 4, 0, 10
22, 0, 7, 21, 12, 15, 4, 20, 3, 9, 11, 6, 24, 26, 18, 25, 2, 8, 23, 28, 27, 29, 5, 17, 10, 14, 16, 13, 19, 1
5, 22, 2, 9, 8, 29, 1, 21, 25, 7, 24, 19, 3, 10, 0, 17, 18, 26, 6, 28, 15, 11, 23, 4, 16, 20, 13, 14, 27, 12
9, 7, 15, 2, 18, 16, 27, 19, 25, 23, 8, 24, 4, 5, 28, 21, 29, 1, 10, 12, 17, 11, 3, 6, 0, 26, 22, 14, 20, 13
14, 19, 11, 23, 17, 3, 26, 25, 2, 18, 5, 0, 10, 6, 27, 22, 24, 20, 4, 9, 13, 15, 16, 28, 8, 29, 7, 12, 1, 21
Pocket:
22, 27, 24, 9, 20, 23, 7, 11, 0, 15, 1, 17, 21, 14, 2, 28, 16, 6, 12, 19, 3, 8, 4, 13, 29, 26, 10, 25, 18, 5
17, 16, 12, 18, 29, 10, 1, 20, 19, 27, 25, 28, 2, 9, 5, 6, 7, 11, 0, 3, 24, 26, 14, 23, 4, 8, 21, 13, 15, 22
21, 20, 9, 13, 1, 25, 2, 5, 27, 14, 8, 10, 3, 16, 11, 24, 28, 29, 23, 15, 18, 7, 22, 12, 17, 0, 19, 6, 26, 4
22, 6, 2, 12, 14, 0, 18, 24, 28, 7, 9, 15, 3, 23, 27, 11, 16, 5, 20, 26, 29, 13, 4, 1, 10, 19, 25, 8, 21, 17
9, 7, 0, 2, 12, 13, 17, 27, 24, 8, 3, 23, 22, 21, 11, 14, 19, 15, 4, 5, 18, 28, 16, 6, 1, 26, 25, 29, 20, 10
23, 11, 14, 12, 15, 6, 4, 22, 8, 24, 3, 13, 7, 26, 1, 18, 27, 10, 5, 2, 25, 29, 9, 19, 17, 20, 0, 16, 21, 28
6, 19, 18, 15, 21, 22, 29, 3, 5, 1, 10, 25, 17, 13, 8, 11, 9, 28, 24, 16, 26, 27, 23, 14, 12, 7, 20, 2, 0, 4
19, 23, 7, 21, 16, 25, 15, 22, 10, 18, 6, 27, 12, 13, 4, 8, 5, 1, 29, 14, 9, 0, 11, 28, 3, 24, 26, 20, 2, 17
12, 20, 14, 0, 1, 9, 16, 24, 26, 19, 4, 2, 22, 21, 15, 27, 6, 11, 5, 28, 17, 7, 23, 29, 25, 8, 18, 13, 10, 3
7, 19, 1, 5, 23, 24, 0, 14, 16, 20, 11, 2, 8, 12, 4, 9, 27, 29, 25, 15, 22, 18, 6, 10, 3, 28, 17, 21, 13, 26
Pocket:
24, 29, 27, 16, 4, 1, 8, 20, 10, 11, 12, 2, 5, 28, 26, 23, 0, 21, 9, 15, 25, 14, 22, 6, 17, 13, 7, 18, 3, 19
13, 6, 16, 18, 8, 29, 24, 0, 23, 15, 19, 28, 17, 7, 27, 12, 14, 25, 20, 9, 26, 11, 22, 3, 5, 2, 4, 10, 1, 21
11, 4, 8, 15, 1, 25, 29, 27, 16, 26, 28, 7, 24, 0, 22, 14, 10, 18, 12, 19, 21, 5, 23, 3, 2, 17, 20, 9, 6, 13
11, 16, 9, 0, 14, 28, 17, 23, 20, 22, 18, 25, 21, 19, 13, 29, 24, 3, 27, 15, 26, 12, 7, 5, 2, 6, 1, 8, 4, 10
17, 10, 26, 2, 5, 9, 19, 11, 21, 25, 15, 13, 6, 28, 4, 1, 12, 22, 16, 14, 27, 3, 0, 8, 24, 23, 20, 7, 29, 18
5, 14, 0, 10, 22, 20, 11, 17, 28, 27, 29, 18, 15, 21, 12, 6, 3, 13, 25, 4, 8, 16, 7, 26, 9, 23, 24, 1, 19, 2
16, 27, 6, 13, 10, 19, 12, 8, 9, 14, 17, 22, 11, 2, 29, 26, 0, 4, 28, 7, 21, 15, 18, 24, 3, 23, 20, 25, 5, 1
27, 13, 21, 22, 28, 7, 15, 18, 24, 0, 6, 25, 8, 4, 23, 29, 1, 14, 2, 5, 3, 11, 20, 19, 12, 9, 17, 10, 16, 26
7, 15, 28, 10, 23, 20, 25, 8, 19, 11, 6, 2, 21, 0, 17, 29, 24, 14, 12, 16, 9, 27, 18, 5, 13, 22, 3, 26, 1, 4
3, 4, 20, 16, 22, 8, 2, 17, 28, 23, 27, 29, 9, 14, 12, 11, 1, 0, 5, 24, 26, 18, 19, 25, 13, 10, 15, 21, 7, 6
Pocket:
8, 4, 1, 27, 16, 7, 23, 10, 12, 24, 13, 21, 26, 3, 20, 15, 9, 17, 0, 6, 22, 2, 14, 28, 18, 25, 5, 11, 19, 29
10, 8, 29, 0, 25, 20, 14, 4, 9, 11, 18, 22, 2, 26, 19, 3, 21, 23, 17, 7, 5, 27, 16, 15, 6, 13, 1, 28, 12, 24
2, 28, 1, 29, 3, 12, 9, 14, 8, 17, 21, 20, 18, 15, 13, 7, 27, 16, 23, 25, 0, 24, 19, 22, 5, 4, 6, 26, 11, 10
4, 12, 6, 5, 18, 0, 26, 14, 15, 11, 23, 3, 28, 24, 9, 7, 21, 10, 25, 17, 16, 27, 1, 8, 19, 20, 13, 2, 29, 22
0, 10, 28, 14, 9, 24, 5, 2, 8, 7, 16, 29, 21, 1, 19, 11, 25, 6, 26, 15, 20, 13, 23, 17, 27, 22, 18, 12, 3, 4
28, 5, 14, 17, 2, 6, 8, 21, 27, 18, 22, 11, 13, 12, 29, 15, 24, 25, 9, 0, 4, 23, 3, 1, 7, 10, 20, 26, 16, 19
22, 13, 5, 15, 10, 18, 12, 27, 20, 0, 26, 4, 9, 23, 1, 3, 7, 21, 17, 2, 14, 28, 16, 19, 29, 25, 24, 6, 11, 8
11, 14, 28, 23, 29, 18, 17, 9, 27, 1, 22, 26, 3, 25, 5, 10, 12, 24, 15, 21, 6, 13, 4, 2, 16, 8, 0, 20, 7, 19
20, 23, 0, 6, 7, 24, 13, 28, 21, 27, 14, 3, 4, 8, 16, 5, 17, 25, 11, 10, 2, 26, 22, 15, 29, 1, 19, 12, 18, 9
23, 24, 8, 3, 22, 19, 29, 18, 15, 4, 16, 1, 27, 14, 2, 5, 6, 11, 28, 20, 9, 10, 25, 26, 13, 17, 12, 7, 0, 21
Pocket:
12, 16, 6, 1, 2, 21, 5, 17, 3, 23, 0, 7, 25, 19, 24, 26, 15, 22, 27, 28, 11, 13, 10, 9, 29, 8, 14, 18, 4, 20
14, 24, 11, 15, 5, 1, 22, 13, 16, 18, 12, 4, 19, 7, 25, 27, 6, 28, 29, 23, 26, 2, 17, 0, 10, 20, 3, 8, 9, 21
2, 28, 4, 20, 10, 18, 15, 17, 23, 19, 9, 6, 21, 0, 1, 5, 16, 3, 25, 14, 24, 26, 11, 27, 7, 22, 8, 29, 13, 12
26, 11, 12, 8, 5, 13, 27, 25, 10, 15, 29, 21, 28, 9, 14, 7, 24, 18, 3, 16, 17, 2, 20, 6, 22, 0, 19, 1, 23, 4
7, 26, 9, 27, 10, 11, 5, 13, 28, 22, 19, 15, 0, 25, 17, 2, 20, 8, 18, 14, 1, 12, 24, 6, 4, 16, 3, 21, 23, 29
10, 14, 11, 19, 7, 8, 26, 3, 18, 15, 25, 24, 27, 9, 29, 22, 2, 28, 0, 13, 23, 17, 1, 12, 4, 6, 20, 21, 5, 16
4, 1, 20, 7, 13, 18, 14, 26, 11, 3, 28, 0, 9, 22, 29, 21, 27, 19, 17, 15, 25, 10, 8, 12, 23, 6, 24, 16, 5, 2
19, 11, 5, 7, 20, 21, 3, 26, 2, 13, 24, 9, 8, 27, 18, 15, 12, 17, 4, 16, 25, 23, 22, 28, 1, 0, 6, 14, 10, 29
21, 13, 9, 1, 4, 22, 0, 7, 26, 19, 11, 23, 20, 8, 14, 6, 28, 24, 27, 10, 17, 2, 5, 12, 18, 16, 29, 3, 15, 25
28, 18, 16, 17, 24, 3, 13, 15, 7, 21, 4, 12, 25, 9, 11, 5, 0, 22, 26, 20, 14, 23, 2, 8, 6, 27, 1, 10, 19, 29
Pocket:
18, 3, 10, 6, 21, 20, 23, 19, 25, 2, 13, 7, 0, 14, 22, 8, 9, 12, 5, 17, 15, 11, 29, 24, 26, 16, 4, 1, 28, 27
1, 9, 15, 12, 5, 27, 7, 11, 23, 4, 14, 8, 25, 16, 13, 0, 19, 29, 18, 28, 17, 26, 3, 22, 24, 20, 10, 2, 6, 21
22, 12, 28, 18, 21, 14, 6, 16, 4, 10, 20, 19, 2, 3, 13, 24, 17, 11, 0, 8, 9, 25, 26, 29, 7, 23, 15, 5, 27, 1
6, 26, 4, 9, 8, 16, 18, 27, 15, 23, 14, 13, 5, 0, 24, 3, 2, 22, 1, 21, 20, 12, 25, 17, 19, 28, 10, 7, 11, 29
13, 1, 14, 5, 27, 22, 0, 4, 20, 6, 23, 7, 21, 28, 3, 2, 29, 12, 15, 24, 16, 18, 8, 10, 11, 19, 9, 25, 26, 17
1, 22, 11, 0, 17, 5, 29, 26, 18, 6, 16, 19, 10, 20, 4, 23, 13, 12, 27, 2, 21, 15, 24, 28, 14, 7, 8, 9, 3, 25
23, 14, 8, 0, 19, 3, 13, 1, 10, 27, 29, 17, 12, 15, 9, 18, 5, 28, 24, 7, 22, 21, 26, 4, 25, 16, 2, 11, 6, 20
15, 10, 3, 0, 24, 16, 5, 4, 6, 9, 2, 22, 1, 29, 8, 28, 17, 18, 23, 19, 25, 7, 14, 11, 20, 27, 13, 26, 21, 12
29, 15, 24, 20, 10, 26, 23, 21, 8, 5, 7, 1, 27, 2, 11, 19, 25, 22, 9, 0, 14, 16, 6, 17, 12, 13, 4, 3, 28, 18
22, 16, 8, 21, 2, 3, 25, 24, 13, 12, 19, 15, 7, 20, 4, 6, 11, 17, 10, 1, 27, 18, 29, 5, 23, 26, 28, 0, 14, 9
Pocket:
9, 10, 22, 13, 15, 8, 29, 21, 20, 19, 7, 14, 3, 27, 28, 18, 24, 11, 17, 0, 2, 4, 6, 5, 23, 12, 1, 16, 25, 26
27, 14, 12, 9, 21, 17, 26, 10, 25, 6, 2, 20, 5, 7, 22, 28, 16, 0, 8, 1, 13, 15, 4, 3, 29, 19, 23, 24, 18, 11
21, 26, 16, 24, 12, 13, 22, 0, 19, 4, 1, 17, 3, 5, 28, 11, 8, 18, 20, 7, 25, 9, 29, 10, 14, 6, 2, 15, 27, 23
1, 2, 18, 17, 8, 29, 22, 12, 5, 11, 23, 20, 3, 13, 0, 4, 25, 27, 26, 10, 24, 7, 15, 28, 16, 14, 19, 9, 21, 6
15, 12, 5, 18, 26, 14, 6, 19, 17, 25, 8, 29, 24, 21, 10, 27, 3, 13, 0, 11, 4, 20, 7, 16, 22, 9, 23, 2, 28, 1
24, 14, 22, 26, 15, 20, 0, 17, 21, 7, 4, 28, 18, 16, 2, 9, 3, 11, 12, 10, 13, 5, 23, 27, 6, 1, 19, 8, 25, 29
17, 15, 13, 20, 6, 24, 26, 12, 4, 18, 5, 23, 11, 1, 7, 28, 25, 27, 9, 19, 16, 8, 14, 21, 10, 2, 3, 29, 22, 0
5, 28, 10, 0, 22, 12, 15, 7, 3, 11, 6, 29, 2, 8, 20, 13, 19, 27, 21, 23, 25, 26, 18, 17, 24, 1, 9, 14, 4, 16
12, 28, 20, 17, 18, 23, 3, 11, 9, 24, 27, 1, 25, 2, 26, 19, 4, 13, 5, 6, 10, 7, 14, 0, 15, 16, 22, 29, 8, 21
0, 3, 9, 19, 17, 21, 16, 25, 14, 1, 23, 28, 12, 11, 24, 2, 5, 7, 20, 8, 26, 6, 4, 18, 10, 22, 27, 15, 29, 13
Pocket:
23, 3, 22, 20, 7, 24, 11, 2, 26, 12, 18, 25, 19, 17, 1, 9, 15, 5, 16, 14, 0, 10, 28, 29, 8, 13, 27, 6, 4, 21
7, 6, 20, 15, 11, 19, 25, 26, 29, 27, 14, 8, 18, 9, 17, 23, 2, 13, 1, 0, 24, 3, 5, 16, 21, 10, 12, 4, 28, 22
4, 2, 6, 7, 1, 27, 16, 19, 14, 26, 12, 29, 8, 5, 25, 24, 10, 17, 23, 11, 3, 0, 13, 9, 22, 20, 18, 21, 15, 28
13, 28, 15, 18, 27, 6, 3, 9, 11, 26, 10, 4, 21, 16, 1, 25, 20, 14, 8, 0, 24, 29, 5, 7, 2, 22, 23, 17, 12, 19
19, 2, 28, 13, 5, 4, 18, 10, 12, 1, 8, 26, 21, 16, 0, 9, 11, 7, 24, 27, 23, 17, 3, 20, 25, 6, 14, 15, 22, 29
6, 21, 27, 29, 28, 17, 7, 2, 23, 0, 5, 12, 14, 22, 20, 4, 24, 8, 11, 25, 15, 18, 10, 9, 19, 3, 16, 13, 26, 1
15, 25, 4, 0, 6, 28, 12, 14, 7, 2, 10, 13, 11, 19, 8, 23, 17, 3, 18, 1, 20, 16, 9, 26, 27, 22, 5, 24, 21, 29
17, 26, 23, 28, 0, 10, 6, 2, 24, 9, 27, 7, 3, 29, 1, 11, 15, 19, 8, 16, 21, 25, 14, 22, 13, 5, 4, 18, 20, 12
2, 16, 9, 20, 10, 1, 12, 18, 6, 26, 3, 5, 0, 13, 25, 7, 14, 17, 21, 15, 22, 8, 27, 11, 4, 19, 24, 23, 28, 29
4, 16, 18, 23, 15, 6, 2, 9, 20, 17, 27, 12, 7, 22, 8, 28, 10, 26, 24, 13, 5, 3, 19, 1, 0, 29, 25, 14, 11, 21