Pocket:
22, 15, 12, 13, 25, 28, 5, 26, 27, 3, 16, 9, 19, 1, 2, 0, 6, 17, 4, 18, 10, 11, 24, 14, 8, 29, 21, 20, 7, 23
16, 10, 5, 13, 23, 17, 27, 9, 0, 12, 14, 18, 20, 1, 29, 2, 21, 7, 4, 3, 22, 25, 8, 28, 26, 6, 15, 19, 24, 11
27, 13, 26, 3, 1, 5, 28, 25, 15, 29, 20, 9, 12, 14, 23, 11, 22, 10, 7, 19, 18, 4, 17, 2, 21, 24, 0, 16, 6, 8
13, 28, 15, 11, 29, 17, 6, 26, 2, 0, 4, 19, 22, 18, 12, 21, 3, 1, 23, 10, 16, 27, 5, 9, 24, 25, 14, 7, 8, 20
4, 20, 12, 2, 26, 14, 18, 7, 23, 29, 28, 5, 3, 8, 11, 22, 24, 13, 19, 21, 0, 17, 9, 25, 6, 16, 27, 10, 1, 15
2, 10, 13, 4, 0, 6, 18, 28, 24, 15, 26, 12, 8, 25, 19, 1, 17, 16, 11, 20, 29, 22, 3, 7, 5, 9, 23, 21, 27, 14
19, 26, 5, 24, 9, 25, 6, 8, 14, 12, 3, 20, 28, 17, 7, 23, 2, 10, 16, 29, 11, 4, 18, 27, 15, 22, 1, 0, 21, 13
2, 27, 29, 13, 0, 26, 25, 12, 22, 3, 9, 20, 18, 11, 17, 5, 8, 24, 14, 7, 19, 28, 16, 4, 15, 6, 21, 1, 23, 10
13, 26, 8, 21, 16, 6, 3, 10, 1, 29, 14, 18, 17, 12, 0, 25, 19, 27, 22, 7, 20, 15, 23, 11, 4, 9, 28, 2, 5, 24
14, 15, 27, 3, 25, 21, 11, 23, 13, 10, 9, 22, 17, 12, 0, 6, 29, 4, 8, 7, 1, 18, 2, 20, 26, 24, 19, 16, 5, 28
Pocket:
0, 17, 15, 27, 4, 5, 2, 8, 26, 19, 10, 20, 13, 24, 1, 16, 14, 3, 29, 9, 18, 6, 7, 22, 11, 12, 25, 21, 23, 28
28, 6, 27, 21, 24, 23, 0, 15, 14, 10, 19, 7, 17, 22, 26, 29, 4, 11, 1, 8, 5, 9, 16, 12, 2, 20, 18, 3, 25, 13
29, 19, 10, 6, 13, 2, 11, 20, 15, 28, 21, 24, 8, 23, 7, 4, 27, 0, 18, 1, 25, 22, 12, 9, 3, 16, 17, 5, 14, 26
24, 3, 13, 12, 21, 6, 9, 19, 5, 4, 2, 11, 25, 17, 29, 7, 16, 28, 15, 14, 8, 0, 27, 23, 1, 10, 22, 20, 26, 18
19, 9, 15, 12, 10, 7, 2, 5, 20, 6, 3, 29, 24, 28, 8, 0, 11, 16, 21, 26, 17, 18, 22, 27, 13, 4, 25, 14, 23, 1
25, 24, 10, 28, 20, 21, 0, 12, 8, 23, 27, 1, 14, 3, 7, 16, 19, 29, 17, 2, 13, 15, 9, 11, 22, 5, 4, 26, 6, 18
3, 11, 10, 4, 2, 18, 14, 12, 20, 15, 0, 22, 26, 13, 28, 7, 6, 16, 29, 23, 19, 27, 9, 5, 17, 21, 25, 1, 24, 8
4, 9, 23, 20, 17, 21, 12, 11, 1, 24, 29, 19, 28, 5, 10, 25, 16, 13, 26, 3, 27, 18, 14, 22, 2, 8, 7, 0, 15, 6
18, 17, 3, 4, 8, 29, 9, 14, 13, 6, 21, 20, 15, 23, 16, 24, 28, 7, 2, 11, 22, 19, 26, 27, 10, 5, 0, 1, 12, 25
11, 12, 6, 14, 22, 5, 8, 23, 15, 0, 29, 16, 28, 27, 20, 2, 25, 3, 9, 17, 26, 21, 13, 4, 24, 18, 7, 19, 10, 1
Pocket:
6, 19, 1, 3, 28, 27, 8, 26, 10, 13, 21, 23, 9, 18, 5, 11, 22, 24, 12, 4, 16, 15, 29, 20, 2, 0, 17, 25, 14, 7
22, 23, 28, 17, 19, 26, 0, 27, 15, 16, 25, 12, 1, 9, 7, 6, 24, 4, 2, 13, 18, 29, 8, 3, 5, 10, 21, 20, 14, 11
20, 27, 3, 12, 9, 22, 16, 18, 17, 23, 26, 2, 13, 10, 15, 0, 29, 4, 8, 14, 5, 25, 7, 28, 24, 21, 1, 11, 19, 6
16, 26, 20, 9, 4, 14, 22, 27, 6, 10, 13, 15, 0, 5, 21, 29, 19, 7, 1, 25, 12, 24, 3, 17, 28, 2, 18, 11, 23, 8
2, 12, 3, 10, 16, 0, 9, 7, 15, 23, 5, 17, 14, 11, 21, 8, 1, 29, 13, 20, 18, 4, 22, 19, 6, 28, 27, 26, 25, 24
6, 10, 5, 7, 22, 4, 24, 27, 23, 16, 19, 25, 2, 26, 21, 12, 14, 0, 8, 28, 29, 1, 9, 3, 11, 17, 15, 20, 13, 18
13, 24, 16, 28, 14, 20, 8, 6, 22, 9, 26, 4, 10, 7, 0, 12, 25, 3, 21, 11, 27, 19, 2, 23, 17, 18, 15, 5, 29, 1
8, 2, 27, 6, 0, 13, 29, 5, 21, 28, 24, 7, 9, 4, 1, 17, 23, 12, 15, 10, 22, 14, 3, 18, 26, 19, 16, 25, 20, 11
4, 21, 7, 10, 1, 12, 26, 14, 28, 11, 22, 8, 0, 5, 20, 2, 3, 23, 6, 19, 27, 16, 25, 29, 17, 9, 15, 18, 24, 13
19, 6, 29, 14, 27, 24, 11, 13, 28, 5, 8, 22, 12, 2, 23, 18, 0, 3, 1, 21, 15, 25, 10, 20, 26, 16, 9, 7, 4, 17
Pocket:
5, 22, 11, 26, 10, 0, 8, 1, 21, 14, 6, 25, 16, 24, 28, 29, 23, 4, 9, 19, 12, 13, 7, 15, 3, 2, 17, 20, 27, 18
1, 6, 14, 0, 16, 12, 27, 15, 18, 26, 7, 3, 23, 20, 11, 29, 9, 13, 22, 5, 21, 8, 4, 28, 19, 25, 17, 10, 24, 2
25, 8, 27, 4, 10, 5, 13, 28, 15, 0, 6, 29, 21, 19, 9, 24, 20, 16, 3, 12, 14, 1, 11, 22, 23, 7, 17, 2, 18, 26
1, 20, 7, 24, 13, 15, 6, 22, 5, 18, 3, 2, 9, 14, 23, 10, 28, 16, 21, 11, 27, 26, 8, 0, 4, 25, 17, 29, 12, 19
26, 24, 19, 0, 27, 11, 4, 20, 5, 25, 6, 14, 3, 8, 18, 21, 23, 16, 15, 28, 13, 22, 17, 12, 9, 2, 29, 1, 7, 10
14, 4, 21, 16, 18, 23, 28, 11, 15, 26, 29, 3, 2, 20, 1, 8, 0, 25, 27, 6, 13, 7, 5, 12, 9, 19, 22, 17, 24, 10
19, 6, 27, 11, 4, 26, 1, 10, 13, 9, 17, 14, 3, 24, 20, 12, 18, 8, 16, 0, 23, 21, 5, 28, 25, 7, 22, 2, 29, 15
12, 2, 20, 26, 23, 16, 21, 13, 22, 3, 25, 0, 14, 5, 4, 27, 15, 6, 9, 17, 19, 11, 1, 7, 28, 10, 29, 8, 18, 24
24, 25, 6, 2, 27, 12, 26, 5, 23, 29, 4, 11, 1, 9, 16, 21, 3, 22, 28, 18, 17, 10, 0, 20, 13, 19, 8, 15, 14, 7
27, 0, 13, 23, 11, 10, 29, 16, 25, 20, 26, 1, 7, 28, 9, 12, 24, 18, 8, 22, 3, 15, 14, 2, 21, 19, 4, 6, 17, 5
Pocket:
26, 23, 27, 25, 15, 10, 12, 29, 1, 0, 4, 8, 9, 6, 3, 24, 11, 2, 5, 16, 17, 14, 19, 18, 21, 7, 20, 28, 22, 13
2, 13, 3, 19, 23, 0, 29, 15, 28, 18, 8, 12, 27, 14, 7, 10, 22, 5, 24, 6, 16, 11, 20, 17, 4, 9, 25, 26, 21, 1
17, 4, 23, 7, 11, 8, 6, 9, 2, 14, 29, 10, 3, 15, 28, 16, 20, 21, 1, 25, 19, 12, 27, 0, 26, 24, 18, 13, 22, 5
14, 12, 21, 11, 9, 26, 3, 7, 19, 6, 28, 18, 1, 10, 22, 0, 2, 13, 20, 8, 4, 29, 24, 25, 23, 27, 16, 15, 5, 17
13, 25, 15, 21, 10, 9, 22, 1, 17, 11, 29, 12, 20, 18, 5, 0, 7, 8, 2, 14, 19, 24, 6, 3, 26, 27, 16, 4, 28, 23
23, 28, 27, 4, 11, 9, 0, 24, 12, 13, 29, 21, 25, 17, 3, 8, 10, 1, 22, 26, 2, 14, 16, 7, 5, 18, 6, 19, 20, 15
25, 5, 11, 17, 26, 13, 23, 1, 20, 0, 9, 16, 19, 2, 21, 22, 6, 27, 14, 7, 4, 29, 3, 10, 12, 28, 15, 8, 18, 24
24, 17, 8, 11, 0, 22, 23, 16, 14, 6, 5, 28, 1, 4, 19, 27, 2, 25, 20, 26, 12, 18, 3, 21, 15, 7, 9, 29, 10, 13
12, 17, 5, 7, 23, 16, 6, 11, 2, 4, 24, 26, 1, 13, 15, 28, 14, 22, 21, 9, 29, 19, 25, 10, 27, 20, 8, 0, 3, 18
0, 20, 18, 12, 14, 15, 27, 4, 3, 24, 8, 2, 11, 13, 7, 6, 1, 25, 19, 10, 17, 22, 9, 29, 28, 5, 21, 26, 23, 16
Pocket:
22, 3, 15, 14, 4, 9, 16, 2, 17, 28, 20, 11, 5, 0, 29, 27, 13, 24, 18, 10, 7, 8, 21, 25, 1, 19, 12, 26, 6, 23
10, 2, 14, 16, 8, 28, 12, 5, 1, 9, 0, 13, 27, 26, 6, 22, 21, 3, 11, 17, 29, 23, 24, 19, 25, 15, 20, 18, 4, 7
28, 1, 12, 21, 19, 10, 29, 17, 0, 8, 26, 14, 13, 11, 20, 22, 23, 15, 16, 27, 9, 7, 3, 18, 24, 5, 4, 25, 6, 2
13, 7, 26, 4, 23, 27, 19, 22, 24, 18, 29, 21, 10, 2, 28, 5, 16, 9, 1, 17, 15, 0, 6, 11, 3, 25, 12, 8, 20, 14
16, 22, 24, 19, 3, 13, 17, 1, 28, 10, 4, 27, 25, 7, 21, 20, 26, 6, 23, 15, 12, 9, 14, 18, 0, 29, 2, 5, 8, 11
0, 11, 3, 9, 13, 7, 5, 23, 12, 29, 20, 17, 1, 18, 14, 25, 4, 8, 15, 27, 21, 16, 10, 26, 28, 19, 24, 2, 6, 22
18, 19, 28, 5, 22, 29, 26, 23, 7, 1, 24, 4, 2, 27, 12, 16, 15, 8, 3, 11, 20, 13, 17, 21, 0, 14, 6, 9, 25, 10
17, 27, 20, 18, 26, 19, 9, 23, 7, 3, 6, 25, 16, 4, 13, 21, 5, 22, 12, 8, 28, 2, 1, 14, 0, 29, 10, 15, 24, 11
20, 27, 11, 9, 18, 0, 21, 12, 26, 14, 3, 25, 1, 23, 13, 22, 29, 7, 6, 17, 4, 24, 8, 2, 16, 28, 15, 19, 10, 5
28, 18, 10, 20, 2, 21, 8, 3, 11, 6, 29, 5, 19, 15, 12, 16, 17, 14, 27, 4, 0, 13, 9, 24, 25, 23, 26, 1, 7, 22
Pocket:
14, 8, 13, 7, 25, 6, 5, 2, 28, 0, 10, 1, 4, 27, 18, 3, 24, 21, 12, 17, 11, 9, 22, 15, 29, 16, 20, 26, 19, 23
13, 2, 25, 27, 17, 21, 16, 11, 29, 3, 20, 28, 5, 1, 24, 19, 18, 8, 14, 12, 10, 4, 7, 9, 22, 0, 6, 26, 15, 23
0, 3, 25, 12, 22, 8, 4, 13, 29, 24, 6, 2, 28, 11, 27, 19, 20, 9, 17, 1, 5, 16, 18, 14, 10, 15, 7, 21, 23, 26
22, 19, 26, 13, 0, 9, 11, 3, 24, 4, 7, 14, 17, 21, 28, 27, 20, 6, 2, 23, 12, 8, 25, 5, 15, 18, 10, 29, 16, 1
5, 10, 11, 9, 7, 27, 14, 18, 6, 19, 16, 17, 24, 15, 20, 29, 3, 8, 26, 22, 21, 25, 0, 1, 4, 2, 12, 13, 23, 28
18, 13, 4, 9, 29, 12, 6, 11, 21, 14, 2, 19, 5, 26, 27, 20, 7, 24, 25, 3, 0, 22, 8, 17, 16, 23, 10, 15, 28, 1
13, 9, 0, 25, 18, 3, 1, 21, 16, 2, 28, 17, 29, 23, 20, 11, 4, 12, 15, 14, 6, 5, 26, 27, 19, 7, 22, 10, 8, 24
27, 1, 17, 8, 23, 22, 14, 6, 0, 9, 7, 4, 12, 28, 2, 3, 20, 29, 18, 5, 21, 13, 16, 10, 24, 15, 19, 25, 26, 11
29, 14, 15, 9, 7, 16, 11, 13, 18, 22, 20, 12, 27, 19, 25, 3, 1, 2, 23, 6, 5, 26, 8, 24, 4, 21, 17, 0, 28, 10
13, 28, 8, 23, 17, 0, 21, 16, 15, 6, 25, 10, 27, 29, 19, 14, 2, 24, 7, 18, 1, 12, 3, 26, 4, 9, 11, 20, 5, 22
Pocket:
6, 18, 24, 20, 11, 27, 16, 12, 3, 19, 22, 13, 0, 1, 10, 17, 26, 21, 14, 8, 28, 4, 29, 15, 2, 5, 25, 23, 9, 7
18, 14, 15, 17, 10, 6, 1, 19, 11, 12, 13, 16, 25, 7, 3, 9, 0, 4, 2, 29, 27, 23, 22, 24, 8, 21, 5, 26, 28, 20
29, 16, 3, 18, 25, 22, 0, 24, 10, 2, 8, 21, 11, 7, 13, 6, 17, 27, 23, 20, 1, 15, 26, 12, 9, 14, 4, 5, 19, 28
18, 11, 23, 3, 28, 2, 26, 19, 5, 10, 29, 4, 7, 0, 6, 12, 16, 27, 8, 1, 22, 17, 15, 24, 14, 13, 20, 21, 9, 25
22, 28, 4, 0, 26, 12, 9, 27, 6, 18, 20, 13, 5, 16, 3, 11, 21, 29, 23, 25, 14, 19, 1, 8, 24, 17, 7, 10, 2, 15
22, 9, 16, 12, 3, 7, 20, 15, 8, 2, 14, 23, 27, 18, 21, 17, 24, 25, 13, 5, 4, 29, 26, 19, 6, 11, 28, 0, 1, 10
14, 5, 13, 29, 1, 6, 9, 11, 27, 26, 19, 17, 18, 15, 22, 28, 4, 7, 10, 25, 0, 21, 20, 8, 12, 23, 3, 24, 16, 2
22, 9, 13, 19, 7, 29, 0, 10, 26, 8, 11, 3, 18, 6, 12, 16, 24, 14, 20, 5, 2, 25, 27, 17, 15, 23, 4, 1, 21, 28
28, 22, 18, 27, 1, 20, 13, 7, 8, 6, 11, 21, 23, 14, 4, 9, 15, 25, 17, 29, 19, 5, 12, 24, 3, 16, 2, 0, 10, 26
26, 11, 25, 12, 18, 22, 29, 4, 24, 27, 14, 16, 20, 8, 21, 0, 10, 23, 13, 3, 28, 17, 1, 9, 5, 15, 2, 19, 7, 6
Pocket:
18, 23, 28, 3, 8, 25, 22, 9, 0, 16, 5, 19, 1, 15, 11, 14, 4, 7, 21, 2, 27, 13, 10, 29, 26, 24, 12, 20, 6, 17
4, 17, 10, 26, 20, 13, 28, 18, 7, 0, 5, 27, 16, 3, 14, 21, 6, 19, 1, 15, 23, 25, 22, 24, 8, 11, 2, 12, 9, 29
23, 29, 1, 24, 13, 2, 22, 6, 4, 7, 17, 11, 20, 16, 25, 18, 21, 19, 14, 9, 26, 12, 15, 0, 5, 10, 3, 28, 27, 8
29, 8, 17, 24, 27, 12, 3, 23, 9, 14, 25, 15, 2, 26, 0, 13, 18, 1, 21, 19, 20, 11, 7, 22, 28, 4, 10, 16, 5, 6
3, 19, 23, 6, 16, 15, 1, 25, 29, 7, 10, 4, 21, 14, 5, 0, 28, 2, 18, 13, 9, 12, 20, 26, 27, 22, 24, 8, 17, 11
10, 23, 18, 28, 29, 3, 21, 26, 9, 13, 20, 0, 1, 15, 24, 7, 16, 2, 19, 5, 8, 6, 11, 27, 22, 17, 12, 14, 4, 25
27, 19, 20, 13, 8, 3, 12, 7, 25, 2, 5, 16, 24, 10, 17, 21, 15, 26, 29, 6, 22, 4, 1, 9, 0, 11, 23, 28, 18, 14
15, 26, 16, 12, 21, 20, 3, 14, 28, 2, 29, 19, 1, 24, 8, 5, 10, 0, 6, 25, 22, 9, 23, 27, 11, 13, 17, 4, 7, 18
26, 7, 16, 11, 24, 25, 18, 23, 10, 21, 28, 19, 13, 4, 6, 3, 2, 22, 29, 27, 9, 0, 8, 20, 14, 15, 17, 12, 1, 5
18, 1, 15, 26, 29, 17, 21, 13, 3, 23, 10, 8, 4, 7, 0, 6, 14, 12, 24, 9, 20, 16, 22, 19, 28, 11, 27, 2, 25, 5
Pocket:
12, 2, 0, 15, 23, 13, 20, 10, 1, 18, 25, 11, 5, 21, 8, 19, 29, 24, 16, 28, 4, 9, 26, 7, 22, 17, 6, 27, 14, 3
10, 15, 23, 17, 6, 3, 14, 24, 4, 9, 11, 16, 22, 12, 29, 20, 19, 27, 8, 0, 1, 13, 7, 25, 18, 2, 21, 5, 26, 28
15, 6, 2, 13, 24, 21, 25, 22, 7, 5, 11, 0, 20, 29, 3, 9, 28, 16, 12, 1, 18, 19, 17, 26, 4, 27, 14, 23, 8, 10
23, 1, 11, 26, 29, 24, 5, 15, 28, 19, 8, 9, 16, 18, 25, 12, 2, 14, 4, 21, 10, 0, 6, 3, 13, 17, 7, 27, 20, 22
24, 11, 13, 8, 2, 16, 22, 27, 28, 20, 1, 26, 21, 4, 29, 9, 10, 0, 7, 12, 6, 3, 19, 17, 25, 23, 14, 15, 5, 18
29, 21, 11, 0, 17, 4, 26, 25, 5, 9, 27, 1, 2, 13, 12, 19, 16, 28, 15, 3, 22, 14, 10, 24, 8, 18, 20, 6, 23, 7
29, 19, 8, 5, 16, 3, 23, 2, 15, 10, 9, 25, 20, 7, 17, 13, 24, 12, 14, 11, 26, 28, 4, 1, 0, 21, 27, 22, 18, 6
11, 13, 4, 12, 1, 29, 14, 18, 2, 5, 8, 25, 22, 28, 7, 15, 27, 0, 16, 24, 9, 10, 3, 20, 6, 21, 19, 26, 23, 17
18, 14, 10, 9, 19, 8, 17, 1, 3, 13, 27, 15, 20, 11, 22, 23, 5, 7, 0, 6, 28, 16, 4, 21, 26, 24, 29, 25, 2, 12
22, 20, 14, 16, 1, 15, 24, 29, 3, 26, 17, 11, 10, 28, 19, 2, 9, 4, 27, 21, 25, 13, 7, 6, 12, 18, 0, 8, 5, 23
Pocket:
24, 8, 2, 5, 19, 1, 29, 26, 17, 0, 23, 14, 22, 20, 27, 25, 12, 9, 28, 21, 7, 18, 4, 6, 13, 10, 16, 3, 15, 11
3, 22, 4, 28, 18, 19, 10, 27, 25, 21, 0, 24, 15, 17, 23, 16, 26, 11, 5, 13, 12, 29, 20, 2, 8, 1, 14, 6, 7, 9
6, 11, 26, 3, 1, 27, 9, 12, 25, 4, 7, 22, 28, 0, 10, 21, 20, 8, 17, 29, 13, 16, 14, 19, 5, 23, 2, 18, 24, 15
10, 14, 23, 20, 27, 18, 3, 6, 25, 24, 22, 15, 8, 2, 26, 19, 9, 21, 28, 16, 4, 7, 1, 13, 12, 29, 17, 0, 5, 11
7, 13, 23, 2, 11, 19, 8, 28, 6, 14, 25, 0, 9, 15, 29, 3, 4, 1, 12, 17, 10, 5, 26, 16, 18, 24, 20, 27, 21, 22
27, 1, 14, 25, 2, 29, 17, 5, 13, 12, 15, 4, 22, 9, 3, 21, 16, 11, 8, 6, 20, 0, 7, 24, 10, 19, 26, 23, 18, 28
16, 25, 12, 2, 3, 22, 21, 10, 23, 15, 26, 29, 28, 0, 6, 13, 17, 1, 5, 18, 20, 8, 9, 27, 11, 4, 14, 19, 24, 7
6, 19, 1, 16, 5, 29, 10, 13, 7, 4, 11, 23, 0, 17, 2, 8, 25, 22, 27, 21, 14, 3, 12, 24, 9, 28, 20, 15, 18, 26
24, 3, 12, 1, 15, 28, 11, 4, 2, 7, 9, 0, 26, 23, 21, 16, 20, 13, 6, 29, 19, 5, 18, 8, 27, 10, 14, 22, 17, 25
9, 12, 21, 4, 7, 29, 6, 27, 26, 28, 11, 24, 25, 17, 14, 22, 8, 19, 0, 1, 16, 2, 23, 13, 10, 20, 18, 15, 3, 5
Pocket:
5, 11, 0, 10, 21, 6, 29, 8, 16, 13, 28, 14, 2, 15, 4, 27, 18, 7, 12, 3, 20, 26, 1, 19, 24, 9, 17, 23, 22, 25
23, 11, 25, 26, 0, 2, 6, 7, 12, 21, 1, 29, 14, 13, 18, 22, 16, 19, 17, 10, 15, 27, 20, 3, 8, 24, 28, 5, 4, 9
9, 14, 20, 23, 7, 2, 24, 8, 28, 15, 17, 1, 11, 3, 26, 18, 6, 16, 29, 27, 21, 0, 12, 13, 25, 10, 19, 4, 22, 5
10, 21, 29, 9, 12, 19, 6, 28, 11, 0, 1, 8, 16, 25, 20, 22, 13, 23, 26, 14, 5, 4, 15, 3, 18, 2, 27, 24, 7, 17
14, 13, 3, 22, 20, 11, 21, 0, 16, 18, 15, 9, 5, 8, 26, 10, 29, 17, 4, 27, 2, 25, 7, 6, 23, 24, 1, 28, 12, 19
18, 1, 8, 2, 21, 0, 20, 4, 9, 29, 7, 27, 12, 22, 13, 6, 15, 16, 24, 23, 26, 14, 19, 11, 3, 17, 25, 28, 5, 10
8, 20, 29, 23, 3, 16, 12, 5, 14, 18, 7, 4, 28, 24, 19, 15, 2, 22, 13, 9, 6, 17, 26, 10, 21, 25, 11, 1, 0, 27
1, 28, 2, 14, 11, 16, 22, 13, 29, 27, 23, 6, 25, 19, 17, 4, 7, 20, 10, 3, 21, 9, 0, 12, 18, 26, 5, 8, 24, 15
13, 1, 17, 10, 4, 16, 26, 19, 15, 2, 28, 18, 9, 29, 5, 20, 0, 12, 3, 22, 14, 23, 25, 8, 27, 7, 6, 24, 21, 11
24, 9, 21, 12, 22, 29, 3, 5, 13, 17, 14, 16, 27, 15, 1, 23, 4, 10, 28, 6, 7, 0, 11, 19, 8, 25, 2, 26, 20, 18
Pocket:
25, 10, 27, 15, 22, 11, 3, 29, 18, 9, 23, 21, 6, 12, 26, 14, 17, 5, 24, 2, 13, 7, 28, 4, 1, 0, 8, 16, 20, 19
18, 10, 1, 9, 27, 4, 8, 2, 6, 16, 12, 24, 21, 19, 25, 13, 22, 20, 17, 14, 11, 26, 7, 23, 29, 0, 15, 3, 28, 5
0, 25, 23, 9, 6, 22, 1, 8, 18, 17, 4, 26, 15, 14, 19, 5, 12, 3, 16, 10, 21, 24, 11, 28, 13, 27, 20, 29, 2, 7
11, 1, 0, 5, 20, 8, 21, 25, 15, 4, 13, 10, 26, 28, 22, 18, 29, 7, 23, 16, 17, 2, 6, 12, 14, 19, 27, 24, 3, 9
25, 18, 16, 11, 0, 28, 7, 12, 21, 5, 1, 13, 6, 3, 9, 2, 4, 24, 14, 10, 17, 23, 8, 20, 15, 27, 22, 29, 19, 26
0, 2, 17, 5, 18, 28, 16, 7, 8, 27, 29, 23, 9, 13, 25, 21, 15, 11, 22, 14, 1, 3, 24, 19, 10, 20, 12, 26, 6, 4
24, 26, 27, 17, 7, 20, 18, 14, 13, 23, 4, 8, 16, 11, 25, 29, 5, 3, 21, 28, 0, 12, 2, 9, 22, 1, 6, 15, 19, 10
12, 21, 19, 22, 2, 5, 15, 14, 25, 3, 23, 11, 9, 26, 20, 1, 18, 28, 6, 27, 13, 29, 17, 0, 10, 16, 8, 24, 4, 7
16, 25, 18, 12, 0, 6, 14, 13, 29, 5, 20, 2, 24, 10, 17, 27, 28, 4, 7, 26, 9, 21, 22, 11, 3, 15, 19, 23, 8, 1
5, 3, 4, 17, 12, 13, 1, 16, 6, 2, 19, 25, 11, 0, 14, 21, 23, 26, 8, 7, 20, 15, 29, 22, 27, 24, 18, 28, 9, 10