Pocket:
52, 10, 41, 2, 20, 4, 6, 0, 53, 7, 35, 46, 11, 40, 17, 27, 58, 56, 38, 39, 51, 32, 47, 9, 1, 59, 48, 24, 31, 26, 37, 50, 45, 3, 16, 28, 18, 30, 44, 54, 29, 36, 21, 42, 55, 13, 43, 57, 5, 8, 15, 33, 22, 34, 25, 14, 49, 12, 19, 23
52, 31, 20, 7, 32, 47, 55, 11, 23, 34, 35, 30, 44, 16, 28, 59, 6, 18, 3, 8, 25, 58, 49, 27, 29, 24, 43, 45, 12, 17, 33, 39, 42, 5, 22, 36, 2, 10, 46, 1, 13, 56, 19, 53, 21, 4, 9, 41, 57, 50, 26, 51, 0, 37, 15, 38, 48, 14, 40, 54
40, 26, 42, 34, 57, 8, 14, 46, 21, 30, 15, 16, 0, 32, 49, 23, 53, 48, 12, 43, 11, 20, 55, 19, 9, 28, 24, 37, 31, 47, 4, 17, 33, 44, 6, 45, 1, 59, 38, 10, 35, 22, 5, 3, 54, 39, 29, 52, 56, 13, 27, 18, 7, 25, 58, 36, 2, 51, 50, 41
16, 29, 2, 14, 43, 33, 28, 54, 30, 25, 18, 35, 57, 12, 7, 0, 11, 55, 22, 3, 41, 21, 42, 51, 59, 24, 26, 4, 27, 48, 53, 47, 13, 45, 20, 50, 32, 19, 36, 31, 38, 6, 40, 52, 10, 15, 39, 58, 56, 37, 34, 23, 17, 8, 9, 1, 44, 49, 46, 5
3, 7, 30, 13, 28, 44, 4, 49, 35, 12, 9, 0, 41, 54, 34, 48, 19, 27, 43, 42, 23, 33, 1, 24, 53, 5, 55, 50, 40, 36, 46, 25, 57, 26, 21, 6, 45, 29, 37, 58, 10, 15, 39, 32, 51, 2, 20, 22, 14, 11, 8, 47, 31, 16, 56, 38, 52, 18, 59, 17
28, 55, 35, 30, 46, 47, 34, 6, 7, 41, 29, 49, 11, 20, 25, 23, 36, 21, 17, 26, 37, 54, 40, 51, 59, 57, 42, 10, 9, 0, 18, 24, 1, 48, 2, 56, 53, 31, 33, 13, 43, 38, 45, 52, 5, 19, 58, 15, 27, 22, 14, 39, 4, 44, 8, 12, 50, 32, 16, 3
4, 1, 48, 12, 53, 51, 21, 58, 2, 26, 39, 3, 29, 55, 18, 33, 52, 44, 25, 6, 57, 10, 27, 54, 30, 19, 46, 8, 35, 14, 16, 40, 47, 11, 31, 13, 59, 28, 5, 24, 49, 20, 50, 17, 32, 56, 41, 43, 9, 34, 0, 15, 36, 38, 22, 45, 7, 23, 37, 42
28, 3, 35, 7, 40, 58, 43, 56, 57, 1, 42, 39, 32, 24, 21, 52, 27, 54, 37, 16, 30, 45, 15, 47, 22, 33, 31, 20, 9, 2, 36, 13, 46, 17, 19, 25, 6, 26, 18, 4, 50, 41, 55, 48, 10, 29, 12, 8, 11, 44, 49, 53, 0, 23, 14, 51, 59, 34, 38, 5
10, 36, 33, 7, 14, 11, 13, 12, 46, 56, 6, 38, 16, 54, 24, 28, 47, 53, 1, 57, 27, 19, 17, 40, 43, 51, 29, 23, 25, 26, 35, 52, 41, 22, 34, 49, 30, 44, 50, 37, 9, 15, 20, 0, 42, 55, 31, 39, 2, 18, 45, 48, 3, 21, 59, 8, 4, 58, 5, 32
59, 32, 57, 31, 8, 55, 54, 15, 47, 11, 37, 50, 45, 17, 40, 43, 36, 48, 27, 39, 3, 5, 56, 58, 33, 22, 25, 49, 35, 13, 19, 30, 24, 10, 7, 46, 4, 21, 26, 29, 1, 0, 28, 44, 9, 53, 34, 42, 23, 51, 20, 52, 16, 14, 6, 41, 18, 2, 12, 38
Pocket:
37, 43, 53, 22, 26, 56, 42, 29, 50, 49, 8, 27, 52, 20, 48, 17, 28, 3, 44, 45, 40, 15, 23, 39, 34, 4, 25, 46, 9, 11, 31, 51, 12, 55, 35, 19, 6, 1, 16, 47, 33, 58, 32, 7, 21, 57, 18, 30, 2, 38, 13, 36, 5, 24, 0, 41, 54, 10, 14, 59
14, 31, 26, 20, 57, 52, 46, 7, 34, 24, 39, 11, 2, 12, 1, 36, 19, 47, 25, 10, 59, 33, 45, 41, 43, 38, 42, 27, 50, 44, 3, 58, 15, 6, 16, 37, 56, 32, 53, 54, 5, 18, 51, 22, 40, 30, 49, 8, 55, 9, 21, 35, 29, 17, 23, 4, 13, 0, 28, 48
24, 37, 19, 0, 21, 20, 59, 25, 28, 13, 23, 57, 14, 58, 48, 42, 46, 54, 12, 26, 40, 34, 53, 56, 15, 31, 9, 51, 52, 50, 44, 18, 43, 11, 7, 32, 4, 6, 2, 49, 36, 55, 27, 39, 38, 22, 29, 5, 30, 41, 10, 45, 3, 47, 1, 8, 33, 16, 17, 35
26, 58, 1, 11, 55, 19, 13, 40, 18, 2, 31, 57, 28, 42, 44, 23, 54, 32, 27, 12, 6, 46, 41, 5, 36, 39, 34, 29, 37, 10, 24, 7, 38, 49, 30, 16, 21, 15, 43, 17, 25, 45, 4, 14, 0, 3, 56, 48, 20, 50, 52, 51, 47, 33, 22, 35, 8, 53, 59, 9
39, 9, 16, 36, 38, 37, 53, 15, 18, 31, 24, 57, 2, 28, 48, 46, 42, 33, 49, 21, 22, 44, 5, 32, 26, 6, 4, 50, 7, 11, 14, 27, 13, 35, 1, 43, 8, 52, 17, 58, 29, 54, 56, 20, 3, 40, 47, 25, 19, 45, 55, 34, 0, 41, 51, 12, 30, 23, 59, 10
0, 6, 38, 33, 53, 57, 29, 5, 4, 15, 19, 41, 42, 34, 16, 48, 35, 20, 11, 22, 49, 24, 50, 27, 59, 31, 28, 32, 10, 26, 30, 46, 51, 52, 47, 25, 58, 44, 54, 7, 14, 3, 8, 39, 43, 17, 55, 40, 13, 1, 45, 36, 9, 12, 56, 23, 37, 18, 21, 2
56, 44, 34, 43, 36, 2, 17, 49, 51, 15, 28, 45, 24, 35, 26, 30, 19, 0, 55, 37, 38, 48, 13, 27, 5, 14, 46, 59, 18, 41, 21, 23, 8, 52, 25, 53, 54, 4, 6, 11, 16, 39, 31, 32, 42, 29, 20, 33, 1, 9, 58, 50, 22, 40, 10, 47, 7, 57, 12, 3
26, 18, 42, 29, 32, 58, 39, 17, 31, 36, 22, 9, 41, 6, 15, 51, 49, 10, 28, 46, 43, 1, 56, 53, 23, 44, 33, 2, 47, 27, 30, 7, 14, 13, 24, 38, 12, 21, 37, 20, 50, 57, 59, 40, 48, 45, 16, 25, 54, 34, 52, 55, 35, 8, 4, 19, 0, 5, 3, 11
27, 21, 59, 39, 57, 48, 24, 53, 55, 32, 50, 36, 35, 52, 10, 42, 45, 14, 31, 19, 44, 3, 0, 26, 43, 4, 41, 17, 16, 51, 8, 29, 1, 2, 34, 25, 49, 13, 58, 9, 40, 5, 20, 7, 37, 38, 11, 15, 23, 30, 56, 33, 54, 6, 47, 46, 18, 22, 28, 12
12, 1, 9, 51, 54, 15, 28, 40, 47, 39, 11, 57, 2, 20, 7, 53, 44, 5, 26, 49, 41, 43, 38, 27, 8, 55, 33, 35, 13, 22, 42, 56, 45, 37, 14, 21, 23, 50, 34, 46, 52, 16, 10, 6, 59, 30, 29, 31, 4, 24, 36, 58, 32, 25, 48, 18, 17, 3, 19, 0
Pocket:
9, 11, 38, 28, 21, 13, 52, 43, 33, 59, 14, 10, 44, 53, 2, 29, 55, 25, 22, 32, 37, 7, 0, 26, 12, 6, 20, 27, 46, 42, 35, 23, 40, 8, 36, 51, 4, 39, 47, 48, 56, 31, 49, 57, 41, 34, 50, 1, 15, 5, 17, 3, 30, 24, 19, 18, 54, 58, 16, 45
7, 6, 36, 0, 56, 9, 23, 35, 10, 1, 17, 29, 51, 43, 58, 46, 47, 37, 53, 30, 59, 11, 38, 13, 19, 4, 32, 2, 5, 14, 34, 49, 52, 27, 21, 24, 41, 42, 54, 8, 3, 16, 31, 15, 50, 33, 44, 12, 20, 28, 26, 18, 57, 55, 45, 40, 25, 48, 22, 39
19, 7, 24, 8, 46, 48, 15, 21, 41, 1, 53, 26, 4, 29, 14, 0, 11, 45, 34, 43, 22, 55, 3, 59, 10, 47, 50, 32, 51, 52, 39, 13, 16, 33, 58, 17, 18, 27, 25, 56, 36, 44, 57, 49, 30, 54, 12, 35, 9, 23, 5, 37, 31, 40, 38, 2, 20, 28, 42, 6
14, 51, 47, 28, 49, 5, 26, 37, 32, 40, 17, 50, 6, 39, 16, 11, 56, 23, 53, 1, 27, 10, 20, 24, 41, 45, 55, 3, 2, 19, 38, 9, 31, 15, 46, 54, 8, 48, 29, 13, 0, 12, 22, 52, 58, 18, 25, 44, 59, 34, 7, 33, 42, 21, 43, 36, 4, 57, 30, 35
7, 46, 44, 3, 52, 43, 26, 51, 11, 49, 45, 56, 24, 0, 32, 27, 38, 2, 20, 29, 5, 18, 23, 36, 59, 48, 14, 6, 4, 8, 30, 54, 21, 15, 42, 28, 19, 40, 53, 17, 50, 31, 39, 58, 9, 34, 57, 41, 1, 25, 13, 33, 12, 10, 37, 22, 35, 47, 55, 16
37, 36, 24, 51, 23, 19, 53, 15, 12, 48, 2, 56, 20, 18, 0, 21, 14, 38, 46, 40, 1, 49, 34, 5, 25, 8, 54, 33, 52, 30, 28, 47, 42, 55, 9, 4, 29, 10, 35, 59, 45, 22, 16, 41, 58, 3, 7, 13, 32, 44, 11, 57, 50, 39, 43, 26, 31, 6, 17, 27
30, 24, 9, 32, 17, 39, 42, 1, 7, 57, 6, 59, 16, 29, 4, 46, 18, 53, 10, 0, 15, 13, 58, 33, 20, 49, 12, 31, 40, 50, 21, 34, 19, 47, 3, 11, 54, 44, 45, 27, 38, 26, 28, 23, 35, 55, 2, 22, 56, 36, 51, 8, 43, 37, 14, 5, 48, 41, 25, 52
27, 30, 29, 59, 53, 26, 33, 39, 38, 20, 19, 10, 55, 44, 57, 46, 22, 12, 31, 36, 42, 2, 9, 17, 15, 52, 3, 32, 13, 23, 5, 25, 8, 11, 56, 0, 28, 35, 34, 37, 18, 6, 45, 47, 54, 50, 1, 21, 43, 51, 58, 16, 24, 48, 7, 4, 40, 14, 49, 41
45, 38, 10, 24, 41, 21, 18, 35, 14, 5, 59, 3, 58, 54, 12, 2, 47, 53, 9, 37, 29, 43, 1, 46, 34, 7, 27, 16, 17, 22, 26, 6, 25, 31, 40, 36, 39, 13, 48, 49, 8, 33, 50, 4, 32, 30, 42, 44, 15, 0, 57, 51, 11, 28, 19, 52, 20, 56, 55, 23
53, 3, 5, 35, 22, 8, 29, 20, 43, 37, 10, 2, 44, 55, 12, 58, 14, 36, 52, 48, 46, 9, 7, 39, 34, 33, 4, 17, 6, 19, 13, 38, 50, 42, 49, 24, 41, 26, 28, 54, 47, 56, 16, 31, 25, 1, 27, 11, 51, 45, 59, 18, 23, 0, 15, 21, 30, 57, 32, 40
Pocket:
38, 17, 13, 32, 56, 31, 58, 3, 27, 1, 9, 39, 50, 53, 23, 36, 30, 44, 20, 19, 42, 4, 59, 26, 22, 25, 37, 49, 0, 51, 16, 15, 11, 46, 10, 52, 5, 21, 7, 48, 47, 54, 28, 41, 8, 55, 57, 12, 18, 40, 2, 6, 33, 24, 34, 14, 43, 45, 29, 35
50, 40, 29, 38, 9, 22, 23, 5, 21, 37, 27, 58, 17, 36, 52, 57, 28, 0, 54, 19, 45, 44, 26, 46, 12, 20, 16, 33, 41, 55, 13, 11, 39, 4, 31, 32, 53, 47, 56, 30, 25, 18, 35, 3, 51, 49, 43, 34, 15, 2, 48, 24, 14, 8, 1, 42, 6, 10, 7, 59
2, 20, 42, 43, 27, 40, 1, 17, 26, 6, 13, 9, 39, 5, 22, 19, 58, 11, 24, 44, 15, 7, 8, 37, 4, 16, 52, 56, 14, 46, 41, 10, 48, 25, 36, 18, 51, 30, 35, 23, 33, 32, 0, 38, 28, 59, 31, 53, 57, 49, 34, 47, 45, 55, 29, 21, 50, 54, 3, 12
55, 22, 52, 5, 14, 58, 13, 1, 45, 33, 0, 39, 36, 41, 54, 43, 53, 3, 42, 8, 23, 46, 2, 6, 19, 18, 25, 31, 38, 59, 15, 51, 16, 28, 11, 29, 50, 40, 12, 44, 49, 10, 48, 27, 34, 7, 26, 30, 37, 47, 35, 57, 32, 21, 17, 56, 24, 20, 9, 4
39, 36, 24, 7, 9, 51, 47, 26, 23, 3, 43, 54, 6, 0, 21, 31, 48, 1, 29, 44, 8, 33, 45, 27, 13, 4, 46, 20, 57, 32, 55, 56, 14, 28, 38, 50, 5, 17, 16, 58, 18, 41, 59, 10, 52, 30, 34, 42, 2, 22, 53, 15, 12, 40, 19, 35, 49, 37, 11, 25
48, 53, 23, 55, 2, 54, 10, 28, 44, 21, 3, 51, 31, 11, 52, 57, 26, 18, 59, 40, 38, 33, 34, 0, 36, 27, 22, 6, 13, 12, 43, 39, 29, 9, 25, 19, 14, 16, 45, 47, 20, 50, 17, 35, 5, 42, 41, 30, 58, 7, 46, 24, 49, 1, 32, 8, 4, 15, 56, 37
32, 2, 28, 8, 39, 7, 52, 22, 29, 56, 42, 9, 19, 33, 37, 6, 40, 34, 36, 4, 49, 10, 18, 14, 30, 51, 35, 38, 24, 47, 25, 43, 15, 31, 59, 48, 0, 57, 17, 11, 21, 44, 58, 1, 45, 54, 55, 46, 26, 3, 50, 12, 16, 23, 13, 41, 53, 20, 5, 27
13, 37, 44, 55, 2, 56, 26, 27, 28, 4, 16, 54, 25, 10, 15, 49, 18, 11, 32, 33, 9, 3, 22, 20, 19, 52, 40, 50, 6, 29, 35, 48, 24, 47, 41, 57, 5, 59, 0, 51, 43, 12, 38, 23, 36, 34, 7, 17, 46, 1, 58, 14, 45, 53, 42, 21, 8, 31, 30, 39
11, 32, 56, 33, 25, 36, 39, 26, 45, 31, 54, 55, 49, 48, 27, 58, 7, 2, 42, 18, 12, 43, 38, 14, 17, 59, 41, 8, 35, 34, 20, 37, 9, 10, 0, 53, 40, 6, 19, 4, 52, 44, 47, 24, 30, 51, 21, 23, 46, 28, 50, 22, 3, 5, 13, 29, 16, 1, 15, 57
11, 43, 27, 23, 17, 30, 47, 52, 18, 1, 0, 59, 20, 55, 3, 32, 45, 9, 8, 33, 7, 21, 29, 41, 53, 49, 4, 2, 19, 28, 35, 48, 16, 24, 38, 44, 50, 6, 5, 13, 54, 36, 26, 15, 34, 40, 42, 46, 22, 39, 37, 51, 57, 31, 25, 14, 12, 56, 10, 58
Pocket:
18, 34, 31, 17, 53, 46, 24, 55, 59, 26, 52, 37, 14, 49, 39, 0, 7, 40, 22, 19, 30, 23, 32, 13, 45, 8, 2, 29, 21, 10, 12, 16, 4, 38, 25, 48, 33, 36, 20, 9, 58, 3, 56, 6, 43, 35, 57, 1, 11, 47, 51, 50, 5, 15, 27, 54, 44, 41, 28, 42
26, 37, 14, 33, 10, 25, 55, 34, 32, 4, 46, 21, 53, 56, 44, 41, 12, 24, 57, 38, 18, 20, 8, 49, 0, 29, 40, 2, 35, 54, 48, 42, 30, 1, 51, 7, 36, 15, 5, 19, 27, 50, 22, 3, 9, 13, 45, 31, 28, 16, 11, 17, 39, 59, 47, 23, 6, 52, 58, 43
8, 18, 28, 0, 21, 20, 50, 27, 4, 45, 3, 40, 36, 39, 55, 24, 30, 52, 54, 32, 15, 25, 57, 9, 7, 29, 49, 16, 22, 56, 38, 48, 35, 10, 13, 47, 1, 46, 53, 43, 37, 11, 17, 33, 2, 19, 59, 5, 58, 23, 42, 41, 26, 12, 31, 34, 51, 14, 44, 6
12, 47, 40, 19, 51, 9, 48, 41, 20, 36, 29, 59, 28, 50, 17, 56, 21, 13, 16, 1, 53, 31, 52, 10, 30, 8, 44, 34, 3, 14, 2, 57, 54, 6, 39, 0, 37, 5, 35, 49, 24, 26, 25, 7, 58, 33, 15, 42, 38, 18, 23, 4, 11, 45, 22, 43, 27, 46, 55, 32
35, 34, 11, 18, 31, 5, 14, 2, 9, 16, 8, 7, 41, 4, 39, 37, 55, 1, 42, 54, 10, 43, 53, 17, 50, 56, 49, 24, 19, 47, 25, 30, 27, 40, 58, 15, 33, 13, 48, 32, 0, 21, 59, 20, 45, 38, 6, 46, 23, 29, 57, 36, 44, 52, 51, 28, 22, 26, 3, 12
58, 39, 59, 12, 17, 5, 26, 13, 22, 37, 3, 28, 23, 10, 30, 51, 34, 36, 4, 15, 2, 47, 25, 11, 9, 33, 35, 50, 19, 6, 48, 42, 38, 53, 41, 27, 49, 21, 54, 46, 18, 43, 20, 32, 1, 55, 56, 16, 24, 14, 44, 31, 29, 52, 0, 8, 45, 40, 7, 57
14, 33, 22, 52, 31, 55, 13, 30, 57, 10, 49, 42, 8, 4, 27, 21, 43, 9, 11, 28, 12, 15, 6, 50, 2, 37, 19, 23, 54, 35, 24, 38, 29, 58, 40, 0, 45, 34, 16, 56, 3, 48, 53, 44, 26, 1, 32, 36, 5, 7, 18, 20, 46, 41, 59, 25, 39, 17, 47, 51
11, 27, 4, 7, 43, 47, 2, 8, 32, 28, 52, 56, 39, 9, 45, 34, 15, 12, 16, 24, 25, 23, 0, 31, 5, 58, 29, 44, 26, 36, 51, 20, 3, 22, 59, 14, 42, 50, 54, 40, 53, 21, 19, 48, 35, 1, 17, 18, 38, 13, 55, 37, 41, 30, 49, 33, 46, 10, 57, 6
46, 21, 14, 0, 53, 3, 19, 5, 8, 41, 31, 50, 34, 24, 43, 13, 4, 37, 23, 39, 22, 29, 9, 38, 33, 55, 27, 40, 16, 6, 45, 52, 42, 11, 56, 20, 36, 12, 30, 7, 54, 25, 49, 47, 32, 10, 59, 15, 26, 48, 28, 35, 44, 17, 57, 1, 18, 2, 51, 58
5, 29, 10, 25, 50, 38, 23, 11, 36, 52, 32, 3, 51, 9, 44, 15, 13, 41, 35, 49, 56, 31, 40, 59, 2, 18, 30, 22, 54, 34, 19, 26, 7, 12, 24, 6, 43, 33, 17, 53, 45, 57, 21, 28, 27, 1, 16, 4, 48, 47, 58, 0, 42, 39, 20, 55, 46, 14, 8, 37
Pocket:
41, 5, 45, 52, 49, 40, 53, 14, 8, 42, 13, 44, 25, 20, 57, 24, 22, 46, 16, 10, 59, 6, 17, 34, 2, 29, 43, 18, 51, 55, 27, 28, 21, 32, 3, 30, 39, 38, 31, 35, 9, 54, 7, 58, 1, 36, 47, 33, 12, 11, 19, 50, 26, 56, 15, 37, 0, 48, 23, 4
11, 40, 5, 28, 52, 56, 37, 19, 48, 13, 31, 51, 7, 45, 9, 2, 41, 58, 54, 47, 6, 1, 20, 55, 30, 17, 43, 10, 0, 57, 59, 32, 36, 39, 35, 16, 53, 26, 15, 14, 34, 49, 29, 3, 25, 46, 4, 33, 21, 8, 18, 22, 23, 12, 27, 24, 50, 42, 44, 38
50, 55, 24, 18, 58, 6, 9, 19, 43, 52, 26, 12, 51, 5, 53, 32, 48, 16, 36, 45, 37, 49, 38, 22, 11, 33, 59, 56, 44, 15, 3, 13, 29, 47, 20, 30, 27, 1, 40, 23, 46, 41, 31, 21, 35, 7, 8, 17, 28, 39, 10, 2, 42, 25, 4, 0, 14, 57, 54, 34
8, 55, 40, 20, 25, 41, 30, 13, 15, 34, 16, 47, 58, 39, 24, 32, 33, 21, 57, 3, 51, 14, 29, 2, 28, 9, 59, 7, 38, 4, 43, 18, 22, 36, 53, 50, 6, 49, 19, 56, 35, 23, 27, 0, 17, 48, 10, 26, 37, 12, 11, 46, 31, 54, 5, 44, 1, 42, 52, 45
31, 7, 5, 54, 50, 8, 18, 37, 46, 59, 1, 38, 25, 23, 44, 21, 2, 40, 30, 42, 32, 27, 6, 58, 34, 14, 9, 24, 39, 45, 19, 4, 22, 41, 12, 29, 49, 35, 11, 51, 16, 57, 0, 17, 56, 52, 36, 43, 13, 53, 26, 10, 3, 20, 33, 55, 48, 28, 47, 15
42, 53, 49, 16, 20, 35, 25, 14, 46, 10, 59, 33, 38, 56, 32, 6, 57, 15, 36, 26, 29, 19, 40, 3, 5, 37, 30, 2, 28, 9, 48, 21, 45, 13, 41, 17, 54, 34, 4, 23, 47, 12, 58, 43, 39, 27, 8, 50, 55, 24, 11, 44, 51, 22, 7, 0, 1, 18, 31, 52
13, 58, 16, 1, 48, 3, 31, 54, 53, 24, 25, 44, 51, 6, 28, 5, 46, 14, 20, 18, 27, 11, 0, 35, 30, 59, 42, 32, 38, 7, 57, 37, 52, 47, 34, 39, 26, 19, 12, 50, 17, 33, 23, 15, 36, 22, 21, 2, 4, 43, 56, 55, 9, 41, 29, 45, 8, 49, 40, 10
31, 54, 14, 51, 3, 13, 15, 40, 48, 38, 45, 46, 2, 26, 1, 43, 21, 58, 30, 12, 27, 37, 7, 55, 24, 39, 5, 59, 36, 47, 42, 53, 8, 44, 41, 28, 50, 32, 11, 35, 34, 20, 16, 0, 19, 29, 56, 10, 52, 6, 18, 17, 9, 4, 33, 25, 23, 57, 22, 49
3, 22, 44, 43, 20, 25, 55, 29, 32, 42, 34, 57, 6, 56, 36, 50, 12, 7, 35, 1, 41, 17, 59, 30, 14, 15, 46, 26, 54, 8, 52, 28, 0, 49, 31, 37, 11, 2, 19, 51, 21, 10, 13, 23, 53, 33, 9, 40, 18, 4, 24, 16, 5, 38, 48, 39, 58, 45, 27, 47
10, 54, 51, 14, 44, 37, 59, 58, 36, 38, 8, 25, 15, 53, 30, 21, 2, 16, 13, 33, 31, 11, 45, 41, 24, 43, 19, 46, 6, 22, 1, 49, 28, 50, 5, 9, 34, 18, 40, 39, 12, 20, 47, 0, 57, 32, 35, 4, 42, 23, 26, 48, 52, 55, 56, 7, 29, 27, 17, 3
Pocket:
18, 3, 22, 42, 17, 59, 19, 16, 52, 29, 30, 38, 25, 37, 8, 5, 26, 56, 14, 10, 36, 0, 35, 24, 2, 6, 39, 9, 40, 31, 20, 13, 54, 50, 7, 15, 44, 12, 21, 4, 23, 48, 34, 55, 53, 47, 51, 41, 33, 32, 43, 1, 28, 58, 11, 45, 27, 57, 49, 46
39, 11, 45, 26, 48, 28, 51, 25, 5, 12, 29, 44, 55, 3, 0, 7, 1, 54, 43, 56, 10, 18, 40, 15, 23, 9, 34, 35, 57, 24, 42, 27, 49, 16, 47, 38, 6, 21, 17, 4, 50, 13, 33, 32, 52, 59, 14, 2, 41, 19, 46, 8, 58, 31, 37, 20, 30, 36, 22, 53
19, 46, 37, 15, 1, 27, 58, 54, 10, 55, 14, 26, 28, 59, 57, 11, 12, 22, 6, 18, 41, 7, 39, 52, 4, 25, 13, 30, 42, 9, 53, 36, 2, 40, 31, 47, 0, 21, 24, 23, 34, 48, 44, 50, 5, 43, 49, 17, 56, 33, 35, 45, 38, 3, 8, 20, 16, 32, 51, 29
55, 45, 11, 47, 54, 51, 2, 15, 9, 48, 7, 37, 20, 4, 52, 34, 5, 6, 14, 25, 59, 31, 35, 24, 12, 40, 46, 33, 17, 29, 16, 58, 3, 39, 26, 0, 22, 21, 49, 23, 36, 27, 13, 18, 8, 32, 30, 57, 43, 1, 19, 53, 28, 41, 44, 38, 56, 50, 10, 42
14, 1, 16, 58, 43, 22, 46, 38, 54, 2, 17, 55, 36, 25, 34, 3, 8, 35, 18, 32, 42, 41, 33, 59, 51, 31, 48, 26, 19, 29, 20, 6, 11, 40, 0, 53, 37, 28, 12, 10, 7, 57, 39, 50, 4, 23, 49, 13, 24, 15, 44, 21, 5, 47, 56, 9, 30, 27, 52, 45
56, 26, 43, 47, 4, 48, 13, 50, 1, 11, 25, 29, 27, 41, 54, 40, 9, 33, 5, 35, 21, 7, 32, 23, 57, 20, 58, 49, 55, 42, 34, 3, 44, 8, 39, 45, 14, 18, 59, 22, 36, 15, 51, 16, 28, 52, 53, 10, 2, 38, 24, 37, 19, 17, 0, 12, 30, 46, 6, 31
0, 29, 47, 40, 22, 54, 48, 57, 8, 9, 42, 16, 21, 12, 27, 13, 23, 50, 14, 28, 59, 3, 52, 58, 55, 36, 41, 15, 20, 2, 31, 17, 39, 7, 33, 24, 30, 37, 10, 1, 45, 19, 5, 34, 51, 46, 26, 32, 49, 35, 56, 44, 6, 11, 18, 43, 25, 53, 4, 38
14, 41, 38, 13, 18, 24, 3, 49, 12, 53, 47, 58, 19, 29, 34, 55, 5, 33, 56, 9, 6, 28, 59, 27, 15, 50, 22, 37, 10, 54, 31, 36, 45, 43, 11, 4, 40, 32, 39, 48, 51, 30, 25, 16, 20, 1, 0, 52, 35, 2, 46, 42, 23, 17, 26, 7, 57, 44, 21, 8
35, 10, 37, 3, 21, 46, 51, 48, 41, 6, 39, 57, 42, 58, 14, 7, 31, 20, 4, 22, 50, 2, 34, 9, 26, 27, 54, 59, 19, 12, 49, 40, 45, 15, 55, 16, 5, 29, 44, 28, 0, 32, 56, 52, 30, 36, 23, 47, 38, 43, 53, 11, 1, 25, 17, 24, 33, 8, 13, 18
52, 55, 6, 14, 32, 3, 40, 0, 4, 44, 57, 21, 34, 36, 28, 23, 56, 17, 15, 13, 22, 2, 50, 58, 5, 54, 18, 31, 59, 27, 48, 45, 33, 39, 12, 16, 9, 1, 43, 20, 49, 53, 46, 42, 47, 37, 11, 26, 19, 29, 25, 38, 51, 35, 41, 24, 30, 10, 7, 8
Pocket:
43, 6, 14, 25, 42, 11, 38, 4, 57, 22, 15, 30, 47, 27, 16, 58, 9, 39, 51, 17, 2, 56, 33, 1, 34, 20, 44, 45, 41, 18, 50, 46, 3, 10, 13, 29, 36, 28, 32, 54, 37, 8, 26, 52, 31, 21, 12, 55, 19, 48, 5, 59, 24, 40, 49, 0, 35, 7, 53, 23
33, 51, 43, 29, 14, 27, 12, 22, 34, 38, 8, 58, 9, 4, 55, 57, 18, 15, 16, 11, 17, 42, 31, 48, 40, 26, 41, 49, 53, 5, 13, 28, 6, 47, 52, 20, 10, 7, 59, 37, 35, 54, 0, 25, 45, 3, 24, 46, 23, 36, 2, 50, 1, 21, 44, 32, 30, 39, 56, 19
25, 28, 19, 52, 14, 49, 48, 11, 36, 31, 17, 39, 18, 47, 51, 42, 1, 41, 46, 56, 59, 40, 27, 45, 20, 43, 57, 30, 34, 32, 13, 50, 54, 24, 10, 12, 23, 6, 15, 0, 38, 3, 58, 5, 21, 35, 9, 29, 2, 33, 26, 4, 53, 44, 55, 16, 37, 7, 22, 8
20, 46, 7, 35, 55, 50, 25, 31, 48, 1, 40, 36, 57, 19, 11, 34, 53, 43, 23, 16, 30, 22, 17, 13, 5, 45, 33, 18, 49, 4, 21, 24, 38, 44, 10, 54, 26, 0, 59, 58, 12, 27, 28, 29, 15, 14, 37, 32, 2, 8, 56, 6, 9, 3, 52, 51, 41, 42, 39, 47
57, 9, 20, 19, 47, 34, 11, 7, 54, 0, 6, 12, 5, 46, 42, 51, 40, 52, 3, 1, 23, 49, 21, 36, 38, 48, 58, 2, 29, 44, 28, 39, 32, 15, 16, 33, 24, 50, 17, 22, 35, 27, 37, 53, 59, 30, 26, 4, 8, 14, 55, 56, 43, 31, 25, 18, 41, 45, 13, 10
1, 26, 16, 21, 10, 33, 5, 42, 0, 43, 4, 12, 51, 47, 56, 22, 53, 28, 50, 54, 40, 29, 24, 37, 9, 27, 39, 36, 7, 45, 49, 2, 52, 46, 13, 59, 44, 20, 55, 58, 57, 34, 19, 6, 35, 15, 31, 48, 14, 23, 30, 25, 8, 17, 41, 38, 18, 32, 3, 11
13, 18, 3, 5, 24, 12, 38, 28, 9, 4, 33, 53, 11, 48, 41, 20, 29, 6, 54, 14, 34, 25, 42, 49, 27, 52, 47, 51, 44, 2, 39, 23, 35, 45, 32, 50, 19, 37, 22, 58, 15, 36, 55, 26, 30, 0, 1, 16, 40, 8, 59, 56, 7, 43, 10, 31, 46, 17, 21, 57
37, 38, 1, 2, 15, 10, 43, 58, 40, 12, 9, 33, 24, 51, 30, 36, 55, 46, 42, 48, 41, 28, 57, 4, 7, 52, 19, 22, 27, 16, 49, 6, 13, 59, 32, 45, 50, 39, 35, 54, 44, 47, 17, 5, 26, 53, 29, 14, 3, 23, 20, 21, 34, 8, 56, 25, 18, 11, 0, 31
40, 41, 47, 55, 6, 49, 33, 51, 26, 22, 44, 25, 23, 13, 37, 36, 5, 39, 15, 52, 3, 9, 38, 4, 0, 18, 1, 20, 29, 8, 34, 12, 24, 48, 32, 56, 30, 31, 11, 7, 28, 2, 10, 42, 45, 58, 21, 54, 50, 43, 27, 57, 53, 59, 35, 46, 19, 14, 16, 17
53, 56, 18, 50, 21, 17, 14, 28, 16, 20, 39, 54, 31, 52, 19, 36, 24, 23, 22, 3, 34, 8, 15, 2, 46, 13, 4, 0, 55, 58, 32, 10, 57, 6, 38, 25, 41, 7, 33, 42, 27, 59, 43, 26, 1, 35, 47, 5, 11, 45, 40, 37, 49, 44, 12, 29, 30, 48, 51, 9
Pocket:
46, 17, 7, 59, 15, 24, 55, 1, 29, 57, 9, 50, 19, 0, 8, 58, 10, 26, 39, 49, 16, 12, 37, 4, 42, 54, 44, 53, 36, 20, 5, 52, 45, 35, 56, 3, 28, 43, 51, 34, 33, 27, 23, 14, 40, 22, 48, 31, 11, 2, 41, 38, 18, 6, 30, 21, 13, 47, 25, 32
30, 49, 16, 25, 36, 34, 7, 8, 19, 44, 38, 13, 14, 21, 1, 41, 3, 43, 31, 17, 18, 0, 55, 40, 6, 10, 9, 59, 5, 47, 39, 52, 12, 45, 26, 48, 37, 29, 28, 33, 56, 4, 20, 23, 46, 57, 51, 42, 27, 22, 24, 15, 2, 50, 32, 53, 11, 35, 54, 58
15, 51, 46, 48, 35, 31, 6, 54, 59, 53, 24, 16, 40, 28, 29, 30, 0, 17, 55, 50, 9, 21, 42, 13, 22, 58, 7, 56, 41, 2, 12, 19, 5, 45, 27, 4, 32, 44, 38, 26, 43, 23, 10, 8, 14, 57, 18, 52, 34, 1, 33, 37, 47, 11, 20, 25, 36, 49, 39, 3
14, 41, 22, 45, 35, 15, 43, 11, 29, 34, 25, 46, 54, 6, 36, 59, 5, 33, 27, 49, 50, 47, 37, 32, 16, 9, 38, 44, 28, 40, 17, 26, 0, 56, 39, 19, 18, 57, 51, 55, 20, 13, 1, 30, 10, 58, 48, 8, 42, 2, 31, 52, 53, 7, 21, 23, 4, 3, 24, 12
35, 23, 18, 37, 47, 44, 5, 22, 25, 53, 7, 20, 6, 50, 12, 49, 16, 24, 11, 17, 8, 14, 42, 15, 36, 38, 43, 39, 58, 19, 56, 1, 45, 21, 10, 13, 4, 33, 48, 30, 31, 3, 51, 32, 9, 41, 46, 29, 59, 28, 52, 54, 34, 27, 0, 2, 57, 26, 40, 55
7, 11, 54, 29, 27, 53, 52, 3, 24, 17, 9, 55, 0, 5, 8, 30, 39, 10, 58, 59, 33, 41, 31, 18, 36, 57, 22, 25, 32, 35, 45, 28, 49, 13, 21, 56, 40, 23, 26, 20, 1, 47, 51, 37, 44, 15, 2, 46, 19, 16, 43, 6, 4, 14, 12, 50, 34, 42, 48, 38
28, 41, 17, 40, 47, 10, 50, 38, 7, 25, 35, 36, 34, 54, 15, 46, 59, 27, 51, 18, 52, 39, 11, 12, 4, 3, 23, 58, 26, 57, 8, 13, 31, 16, 5, 56, 9, 6, 42, 2, 48, 43, 32, 21, 29, 49, 14, 55, 22, 24, 37, 53, 20, 19, 30, 45, 33, 1, 0, 44
32, 42, 51, 36, 25, 9, 59, 46, 8, 44, 41, 11, 57, 17, 15, 56, 31, 3, 6, 28, 38, 18, 39, 30, 10, 29, 53, 50, 5, 27, 55, 49, 43, 40, 13, 24, 35, 34, 22, 19, 37, 23, 0, 45, 14, 33, 12, 21, 54, 58, 4, 20, 1, 16, 2, 7, 47, 48, 52, 26
44, 54, 22, 48, 39, 53, 20, 4, 43, 52, 5, 3, 15, 59, 1, 12, 17, 35, 8, 30, 19, 11, 41, 40, 7, 38, 29, 37, 49, 57, 0, 42, 56, 45, 21, 9, 10, 28, 51, 55, 32, 47, 18, 6, 36, 33, 46, 58, 26, 27, 50, 23, 24, 14, 13, 25, 16, 34, 31, 2
32, 22, 30, 26, 17, 53, 43, 10, 56, 2, 31, 6, 16, 38, 28, 23, 12, 37, 44, 5, 42, 36, 39, 58, 33, 34, 25, 46, 29, 24, 21, 47, 3, 49, 18, 19, 15, 48, 13, 55, 59, 20, 57, 8, 50, 11, 51, 14, 40, 45, 0, 7, 54, 52, 41, 27, 9, 35, 4, 1
Pocket:
16, 23, 53, 57, 17, 14, 39, 15, 4, 41, 21, 34, 19, 36, 50, 43, 13, 56, 28, 5, 45, 42, 58, 29, 52, 59, 20, 26, 51, 7, 1, 22, 46, 30, 11, 54, 55, 24, 32, 3, 33, 31, 8, 48, 37, 35, 25, 12, 38, 40, 27, 47, 9, 18, 0, 49, 6, 10, 44, 2
38, 0, 22, 9, 7, 41, 15, 42, 12, 44, 36, 19, 49, 16, 23, 45, 58, 17, 18, 20, 57, 54, 52, 34, 37, 32, 3, 33, 25, 21, 1, 39, 31, 51, 50, 2, 24, 5, 28, 6, 10, 43, 30, 48, 35, 29, 8, 55, 53, 11, 14, 4, 40, 26, 27, 56, 46, 47, 59, 13
0, 42, 52, 9, 38, 48, 56, 58, 26, 18, 12, 43, 17, 30, 27, 4, 3, 22, 33, 59, 16, 24, 46, 34, 49, 31, 14, 55, 8, 6, 47, 35, 5, 54, 23, 19, 53, 45, 10, 44, 28, 21, 7, 20, 40, 2, 50, 39, 13, 25, 36, 37, 57, 51, 1, 32, 15, 29, 11, 41
40, 16, 49, 23, 35, 1, 27, 10, 56, 41, 2, 25, 18, 26, 59, 14, 38, 37, 19, 46, 43, 30, 44, 58, 20, 51, 39, 5, 3, 55, 11, 53, 12, 32, 6, 0, 8, 29, 45, 7, 22, 50, 21, 17, 28, 48, 34, 15, 33, 52, 42, 54, 31, 24, 9, 36, 47, 13, 4, 57
50, 32, 45, 56, 10, 41, 48, 37, 30, 43, 28, 57, 53, 31, 11, 58, 44, 13, 34, 21, 6, 14, 1, 24, 39, 17, 40, 16, 38, 2, 7, 51, 27, 29, 22, 23, 55, 8, 3, 9, 19, 15, 5, 52, 59, 47, 18, 12, 26, 54, 49, 0, 35, 4, 33, 36, 20, 42, 46, 25
31, 50, 26, 46, 43, 0, 33, 19, 22, 9, 58, 56, 21, 47, 45, 30, 41, 54, 18, 32, 23, 40, 36, 42, 39, 20, 48, 55, 15, 5, 25, 44, 29, 7, 35, 13, 4, 49, 57, 52, 11, 1, 34, 53, 12, 3, 51, 37, 8, 10, 38, 2, 6, 24, 16, 28, 17, 59, 14, 27
47, 28, 34, 59, 35, 48, 15, 36, 46, 10, 5, 58, 40, 14, 45, 25, 53, 7, 18, 20, 51, 29, 31, 9, 52, 41, 26, 19, 50, 12, 17, 23, 3, 1, 27, 22, 56, 42, 49, 55, 32, 16, 13, 43, 57, 21, 44, 24, 33, 39, 30, 4, 6, 38, 11, 37, 0, 8, 2, 54
29, 12, 48, 52, 36, 23, 18, 1, 16, 55, 49, 13, 17, 21, 9, 26, 15, 51, 24, 40, 44, 11, 54, 37, 27, 20, 38, 35, 53, 22, 45, 41, 7, 10, 50, 28, 2, 42, 39, 43, 31, 58, 32, 5, 25, 33, 8, 56, 4, 19, 57, 47, 34, 30, 3, 59, 46, 6, 14, 0
34, 12, 45, 15, 33, 49, 59, 28, 14, 18, 39, 24, 22, 0, 29, 46, 3, 19, 7, 50, 27, 51, 16, 21, 35, 26, 54, 5, 56, 30, 44, 43, 37, 9, 36, 42, 57, 48, 31, 6, 4, 23, 55, 40, 13, 10, 47, 38, 1, 32, 52, 53, 17, 25, 58, 8, 41, 2, 11, 20
59, 38, 7, 15, 30, 52, 21, 29, 4, 17, 0, 44, 14, 51, 24, 27, 46, 1, 45, 10, 16, 8, 56, 6, 20, 26, 19, 33, 50, 34, 32, 47, 58, 49, 18, 12, 39, 35, 55, 22, 3, 40, 9, 37, 31, 42, 54, 13, 41, 43, 23, 5, 28, 25, 53, 2, 11, 57, 48, 36
Pocket:
40, 17, 19, 32, 6, 52, 22, 21, 45, 24, 20, 27, 16, 49, 31, 56, 57, 36, 34, 10, 50, 8, 42, 9, 26, 3, 37, 12, 46, 1, 47, 44, 58, 38, 2, 4, 53, 7, 23, 33, 0, 13, 18, 48, 25, 51, 29, 30, 41, 35, 14, 5, 15, 11, 59, 55, 39, 54, 43, 28
20, 7, 19, 37, 25, 24, 45, 31, 16, 43, 28, 12, 8, 18, 35, 53, 57, 38, 44, 15, 39, 21, 34, 26, 47, 27, 51, 58, 2, 42, 41, 11, 22, 13, 29, 36, 14, 17, 59, 49, 9, 6, 30, 48, 33, 56, 4, 0, 54, 23, 52, 10, 32, 1, 3, 46, 40, 5, 55, 50
49, 39, 7, 16, 20, 3, 33, 13, 18, 21, 17, 10, 25, 46, 31, 0, 30, 1, 32, 28, 11, 40, 43, 15, 23, 35, 50, 34, 41, 56, 44, 42, 38, 47, 2, 53, 29, 26, 5, 52, 27, 14, 48, 22, 55, 19, 51, 59, 6, 24, 45, 8, 37, 12, 9, 4, 36, 54, 57, 58
42, 13, 29, 45, 17, 30, 23, 0, 31, 35, 8, 19, 52, 10, 58, 38, 4, 40, 12, 49, 21, 47, 57, 34, 16, 7, 55, 18, 1, 20, 59, 51, 6, 44, 15, 2, 33, 36, 22, 9, 48, 41, 32, 27, 53, 43, 37, 39, 24, 11, 25, 14, 54, 3, 56, 26, 28, 5, 46, 50
2, 44, 43, 22, 19, 47, 49, 10, 55, 13, 53, 39, 3, 23, 17, 41, 24, 12, 28, 4, 18, 21, 0, 1, 35, 11, 57, 46, 40, 48, 59, 8, 29, 30, 15, 37, 9, 27, 34, 51, 7, 54, 25, 38, 36, 52, 31, 16, 20, 5, 14, 32, 56, 58, 6, 50, 42, 45, 33, 26
25, 43, 48, 27, 36, 49, 8, 3, 22, 4, 32, 26, 2, 37, 53, 7, 57, 51, 1, 24, 41, 56, 35, 33, 21, 46, 5, 14, 45, 10, 50, 12, 38, 28, 58, 11, 30, 47, 23, 31, 29, 52, 13, 16, 20, 9, 19, 15, 0, 18, 54, 6, 55, 59, 34, 17, 39, 42, 44, 40
19, 32, 18, 23, 8, 31, 24, 16, 39, 34, 53, 46, 12, 22, 9, 2, 25, 20, 48, 26, 49, 50, 37, 15, 57, 21, 11, 45, 41, 52, 10, 56, 0, 55, 27, 7, 40, 1, 35, 44, 36, 5, 38, 28, 47, 43, 59, 30, 33, 3, 13, 54, 17, 29, 58, 6, 42, 14, 4, 51
11, 57, 34, 4, 28, 19, 58, 23, 26, 10, 38, 13, 3, 55, 40, 41, 56, 1, 36, 14, 30, 46, 8, 9, 31, 37, 49, 35, 20, 17, 16, 44, 25, 51, 5, 0, 15, 27, 12, 47, 39, 50, 53, 52, 6, 45, 18, 33, 48, 42, 43, 7, 21, 29, 32, 2, 54, 59, 24, 22
38, 31, 12, 29, 53, 26, 9, 0, 6, 19, 40, 50, 56, 27, 4, 21, 42, 35, 51, 15, 37, 10, 41, 8, 48, 44, 14, 52, 23, 11, 47, 33, 46, 28, 7, 32, 54, 34, 36, 49, 3, 59, 1, 45, 55, 22, 5, 25, 24, 17, 16, 18, 20, 13, 30, 39, 43, 2, 57, 58
24, 56, 57, 16, 13, 50, 4, 48, 41, 2, 23, 14, 28, 34, 15, 35, 22, 7, 6, 31, 38, 12, 26, 51, 36, 49, 5, 30, 20, 33, 10, 59, 43, 0, 42, 44, 37, 21, 8, 27, 9, 1, 19, 32, 25, 45, 39, 40, 46, 47, 3, 11, 55, 58, 17, 53, 52, 18, 54, 29
Pocket:
44, 25, 47, 39, 26, 29, 49, 59, 57, 48, 6, 30, 3, 0, 1, 23, 33, 12, 10, 41, 11, 46, 16, 52, 34, 5, 38, 21, 42, 54, 27, 9, 36, 14, 56, 15, 19, 22, 17, 53, 28, 45, 18, 35, 7, 58, 4, 55, 50, 32, 43, 24, 13, 51, 31, 2, 8, 40, 37, 20
55, 2, 42, 33, 37, 44, 46, 35, 59, 38, 6, 36, 4, 54, 8, 50, 15, 43, 10, 41, 7, 29, 53, 51, 52, 18, 22, 0, 56, 23, 45, 3, 9, 16, 26, 20, 25, 27, 24, 39, 19, 30, 14, 47, 5, 32, 12, 48, 11, 1, 34, 40, 58, 49, 31, 28, 57, 21, 17, 13
27, 56, 53, 45, 58, 15, 57, 6, 29, 1, 59, 4, 3, 30, 41, 7, 21, 18, 42, 52, 50, 47, 10, 17, 13, 28, 2, 26, 49, 9, 24, 8, 51, 0, 39, 38, 25, 14, 32, 19, 40, 55, 36, 31, 5, 23, 35, 46, 43, 12, 11, 37, 20, 48, 33, 54, 34, 22, 44, 16
50, 2, 33, 25, 18, 47, 32, 9, 49, 24, 46, 35, 15, 16, 53, 5, 6, 51, 12, 8, 55, 10, 11, 31, 27, 40, 56, 57, 52, 0, 38, 37, 43, 34, 30, 26, 59, 1, 20, 3, 19, 42, 41, 54, 17, 13, 44, 4, 39, 29, 48, 28, 14, 36, 23, 22, 7, 21, 58, 45
56, 6, 1, 46, 15, 24, 37, 2, 26, 5, 16, 22, 3, 50, 41, 32, 21, 57, 28, 45, 4, 0, 49, 9, 8, 20, 34, 53, 54, 51, 13, 27, 48, 39, 23, 17, 14, 42, 44, 18, 7, 47, 43, 52, 25, 58, 40, 19, 11, 29, 55, 10, 33, 36, 59, 31, 12, 35, 30, 38
15, 11, 27, 42, 44, 49, 22, 19, 7, 51, 24, 55, 34, 36, 32, 33, 26, 14, 5, 50, 9, 17, 35, 23, 37, 38, 56, 4, 39, 53, 45, 16, 13, 48, 8, 20, 58, 28, 12, 41, 31, 0, 3, 59, 21, 25, 10, 18, 52, 47, 6, 40, 54, 43, 46, 57, 2, 30, 1, 29
15, 59, 41, 27, 39, 1, 57, 54, 20, 5, 55, 3, 34, 26, 42, 18, 35, 22, 4, 49, 25, 16, 52, 46, 0, 53, 9, 37, 56, 2, 31, 44, 7, 17, 33, 50, 12, 48, 51, 30, 13, 29, 47, 23, 21, 19, 6, 40, 58, 43, 11, 36, 28, 10, 24, 38, 14, 32, 8, 45
21, 2, 51, 34, 41, 22, 15, 44, 17, 48, 3, 14, 47, 52, 8, 11, 46, 43, 9, 19, 12, 27, 56, 59, 54, 55, 29, 53, 38, 7, 45, 50, 6, 58, 37, 13, 4, 23, 35, 0, 42, 5, 36, 57, 20, 31, 30, 18, 32, 25, 33, 40, 28, 1, 16, 24, 39, 26, 10, 49
43, 13, 44, 18, 57, 3, 58, 33, 0, 8, 59, 47, 1, 26, 51, 34, 9, 15, 22, 27, 28, 38, 56, 12, 53, 31, 50, 29, 20, 14, 5, 23, 45, 46, 55, 21, 49, 52, 10, 17, 4, 2, 41, 16, 40, 32, 36, 11, 6, 7, 19, 30, 54, 42, 24, 35, 48, 37, 39, 25
58, 23, 21, 41, 22, 34, 32, 8, 37, 42, 59, 24, 49, 20, 13, 45, 3, 56, 18, 52, 19, 33, 26, 46, 25, 15, 5, 40, 11, 54, 2, 9, 35, 7, 43, 55, 29, 27, 28, 57, 4, 44, 51, 12, 30, 0, 10, 39, 6, 1, 48, 47, 36, 50, 14, 53, 16, 17, 38, 31
Pocket:
9, 12, 53, 18, 19, 58, 22, 40, 4, 3, 16, 29, 49, 42, 48, 34, 8, 52, 27, 55, 7, 23, 0, 50, 59, 54, 1, 46, 51, 25, 31, 17, 39, 57, 11, 37, 26, 6, 2, 35, 33, 14, 20, 10, 44, 5, 28, 45, 36, 41, 30, 21, 15, 56, 13, 47, 43, 24, 32, 38
49, 59, 0, 57, 27, 20, 33, 41, 34, 54, 53, 9, 12, 31, 23, 42, 38, 5, 45, 10, 37, 44, 24, 48, 13, 40, 8, 1, 55, 22, 43, 35, 50, 25, 6, 11, 39, 18, 32, 52, 4, 30, 7, 29, 28, 17, 16, 51, 58, 3, 47, 14, 56, 19, 26, 36, 46, 2, 21, 15
34, 31, 25, 5, 52, 42, 4, 45, 59, 38, 7, 29, 32, 23, 58, 13, 17, 24, 27, 40, 37, 48, 14, 44, 22, 39, 10, 6, 51, 11, 19, 50, 18, 9, 43, 1, 12, 41, 2, 53, 47, 21, 0, 46, 8, 35, 33, 56, 54, 28, 49, 55, 57, 30, 26, 15, 3, 16, 20, 36
38, 40, 18, 4, 14, 8, 46, 49, 17, 27, 22, 30, 31, 43, 33, 21, 48, 23, 51, 28, 5, 12, 32, 6, 20, 11, 10, 59, 39, 54, 45, 52, 34, 25, 2, 7, 29, 26, 3, 42, 41, 47, 24, 0, 19, 13, 16, 44, 57, 53, 35, 36, 56, 9, 50, 55, 37, 1, 58, 15
48, 42, 30, 34, 35, 43, 47, 53, 9, 36, 6, 54, 26, 21, 20, 29, 4, 59, 37, 2, 15, 55, 8, 33, 13, 10, 0, 11, 56, 57, 19, 58, 25, 32, 31, 14, 38, 7, 49, 41, 1, 51, 40, 23, 45, 39, 28, 5, 18, 24, 50, 22, 44, 52, 12, 27, 16, 3, 46, 17
46, 43, 19, 39, 26, 50, 57, 20, 27, 44, 42, 22, 34, 18, 5, 9, 56, 31, 40, 38, 49, 32, 24, 25, 33, 10, 45, 29, 17, 35, 59, 16, 2, 23, 54, 1, 30, 3, 52, 12, 41, 4, 13, 6, 58, 11, 15, 7, 47, 53, 51, 14, 0, 48, 28, 21, 36, 55, 37, 8
43, 40, 22, 58, 19, 4, 55, 25, 31, 54, 21, 7, 48, 3, 30, 50, 17, 46, 56, 38, 28, 41, 39, 29, 13, 14, 35, 15, 32, 45, 12, 9, 52, 37, 0, 36, 57, 10, 23, 53, 1, 34, 18, 24, 42, 11, 44, 2, 49, 51, 5, 16, 6, 59, 47, 8, 20, 26, 27, 33
17, 8, 59, 28, 57, 35, 13, 43, 29, 11, 46, 33, 12, 41, 36, 58, 52, 2, 7, 5, 6, 14, 20, 23, 53, 38, 21, 50, 34, 39, 15, 45, 49, 19, 18, 51, 42, 3, 30, 26, 10, 22, 55, 1, 24, 0, 31, 16, 32, 44, 40, 4, 54, 27, 56, 25, 9, 37, 47, 48
53, 2, 52, 30, 22, 15, 26, 27, 18, 40, 1, 33, 16, 46, 48, 11, 43, 12, 42, 54, 35, 31, 9, 58, 29, 51, 23, 6, 24, 10, 37, 28, 21, 3, 20, 39, 36, 49, 55, 32, 17, 59, 7, 44, 13, 50, 5, 25, 57, 4, 0, 8, 41, 14, 45, 38, 19, 47, 56, 34
48, 30, 32, 9, 34, 52, 1, 18, 41, 2, 55, 39, 43, 4, 19, 5, 58, 51, 40, 36, 42, 7, 31, 27, 8, 57, 22, 25, 56, 3, 35, 53, 47, 6, 37, 10, 59, 17, 15, 21, 24, 11, 38, 12, 16, 46, 50, 45, 14, 0, 26, 54, 33, 29, 23, 20, 13, 28, 49, 44
