Pocket:
26, 8, 6, 3, 11, 23, 12, 22, 15, 20, 28, 27, 19, 17, 21, 7, 1, 14, 5, 2, 0, 9, 16, 4, 29, 10, 25, 18, 13, 24
12, 19, 16, 29, 2, 24, 7, 26, 21, 13, 4, 3, 17, 6, 23, 1, 18, 25, 10, 0, 5, 15, 20, 28, 8, 9, 14, 11, 22, 27
25, 23, 1, 11, 17, 8, 29, 0, 2, 18, 7, 26, 21, 3, 19, 9, 4, 5, 20, 15, 14, 10, 12, 28, 27, 22, 16, 13, 24, 6
8, 11, 0, 23, 15, 4, 6, 12, 24, 2, 22, 26, 27, 28, 18, 20, 29, 10, 13, 25, 5, 21, 16, 17, 9, 7, 3, 19, 1, 14
26, 21, 10, 25, 15, 0, 4, 11, 18, 17, 24, 5, 29, 7, 28, 23, 20, 12, 6, 22, 14, 19, 16, 3, 9, 2, 8, 1, 27, 13
2, 7, 17, 8, 15, 3, 0, 22, 20, 10, 18, 19, 27, 4, 16, 11, 13, 21, 1, 9, 24, 25, 28, 14, 29, 5, 6, 26, 23, 12
3, 5, 26, 25, 7, 2, 14, 12, 20, 4, 22, 13, 24, 9, 11, 28, 23, 8, 1, 6, 18, 0, 21, 27, 29, 15, 10, 17, 19, 16
19, 7, 21, 22, 2, 1, 10, 4, 25, 5, 12, 28, 24, 15, 9, 11, 3, 26, 16, 6, 14, 18, 20, 0, 17, 29, 27, 13, 23, 8
18, 26, 16, 28, 12, 22, 6, 25, 7, 11, 8, 13, 10, 2, 17, 15, 29, 21, 3, 19, 14, 0, 5, 9, 20, 24, 27, 23, 4, 1
12, 15, 9, 16, 20, 4, 13, 23, 17, 26, 28, 8, 18, 0, 5, 3, 2, 14, 27, 6, 11, 25, 22, 21, 1, 24, 19, 10, 7, 29
Pocket:
3, 29, 12, 6, 24, 4, 25, 1, 22, 28, 0, 20, 11, 17, 16, 21, 19, 23, 27, 26, 14, 18, 7, 15, 5, 13, 8, 2, 9, 10
12, 7, 23, 8, 15, 10, 20, 0, 19, 29, 17, 2, 13, 11, 9, 28, 22, 18, 21, 5, 4, 26, 6, 24, 27, 14, 25, 1, 3, 16
13, 15, 26, 9, 20, 28, 25, 24, 19, 4, 17, 18, 7, 0, 1, 3, 6, 23, 29, 5, 21, 10, 22, 8, 27, 14, 16, 2, 11, 12
17, 16, 3, 6, 26, 0, 29, 1, 2, 20, 25, 9, 5, 24, 23, 7, 15, 21, 10, 18, 14, 8, 13, 27, 19, 28, 11, 22, 4, 12
22, 13, 21, 6, 18, 24, 14, 29, 16, 25, 17, 8, 9, 11, 23, 5, 12, 26, 19, 10, 2, 3, 27, 28, 0, 20, 7, 4, 15, 1
9, 3, 12, 18, 5, 8, 22, 1, 0, 7, 15, 25, 21, 17, 28, 16, 29, 23, 6, 19, 4, 20, 2, 26, 10, 11, 14, 24, 13, 27
21, 10, 23, 16, 5, 4, 18, 3, 2, 0, 28, 12, 19, 11, 29, 27, 1, 8, 6, 15, 13, 14, 22, 9, 20, 26, 17, 24, 7, 25
11, 28, 10, 21, 23, 24, 20, 18, 16, 17, 25, 27, 14, 5, 13, 26, 2, 29, 9, 0, 19, 1, 7, 8, 22, 6, 12, 15, 3, 4
22, 27, 17, 0, 24, 11, 9, 16, 13, 29, 14, 15, 26, 6, 2, 8, 28, 19, 18, 21, 23, 1, 25, 4, 20, 3, 5, 10, 7, 12
14, 21, 8, 13, 22, 12, 20, 26, 2, 29, 1, 19, 11, 24, 15, 25, 7, 18, 23, 27, 16, 28, 17, 5, 9, 0, 4, 10, 6, 3
Pocket:
19, 25, 11, 13, 5, 14, 28, 1, 24, 4, 22, 21, 12, 3, 0, 8, 10, 16, 18, 26, 27, 2, 9, 20, 15, 7, 6, 17, 23, 29
11, 15, 18, 0, 6, 29, 28, 8, 21, 5, 26, 19, 13, 3, 4, 14, 2, 20, 9, 25, 17, 10, 27, 22, 1, 16, 23, 12, 7, 24
23, 20, 7, 27, 13, 6, 4, 21, 22, 17, 25, 11, 15, 19, 0, 10, 29, 24, 5, 3, 14, 26, 12, 16, 9, 8, 28, 2, 18, 1
9, 22, 25, 7, 12, 2, 10, 23, 24, 4, 5, 21, 17, 14, 11, 16, 0, 29, 8, 3, 20, 15, 1, 18, 13, 6, 19, 26, 28, 27
14, 4, 16, 21, 29, 23, 9, 8, 25, 13, 17, 20, 2, 0, 19, 24, 1, 10, 6, 15, 12, 11, 28, 22, 27, 26, 18, 5, 7, 3
14, 29, 25, 28, 11, 1, 8, 20, 10, 0, 22, 7, 13, 15, 9, 4, 17, 6, 21, 23, 18, 24, 19, 3, 5, 12, 27, 2, 26, 16
12, 26, 8, 19, 3, 6, 1, 28, 20, 4, 23, 29, 9, 13, 22, 18, 15, 16, 2, 27, 11, 14, 10, 21, 17, 24, 0, 7, 25, 5
0, 3, 8, 22, 16, 14, 9, 1, 17, 19, 18, 2, 12, 23, 26, 10, 25, 5, 21, 20, 6, 13, 24, 15, 27, 29, 11, 28, 7, 4
13, 20, 7, 3, 10, 28, 23, 5, 0, 12, 9, 27, 11, 2, 8, 22, 14, 24, 19, 4, 26, 1, 6, 15, 21, 17, 16, 25, 18, 29
8, 5, 24, 29, 27, 0, 7, 3, 2, 20, 13, 9, 12, 1, 18, 6, 26, 14, 15, 17, 4, 22, 10, 28, 21, 19, 16, 25, 23, 11
Pocket:
22, 23, 6, 4, 9, 16, 7, 15, 0, 21, 8, 27, 26, 17, 19, 12, 25, 10, 1, 5, 18, 24, 13, 28, 20, 3, 11, 14, 2, 29
8, 22, 4, 2, 10, 25, 27, 17, 3, 20, 24, 28, 11, 12, 6, 5, 18, 0, 21, 19, 1, 7, 16, 29, 13, 26, 9, 23, 15, 14
8, 19, 13, 3, 0, 16, 25, 26, 28, 17, 27, 6, 29, 24, 11, 23, 18, 20, 21, 15, 7, 14, 2, 5, 10, 22, 12, 1, 4, 9
10, 28, 9, 5, 17, 8, 11, 4, 18, 29, 27, 24, 6, 0, 2, 16, 15, 26, 22, 3, 14, 13, 19, 12, 20, 1, 23, 21, 7, 25
14, 25, 2, 0, 1, 16, 8, 29, 12, 5, 9, 22, 13, 24, 17, 28, 6, 7, 3, 27, 21, 23, 20, 18, 10, 4, 15, 19, 26, 11
2, 10, 1, 22, 14, 25, 7, 0, 20, 26, 13, 16, 19, 18, 24, 8, 28, 9, 4, 21, 11, 3, 29, 12, 6, 15, 27, 17, 5, 23
15, 5, 24, 29, 27, 10, 18, 12, 20, 6, 14, 2, 16, 0, 11, 17, 9, 13, 26, 4, 8, 25, 23, 21, 22, 3, 19, 1, 7, 28
28, 20, 6, 9, 0, 16, 8, 25, 4, 1, 29, 3, 10, 2, 19, 21, 15, 11, 14, 13, 24, 12, 23, 18, 17, 27, 7, 22, 5, 26
17, 19, 8, 14, 18, 26, 20, 25, 7, 6, 1, 27, 23, 24, 15, 28, 13, 10, 21, 22, 3, 11, 9, 12, 2, 29, 16, 5, 0, 4
11, 6, 7, 15, 12, 18, 2, 16, 26, 9, 22, 25, 21, 10, 5, 24, 3, 1, 13, 0, 17, 28, 8, 14, 27, 23, 20, 4, 19, 29
Pocket:
14, 17, 5, 25, 2, 0, 26, 29, 28, 6, 27, 8, 9, 4, 19, 3, 12, 24, 1, 18, 22, 23, 10, 15, 21, 7, 13, 16, 20, 11
6, 10, 25, 4, 24, 17, 5, 13, 29, 9, 27, 1, 14, 12, 7, 2, 23, 16, 15, 19, 3, 22, 0, 8, 26, 28, 20, 21, 11, 18
16, 21, 9, 11, 7, 26, 14, 6, 17, 27, 23, 25, 15, 4, 2, 20, 19, 12, 29, 13, 5, 24, 8, 0, 22, 18, 3, 28, 1, 10
21, 18, 0, 8, 11, 16, 15, 3, 4, 13, 29, 12, 27, 17, 22, 2, 10, 23, 6, 20, 24, 1, 5, 25, 9, 7, 14, 28, 26, 19
6, 14, 24, 10, 26, 23, 11, 4, 8, 12, 29, 25, 0, 5, 18, 16, 17, 19, 2, 13, 9, 22, 1, 28, 15, 7, 20, 27, 3, 21
18, 23, 4, 20, 24, 25, 27, 9, 2, 1, 26, 0, 11, 17, 12, 6, 3, 28, 10, 15, 8, 22, 19, 13, 29, 14, 5, 7, 21, 16
11, 12, 19, 3, 14, 26, 22, 9, 28, 18, 1, 21, 25, 6, 24, 20, 15, 8, 2, 27, 13, 29, 4, 17, 7, 10, 23, 5, 16, 0
21, 0, 2, 3, 27, 10, 6, 11, 24, 29, 7, 17, 28, 5, 16, 23, 9, 18, 12, 13, 22, 14, 25, 20, 8, 26, 1, 19, 15, 4
1, 19, 29, 6, 23, 11, 7, 25, 16, 18, 0, 9, 21, 14, 13, 26, 5, 20, 15, 8, 3, 27, 12, 22, 4, 17, 10, 28, 2, 24
10, 7, 26, 23, 18, 22, 28, 17, 29, 25, 14, 1, 5, 13, 11, 9, 20, 12, 16, 6, 15, 3, 21, 19, 24, 4, 27, 2, 0, 8
Pocket:
19, 6, 11, 18, 20, 9, 17, 26, 23, 4, 14, 22, 2, 29, 3, 10, 27, 7, 25, 8, 1, 13, 16, 24, 12, 15, 21, 28, 0, 5
25, 18, 4, 13, 9, 23, 1, 28, 11, 26, 8, 21, 14, 29, 5, 7, 20, 15, 2, 12, 16, 22, 10, 24, 27, 17, 6, 3, 0, 19
1, 15, 17, 19, 11, 4, 0, 26, 18, 5, 3, 25, 6, 28, 20, 9, 7, 10, 21, 16, 14, 2, 8, 29, 27, 13, 12, 23, 22, 24
10, 24, 16, 9, 13, 14, 28, 26, 6, 4, 0, 29, 18, 8, 15, 23, 3, 5, 2, 7, 11, 25, 17, 21, 27, 19, 20, 1, 12, 22
12, 24, 29, 7, 23, 18, 17, 9, 4, 10, 25, 16, 20, 14, 0, 19, 27, 22, 6, 21, 5, 13, 3, 11, 15, 28, 1, 2, 8, 26
2, 10, 17, 14, 15, 23, 25, 21, 24, 28, 3, 11, 20, 27, 13, 18, 16, 5, 8, 22, 19, 0, 29, 26, 6, 12, 1, 4, 7, 9
10, 13, 14, 20, 17, 11, 4, 18, 2, 0, 22, 23, 15, 5, 28, 21, 6, 29, 26, 3, 1, 8, 16, 12, 9, 27, 7, 24, 25, 19
5, 14, 9, 15, 3, 18, 6, 12, 24, 1, 19, 26, 23, 7, 4, 0, 16, 29, 25, 21, 17, 11, 22, 8, 13, 2, 27, 20, 28, 10
7, 26, 9, 11, 8, 29, 17, 27, 16, 2, 23, 24, 20, 3, 4, 6, 22, 5, 21, 18, 15, 10, 25, 1, 13, 19, 14, 0, 12, 28
10, 18, 19, 12, 25, 11, 20, 13, 26, 2, 15, 22, 4, 3, 1, 24, 7, 17, 27, 9, 5, 21, 14, 28, 29, 23, 0, 16, 8, 6
Pocket:
10, 29, 23, 7, 4, 8, 13, 1, 26, 18, 5, 3, 19, 0, 22, 25, 21, 6, 20, 12, 9, 28, 17, 2, 15, 27, 14, 16, 11, 24
1, 2, 0, 5, 17, 15, 7, 13, 16, 3, 21, 4, 27, 22, 25, 6, 24, 11, 19, 8, 28, 29, 26, 12, 10, 18, 9, 14, 23, 20
22, 13, 9, 10, 8, 16, 28, 25, 26, 19, 17, 1, 11, 4, 14, 27, 20, 18, 12, 0, 15, 29, 21, 7, 23, 2, 6, 24, 3, 5
0, 10, 27, 29, 9, 22, 26, 17, 13, 21, 7, 18, 19, 6, 5, 28, 24, 23, 1, 15, 12, 14, 2, 16, 25, 3, 20, 11, 8, 4
6, 13, 1, 20, 3, 14, 27, 4, 28, 29, 7, 21, 0, 8, 9, 22, 12, 24, 17, 18, 15, 26, 5, 23, 25, 11, 16, 19, 10, 2
29, 19, 10, 22, 2, 3, 27, 25, 5, 11, 6, 16, 1, 24, 4, 28, 9, 23, 15, 17, 7, 0, 21, 20, 12, 8, 26, 13, 14, 18
3, 28, 1, 27, 2, 4, 11, 25, 24, 18, 9, 6, 10, 12, 22, 7, 0, 20, 14, 8, 16, 15, 29, 19, 5, 13, 21, 26, 23, 17
14, 19, 5, 2, 23, 6, 10, 24, 3, 4, 1, 15, 27, 11, 21, 22, 29, 28, 20, 18, 17, 7, 9, 26, 25, 0, 8, 13, 16, 12
16, 15, 23, 21, 18, 17, 28, 29, 14, 8, 24, 4, 13, 3, 12, 7, 22, 10, 0, 6, 1, 20, 11, 19, 27, 26, 2, 9, 25, 5
29, 1, 16, 21, 8, 17, 11, 3, 0, 15, 23, 18, 12, 9, 13, 14, 24, 7, 20, 6, 27, 5, 2, 22, 19, 26, 4, 28, 25, 10
Pocket:
4, 8, 6, 17, 25, 11, 12, 29, 21, 16, 26, 10, 15, 9, 18, 14, 7, 28, 1, 3, 0, 24, 27, 19, 2, 23, 5, 22, 13, 20
8, 10, 7, 2, 11, 19, 12, 14, 22, 4, 25, 23, 20, 24, 3, 5, 6, 27, 18, 1, 16, 13, 21, 26, 29, 9, 15, 28, 17, 0
26, 27, 3, 22, 20, 19, 4, 15, 28, 12, 10, 18, 21, 6, 9, 1, 11, 16, 14, 23, 24, 25, 7, 8, 2, 13, 0, 5, 17, 29
18, 13, 12, 8, 7, 2, 0, 28, 23, 26, 3, 15, 10, 19, 4, 11, 1, 17, 9, 20, 27, 25, 14, 21, 24, 16, 6, 22, 29, 5
23, 13, 25, 6, 14, 8, 3, 22, 17, 20, 18, 11, 4, 27, 29, 24, 7, 21, 19, 26, 15, 0, 5, 1, 12, 16, 28, 2, 9, 10
7, 11, 0, 6, 25, 12, 16, 19, 24, 8, 2, 23, 14, 20, 22, 9, 18, 17, 5, 28, 29, 15, 10, 1, 21, 3, 26, 27, 13, 4
9, 12, 21, 26, 8, 4, 28, 1, 20, 15, 16, 7, 0, 18, 2, 19, 14, 23, 22, 27, 13, 29, 17, 11, 24, 3, 5, 25, 10, 6
16, 4, 23, 2, 25, 21, 27, 8, 18, 22, 6, 28, 15, 10, 14, 9, 5, 0, 17, 24, 7, 13, 29, 26, 3, 11, 20, 19, 12, 1
12, 27, 19, 2, 5, 13, 17, 25, 8, 11, 10, 26, 1, 18, 20, 28, 24, 6, 23, 14, 3, 7, 21, 9, 16, 29, 22, 0, 15, 4
10, 6, 16, 0, 23, 22, 15, 18, 17, 13, 28, 5, 3, 29, 19, 14, 12, 20, 24, 1, 21, 25, 8, 2, 27, 26, 7, 11, 9, 4
Pocket:
7, 18, 6, 2, 25, 3, 14, 12, 17, 23, 27, 15, 16, 22, 8, 20, 21, 24, 19, 26, 29, 1, 5, 4, 9, 10, 13, 0, 28, 11
22, 29, 28, 17, 9, 2, 0, 15, 26, 25, 11, 12, 7, 21, 8, 27, 16, 3, 19, 24, 4, 23, 10, 14, 1, 20, 18, 13, 6, 5
2, 27, 15, 9, 5, 3, 25, 17, 26, 16, 21, 13, 23, 22, 20, 1, 4, 11, 29, 18, 14, 8, 28, 6, 10, 7, 12, 0, 24, 19
15, 7, 5, 11, 25, 17, 0, 27, 2, 6, 9, 19, 1, 29, 24, 14, 22, 20, 18, 16, 10, 13, 8, 21, 12, 28, 4, 26, 23, 3
2, 24, 16, 15, 28, 4, 21, 1, 20, 5, 3, 7, 22, 6, 12, 14, 19, 10, 29, 9, 13, 25, 17, 8, 26, 18, 11, 0, 23, 27
9, 28, 27, 23, 16, 14, 18, 21, 29, 10, 8, 0, 5, 6, 12, 25, 24, 11, 22, 13, 15, 26, 4, 3, 2, 1, 7, 17, 20, 19
17, 2, 20, 1, 13, 15, 0, 5, 16, 23, 8, 4, 27, 24, 11, 26, 18, 28, 3, 12, 14, 21, 10, 19, 29, 7, 25, 22, 9, 6
23, 24, 21, 12, 10, 29, 9, 3, 26, 13, 5, 15, 19, 14, 18, 25, 1, 16, 8, 2, 28, 20, 11, 0, 27, 17, 4, 22, 7, 6
23, 14, 17, 1, 18, 28, 20, 19, 22, 6, 27, 21, 12, 2, 24, 25, 13, 5, 3, 11, 9, 7, 26, 15, 4, 29, 8, 0, 10, 16
7, 13, 18, 21, 2, 29, 5, 11, 27, 24, 1, 6, 9, 10, 16, 14, 8, 26, 15, 17, 3, 25, 0, 28, 23, 19, 22, 12, 20, 4
Pocket:
11, 28, 25, 1, 21, 7, 29, 5, 26, 23, 16, 15, 4, 9, 27, 17, 24, 12, 22, 2, 18, 13, 19, 6, 20, 0, 14, 3, 8, 10
12, 27, 7, 22, 8, 25, 1, 4, 24, 10, 5, 11, 20, 14, 17, 26, 19, 6, 21, 9, 28, 2, 23, 15, 0, 29, 13, 18, 3, 16
4, 0, 25, 28, 20, 16, 5, 15, 8, 14, 19, 10, 29, 27, 21, 11, 26, 24, 2, 1, 6, 13, 3, 7, 12, 18, 22, 23, 9, 17
3, 2, 22, 24, 11, 25, 21, 0, 27, 29, 13, 23, 10, 15, 28, 9, 16, 8, 26, 12, 5, 4, 19, 6, 18, 14, 7, 1, 20, 17
24, 16, 13, 5, 12, 17, 28, 11, 29, 25, 15, 18, 8, 19, 1, 22, 26, 14, 20, 10, 7, 23, 6, 2, 21, 3, 4, 9, 27, 0
10, 6, 21, 15, 12, 1, 23, 25, 20, 4, 26, 2, 11, 14, 18, 17, 5, 27, 7, 24, 28, 8, 29, 13, 3, 19, 22, 9, 0, 16
3, 23, 28, 25, 11, 13, 7, 10, 1, 15, 16, 2, 0, 18, 14, 5, 20, 27, 26, 22, 24, 17, 6, 4, 21, 19, 29, 9, 12, 8
24, 4, 10, 29, 18, 1, 0, 11, 5, 2, 23, 7, 8, 27, 14, 22, 16, 28, 26, 6, 25, 17, 9, 12, 20, 21, 3, 15, 19, 13
10, 4, 18, 21, 28, 19, 16, 6, 9, 14, 5, 24, 3, 26, 17, 7, 27, 12, 29, 25, 22, 2, 23, 11, 1, 0, 15, 20, 13, 8
22, 14, 15, 18, 21, 27, 10, 2, 6, 19, 3, 26, 23, 17, 13, 11, 7, 4, 5, 25, 29, 20, 8, 0, 9, 12, 1, 16, 28, 24
Pocket:
1, 6, 23, 4, 17, 12, 22, 29, 3, 28, 8, 25, 24, 20, 7, 21, 16, 15, 14, 9, 10, 13, 5, 11, 19, 18, 2, 27, 0, 26
25, 11, 18, 22, 20, 24, 3, 10, 8, 27, 21, 5, 14, 28, 23, 15, 1, 29, 17, 9, 19, 13, 4, 2, 26, 0, 7, 12, 16, 6
8, 19, 21, 2, 9, 11, 15, 12, 26, 6, 7, 10, 23, 25, 14, 24, 16, 5, 22, 1, 20, 29, 18, 0, 27, 28, 4, 3, 17, 13
19, 10, 20, 1, 29, 25, 26, 14, 23, 5, 11, 7, 6, 28, 3, 15, 16, 24, 0, 4, 18, 2, 9, 17, 13, 12, 22, 21, 8, 27
28, 13, 0, 8, 29, 15, 12, 2, 16, 22, 4, 3, 18, 23, 14, 19, 17, 20, 9, 27, 1, 6, 24, 25, 26, 7, 5, 10, 11, 21
26, 25, 2, 12, 4, 15, 23, 7, 28, 1, 13, 27, 18, 11, 5, 16, 14, 17, 9, 21, 22, 8, 3, 20, 6, 19, 10, 0, 29, 24
4, 3, 15, 29, 0, 1, 22, 17, 23, 9, 16, 27, 2, 25, 5, 20, 26, 6, 8, 28, 12, 21, 24, 7, 11, 13, 10, 19, 18, 14
29, 23, 7, 0, 18, 17, 9, 12, 25, 10, 27, 3, 8, 15, 11, 13, 24, 21, 28, 20, 14, 22, 2, 26, 1, 6, 4, 5, 19, 16
24, 29, 9, 26, 12, 14, 28, 21, 15, 4, 6, 7, 3, 1, 8, 18, 0, 25, 27, 5, 19, 13, 11, 23, 17, 10, 2, 20, 16, 22
14, 11, 15, 21, 12, 25, 22, 5, 17, 27, 3, 23, 26, 9, 18, 7, 13, 1, 4, 10, 0, 16, 20, 19, 6, 2, 28, 24, 8, 29
Pocket:
19, 10, 14, 22, 4, 9, 12, 23, 16, 6, 15, 1, 7, 5, 11, 25, 21, 0, 13, 28, 18, 20, 29, 2, 27, 17, 24, 3, 26, 8
4, 6, 11, 0, 3, 18, 24, 26, 28, 5, 17, 20, 8, 9, 23, 10, 15, 16, 13, 25, 2, 12, 21, 29, 27, 1, 19, 7, 22, 14
19, 14, 24, 16, 8, 0, 3, 25, 21, 13, 4, 20, 18, 9, 29, 11, 12, 5, 22, 6, 27, 17, 2, 1, 26, 15, 23, 7, 10, 28
5, 2, 24, 23, 28, 25, 8, 13, 10, 15, 16, 3, 1, 14, 26, 18, 29, 21, 19, 0, 9, 20, 7, 22, 17, 4, 6, 12, 11, 27
18, 0, 14, 5, 2, 23, 8, 12, 9, 1, 20, 10, 25, 21, 28, 22, 17, 6, 29, 3, 11, 26, 16, 19, 24, 27, 13, 7, 4, 15
17, 0, 21, 3, 26, 16, 25, 2, 20, 7, 12, 28, 6, 18, 23, 29, 1, 15, 9, 22, 24, 11, 19, 13, 27, 14, 8, 10, 4, 5
19, 24, 23, 15, 13, 26, 8, 1, 3, 4, 0, 6, 25, 27, 11, 10, 12, 17, 20, 29, 2, 28, 14, 21, 16, 5, 18, 9, 7, 22
23, 10, 13, 22, 11, 1, 3, 16, 5, 4, 27, 28, 0, 29, 9, 7, 2, 26, 19, 6, 14, 24, 25, 15, 18, 20, 17, 8, 12, 21
14, 8, 13, 12, 2, 23, 21, 3, 26, 17, 11, 15, 28, 9, 16, 18, 19, 0, 24, 20, 6, 22, 27, 4, 7, 29, 10, 1, 25, 5
19, 27, 4, 24, 15, 7, 29, 28, 21, 8, 2, 18, 22, 16, 10, 26, 5, 20, 12, 6, 14, 3, 0, 1, 23, 11, 17, 13, 25, 9
Pocket:
27, 25, 11, 15, 23, 26, 28, 10, 2, 9, 7, 18, 21, 16, 1, 19, 17, 4, 6, 12, 22, 5, 3, 0, 13, 29, 20, 14, 24, 8
6, 21, 5, 15, 9, 2, 18, 16, 11, 23, 12, 26, 27, 10, 14, 13, 8, 22, 25, 28, 20, 4, 1, 29, 24, 19, 0, 17, 7, 3
24, 20, 10, 5, 17, 11, 14, 1, 9, 6, 12, 7, 23, 21, 27, 19, 26, 18, 25, 29, 28, 15, 16, 4, 22, 8, 0, 2, 13, 3
23, 2, 25, 0, 12, 18, 24, 11, 9, 16, 28, 29, 7, 3, 20, 22, 4, 13, 14, 1, 5, 6, 26, 21, 27, 19, 17, 15, 10, 8
12, 3, 14, 16, 9, 13, 29, 19, 5, 1, 2, 25, 15, 27, 22, 10, 18, 7, 8, 23, 0, 28, 20, 24, 6, 4, 17, 11, 26, 21
3, 15, 29, 7, 17, 4, 28, 22, 25, 14, 2, 11, 26, 9, 27, 19, 12, 5, 6, 16, 23, 10, 20, 8, 0, 1, 21, 24, 13, 18
16, 19, 8, 27, 0, 6, 7, 25, 17, 18, 23, 12, 13, 22, 4, 3, 24, 21, 29, 1, 28, 5, 26, 14, 2, 10, 11, 15, 20, 9
8, 1, 27, 20, 3, 16, 21, 29, 11, 14, 15, 12, 26, 23, 17, 5, 22, 18, 24, 7, 10, 0, 13, 25, 9, 2, 6, 19, 4, 28
14, 0, 10, 1, 5, 26, 16, 11, 6, 17, 28, 3, 9, 7, 22, 27, 4, 19, 23, 24, 12, 13, 2, 8, 18, 25, 20, 21, 29, 15
5, 8, 27, 9, 22, 19, 11, 21, 0, 15, 18, 12, 23, 16, 26, 7, 6, 20, 1, 28, 29, 24, 2, 13, 14, 3, 25, 4, 17, 10