Pocket:
33, 58, 56, 19, 13, 30, 59, 4, 27, 24, 31, 16, 55, 35, 50, 44, 43, 32, 53, 22, 41, 18, 2, 45, 10, 15, 12, 11, 29, 14, 5, 49, 0, 28, 21, 38, 6, 23, 26, 51, 46, 7, 9, 34, 39, 48, 8, 57, 52, 17, 40, 54, 3, 25, 37, 42, 36, 1, 20, 47
53, 38, 41, 43, 28, 54, 35, 42, 0, 34, 21, 16, 33, 2, 5, 37, 14, 3, 47, 11, 45, 27, 44, 46, 30, 17, 51, 40, 39, 52, 50, 13, 36, 23, 49, 57, 56, 4, 32, 22, 48, 18, 1, 8, 55, 9, 7, 26, 12, 24, 15, 10, 59, 20, 29, 19, 6, 31, 58, 25
10, 52, 49, 21, 36, 19, 59, 30, 23, 6, 37, 54, 35, 13, 29, 3, 4, 22, 17, 12, 14, 40, 8, 5, 11, 43, 20, 50, 32, 51, 28, 42, 39, 25, 56, 7, 53, 34, 46, 31, 58, 55, 47, 48, 16, 9, 57, 26, 27, 2, 18, 44, 1, 24, 33, 45, 41, 15, 38, 0
57, 22, 7, 23, 28, 48, 35, 17, 20, 51, 30, 33, 15, 49, 50, 10, 27, 1, 38, 32, 2, 56, 25, 41, 47, 59, 4, 5, 54, 8, 19, 18, 37, 52, 14, 0, 21, 39, 9, 44, 43, 3, 26, 29, 24, 45, 31, 13, 34, 16, 42, 40, 46, 53, 6, 11, 36, 12, 55, 58
10, 58, 25, 13, 8, 32, 41, 59, 36, 7, 33, 3, 34, 15, 1, 45, 52, 31, 18, 22, 24, 19, 53, 46, 5, 4, 26, 35, 14, 2, 54, 0, 28, 48, 38, 42, 16, 12, 50, 9, 30, 37, 39, 20, 6, 23, 40, 51, 29, 43, 11, 47, 27, 17, 57, 44, 55, 49, 21, 56
51, 9, 36, 44, 55, 49, 0, 24, 29, 27, 16, 18, 5, 8, 37, 42, 54, 28, 12, 32, 4, 6, 33, 57, 46, 26, 59, 10, 40, 50, 34, 39, 35, 43, 15, 7, 23, 21, 25, 20, 56, 14, 38, 30, 45, 19, 1, 3, 22, 2, 13, 41, 58, 53, 52, 48, 11, 31, 47, 17
53, 50, 14, 25, 4, 29, 59, 37, 58, 46, 31, 24, 5, 34, 27, 55, 43, 7, 52, 20, 19, 48, 51, 36, 12, 3, 0, 8, 18, 40, 2, 54, 28, 22, 30, 33, 38, 39, 10, 57, 35, 26, 1, 45, 13, 47, 23, 11, 6, 49, 41, 17, 9, 32, 16, 56, 42, 21, 44, 15
48, 43, 9, 11, 36, 35, 44, 56, 14, 47, 59, 42, 49, 39, 17, 7, 33, 3, 55, 16, 1, 51, 6, 28, 45, 21, 58, 15, 10, 4, 40, 22, 57, 54, 2, 5, 26, 52, 20, 0, 24, 50, 18, 23, 53, 12, 30, 25, 34, 27, 38, 31, 13, 46, 29, 32, 19, 41, 8, 37
25, 27, 10, 39, 32, 11, 46, 50, 23, 56, 47, 40, 6, 45, 48, 15, 26, 16, 36, 22, 55, 35, 17, 18, 24, 53, 8, 2, 33, 58, 34, 57, 31, 44, 3, 29, 19, 41, 49, 14, 43, 38, 13, 1, 0, 37, 42, 7, 54, 5, 20, 51, 59, 12, 9, 21, 30, 52, 4, 28
45, 11, 28, 54, 58, 56, 3, 33, 25, 46, 12, 7, 17, 40, 32, 19, 21, 8, 2, 42, 9, 55, 49, 43, 41, 20, 31, 27, 6, 53, 38, 44, 23, 34, 37, 29, 5, 16, 59, 36, 22, 57, 15, 39, 26, 1, 18, 10, 51, 4, 52, 50, 0, 24, 35, 30, 47, 48, 13, 14
Pocket:
17, 51, 46, 58, 49, 0, 37, 35, 31, 6, 33, 22, 10, 25, 16, 21, 5, 41, 12, 53, 47, 45, 1, 11, 56, 28, 30, 8, 9, 40, 52, 42, 55, 34, 7, 14, 44, 48, 4, 18, 50, 43, 20, 26, 29, 36, 15, 13, 3, 54, 19, 57, 38, 24, 23, 27, 2, 39, 32, 59
52, 21, 26, 54, 39, 34, 15, 19, 44, 13, 10, 32, 47, 7, 27, 58, 28, 57, 56, 37, 51, 29, 30, 2, 59, 3, 5, 17, 22, 14, 33, 49, 55, 48, 50, 23, 45, 40, 53, 42, 1, 9, 35, 24, 41, 8, 38, 16, 18, 43, 25, 0, 46, 4, 36, 6, 12, 11, 31, 20
0, 6, 17, 34, 53, 20, 14, 36, 49, 25, 21, 29, 9, 46, 56, 30, 41, 27, 42, 23, 58, 26, 44, 40, 3, 55, 48, 28, 52, 8, 45, 12, 16, 5, 54, 47, 31, 43, 4, 15, 13, 59, 10, 19, 39, 7, 24, 32, 57, 38, 18, 37, 51, 35, 2, 1, 11, 50, 33, 22
3, 30, 57, 36, 31, 27, 16, 2, 51, 7, 22, 45, 38, 49, 54, 52, 10, 44, 50, 25, 11, 12, 34, 55, 23, 48, 28, 18, 19, 5, 47, 20, 15, 56, 32, 42, 29, 33, 21, 26, 13, 9, 4, 37, 0, 43, 59, 46, 35, 8, 14, 41, 1, 40, 24, 39, 53, 58, 6, 17
42, 57, 16, 33, 12, 44, 28, 38, 59, 46, 40, 18, 31, 5, 15, 54, 8, 22, 53, 50, 14, 7, 11, 35, 13, 30, 21, 17, 36, 56, 9, 20, 0, 32, 48, 49, 55, 24, 52, 19, 4, 6, 39, 1, 27, 29, 10, 25, 51, 34, 3, 43, 45, 37, 47, 23, 41, 2, 58, 26
21, 47, 41, 43, 35, 15, 50, 56, 11, 55, 44, 6, 20, 10, 51, 32, 53, 30, 9, 3, 24, 12, 33, 5, 46, 18, 40, 52, 28, 49, 59, 1, 8, 57, 45, 19, 48, 36, 39, 58, 31, 37, 13, 17, 4, 2, 22, 7, 29, 38, 26, 16, 42, 27, 34, 23, 0, 25, 14, 54
44, 5, 20, 24, 45, 37, 30, 27, 41, 40, 21, 46, 48, 10, 49, 53, 35, 11, 38, 0, 16, 54, 14, 13, 8, 52, 28, 36, 3, 50, 58, 1, 15, 6, 18, 32, 26, 9, 25, 55, 39, 59, 57, 22, 2, 23, 31, 12, 47, 51, 56, 7, 4, 42, 33, 17, 43, 19, 29, 34
33, 9, 30, 38, 42, 26, 3, 29, 36, 8, 35, 46, 15, 2, 19, 16, 22, 34, 40, 5, 58, 28, 44, 11, 24, 55, 49, 21, 10, 23, 47, 45, 57, 14, 6, 13, 41, 52, 20, 53, 32, 37, 43, 56, 59, 48, 18, 12, 50, 0, 4, 54, 27, 31, 51, 17, 39, 25, 1, 7
17, 25, 23, 27, 15, 45, 16, 56, 51, 22, 31, 37, 10, 54, 53, 52, 8, 18, 55, 49, 42, 44, 47, 39, 33, 4, 0, 40, 58, 11, 57, 9, 20, 21, 1, 34, 3, 38, 41, 26, 43, 2, 36, 32, 59, 50, 7, 48, 24, 30, 13, 46, 28, 19, 35, 12, 6, 29, 5, 14
7, 21, 47, 52, 41, 56, 49, 37, 15, 26, 43, 29, 34, 54, 53, 4, 22, 3, 57, 14, 19, 18, 16, 0, 2, 32, 36, 50, 35, 5, 42, 23, 8, 38, 11, 28, 40, 45, 6, 44, 39, 20, 31, 51, 55, 58, 30, 13, 10, 25, 46, 59, 17, 33, 24, 9, 12, 48, 27, 1
Pocket:
15, 43, 46, 19, 53, 3, 30, 34, 56, 59, 32, 44, 27, 40, 23, 37, 55, 58, 52, 33, 31, 36, 39, 50, 13, 9, 7, 4, 51, 25, 42, 21, 29, 38, 5, 45, 28, 14, 35, 1, 26, 11, 49, 6, 22, 10, 8, 17, 47, 48, 24, 41, 57, 0, 18, 16, 20, 12, 54, 2
41, 5, 4, 20, 1, 49, 29, 30, 45, 59, 7, 23, 47, 51, 56, 3, 22, 14, 18, 53, 16, 44, 17, 40, 46, 54, 0, 36, 6, 26, 55, 19, 42, 12, 58, 10, 24, 21, 50, 13, 15, 8, 2, 52, 39, 27, 38, 28, 32, 11, 35, 9, 34, 25, 57, 43, 48, 33, 31, 37
29, 9, 23, 11, 6, 39, 40, 38, 18, 53, 45, 56, 35, 20, 43, 14, 21, 26, 42, 59, 36, 2, 0, 4, 25, 54, 34, 3, 50, 49, 16, 46, 32, 15, 33, 55, 51, 22, 48, 17, 27, 52, 10, 44, 7, 57, 12, 30, 58, 5, 19, 24, 28, 47, 37, 13, 41, 1, 8, 31
34, 55, 18, 54, 26, 23, 10, 7, 32, 51, 15, 4, 21, 36, 39, 50, 20, 37, 24, 44, 53, 48, 42, 41, 22, 28, 25, 6, 59, 45, 46, 17, 33, 14, 58, 11, 19, 40, 9, 12, 30, 52, 49, 35, 43, 1, 5, 27, 8, 2, 47, 3, 13, 57, 38, 31, 0, 29, 16, 56
55, 53, 23, 42, 8, 19, 16, 7, 32, 21, 6, 17, 18, 58, 28, 26, 1, 56, 57, 52, 37, 15, 5, 51, 54, 36, 25, 11, 29, 0, 44, 30, 48, 40, 33, 13, 35, 12, 38, 34, 24, 43, 4, 45, 22, 9, 39, 50, 27, 14, 2, 10, 47, 41, 3, 49, 59, 46, 31, 20
26, 9, 58, 59, 31, 0, 32, 23, 56, 47, 1, 43, 25, 34, 57, 24, 46, 18, 6, 30, 21, 3, 38, 15, 52, 53, 28, 33, 39, 5, 12, 42, 54, 50, 10, 37, 14, 44, 7, 19, 4, 2, 20, 36, 29, 49, 45, 17, 40, 55, 11, 27, 22, 48, 13, 51, 16, 35, 8, 41
50, 33, 10, 8, 0, 38, 27, 35, 52, 28, 53, 55, 49, 57, 4, 43, 22, 16, 56, 26, 31, 15, 51, 21, 11, 58, 13, 29, 41, 30, 9, 48, 45, 34, 17, 39, 7, 32, 24, 14, 23, 54, 36, 6, 25, 59, 2, 42, 46, 37, 18, 19, 47, 5, 1, 12, 40, 44, 20, 3
7, 48, 52, 15, 14, 18, 33, 8, 42, 41, 49, 29, 37, 27, 38, 53, 28, 51, 58, 21, 30, 46, 39, 56, 23, 2, 0, 36, 25, 22, 1, 20, 57, 4, 59, 9, 3, 5, 6, 43, 32, 44, 55, 16, 35, 12, 11, 40, 24, 10, 47, 45, 34, 19, 31, 13, 17, 26, 50, 54
53, 48, 27, 41, 21, 23, 19, 9, 1, 22, 15, 31, 11, 57, 42, 20, 45, 43, 29, 34, 14, 55, 38, 25, 37, 36, 13, 5, 59, 0, 7, 3, 49, 50, 58, 44, 51, 52, 35, 30, 12, 10, 33, 32, 6, 26, 40, 46, 54, 24, 28, 47, 8, 56, 16, 17, 4, 39, 18, 2
45, 8, 39, 1, 49, 14, 19, 56, 0, 30, 20, 28, 34, 7, 26, 50, 58, 35, 51, 36, 12, 3, 22, 42, 10, 47, 15, 24, 37, 52, 13, 17, 44, 6, 25, 54, 43, 33, 11, 21, 31, 46, 29, 53, 40, 23, 18, 16, 4, 5, 2, 38, 32, 48, 55, 59, 9, 27, 41, 57
Pocket:
49, 36, 6, 14, 41, 8, 15, 58, 27, 45, 46, 56, 9, 3, 23, 47, 31, 0, 53, 13, 7, 22, 28, 35, 30, 18, 44, 1, 50, 55, 37, 40, 17, 54, 51, 32, 26, 38, 24, 33, 57, 19, 11, 25, 52, 21, 4, 10, 20, 42, 48, 59, 29, 16, 5, 2, 39, 43, 34, 12
31, 34, 4, 52, 35, 16, 9, 2, 1, 45, 15, 21, 43, 6, 3, 53, 33, 12, 29, 13, 20, 25, 50, 19, 14, 49, 42, 8, 37, 38, 59, 5, 17, 18, 36, 39, 41, 7, 30, 28, 54, 56, 51, 24, 40, 47, 27, 0, 10, 44, 11, 58, 46, 32, 26, 55, 48, 22, 23, 57
17, 2, 7, 37, 1, 29, 6, 13, 27, 34, 58, 20, 41, 53, 31, 3, 30, 32, 43, 44, 47, 18, 50, 33, 40, 52, 5, 24, 11, 45, 49, 9, 16, 22, 23, 35, 8, 55, 51, 54, 21, 56, 19, 0, 39, 42, 12, 25, 14, 28, 46, 36, 48, 4, 38, 26, 10, 59, 15, 57
10, 12, 36, 48, 57, 29, 43, 17, 44, 41, 27, 37, 50, 58, 9, 26, 31, 6, 33, 35, 0, 39, 34, 21, 13, 52, 24, 51, 40, 19, 7, 54, 23, 32, 1, 46, 22, 20, 8, 42, 25, 55, 16, 11, 28, 47, 3, 53, 56, 15, 59, 30, 38, 4, 18, 14, 2, 45, 5, 49
55, 50, 5, 41, 56, 26, 49, 15, 44, 40, 12, 34, 10, 7, 17, 35, 38, 2, 33, 21, 43, 19, 31, 54, 45, 11, 14, 25, 16, 23, 1, 28, 18, 46, 13, 39, 22, 20, 59, 51, 4, 37, 24, 6, 29, 0, 30, 47, 53, 32, 58, 3, 42, 48, 57, 36, 9, 52, 27, 8
44, 47, 57, 3, 49, 56, 17, 21, 58, 7, 26, 28, 23, 5, 8, 10, 18, 15, 16, 42, 41, 30, 13, 6, 35, 1, 59, 12, 33, 45, 51, 20, 9, 39, 40, 27, 25, 24, 36, 48, 31, 52, 22, 19, 11, 14, 54, 34, 53, 29, 38, 0, 37, 50, 2, 55, 4, 46, 32, 43
7, 24, 32, 19, 53, 14, 58, 56, 41, 29, 1, 26, 42, 31, 49, 52, 30, 11, 13, 54, 34, 40, 2, 25, 15, 5, 33, 44, 28, 27, 39, 12, 22, 6, 46, 21, 43, 9, 10, 59, 16, 23, 38, 35, 3, 57, 20, 45, 55, 50, 18, 0, 48, 4, 47, 8, 51, 37, 36, 17
39, 36, 41, 14, 33, 48, 50, 38, 12, 26, 58, 18, 46, 6, 16, 42, 3, 22, 7, 23, 53, 8, 57, 40, 15, 51, 27, 56, 5, 21, 29, 47, 20, 11, 35, 34, 9, 19, 24, 32, 0, 28, 25, 52, 17, 30, 43, 54, 44, 31, 59, 13, 1, 45, 4, 2, 49, 10, 55, 37
39, 21, 4, 12, 42, 11, 56, 48, 40, 24, 59, 54, 55, 46, 35, 22, 58, 17, 27, 25, 15, 3, 53, 23, 49, 10, 43, 41, 9, 32, 5, 29, 44, 2, 45, 1, 38, 50, 34, 30, 36, 13, 47, 31, 6, 0, 57, 8, 19, 51, 52, 18, 14, 33, 28, 20, 7, 16, 37, 26
10, 55, 58, 2, 27, 0, 53, 54, 50, 19, 40, 12, 52, 49, 59, 33, 25, 57, 46, 43, 4, 45, 48, 5, 32, 36, 28, 23, 41, 17, 7, 20, 34, 14, 18, 22, 47, 8, 56, 16, 29, 9, 11, 3, 26, 42, 31, 38, 13, 6, 35, 30, 44, 1, 24, 51, 15, 37, 39, 21
Pocket:
38, 55, 51, 40, 0, 6, 22, 52, 11, 59, 54, 12, 48, 53, 34, 17, 33, 13, 19, 28, 30, 43, 49, 42, 26, 18, 27, 23, 24, 10, 45, 39, 57, 29, 5, 20, 36, 44, 7, 35, 9, 16, 32, 2, 14, 37, 56, 47, 25, 58, 4, 50, 15, 31, 8, 3, 46, 21, 41, 1
56, 28, 31, 52, 22, 43, 55, 16, 14, 29, 54, 36, 1, 8, 51, 17, 10, 6, 2, 32, 45, 59, 57, 11, 7, 37, 48, 0, 58, 41, 27, 5, 38, 4, 24, 26, 3, 39, 30, 19, 40, 46, 21, 42, 20, 23, 33, 47, 25, 53, 13, 12, 49, 50, 9, 15, 34, 44, 18, 35
23, 34, 56, 19, 45, 37, 47, 21, 14, 58, 35, 4, 57, 28, 12, 54, 25, 41, 0, 26, 40, 50, 11, 29, 43, 15, 3, 17, 48, 52, 6, 42, 22, 8, 33, 30, 38, 18, 55, 7, 49, 44, 2, 46, 59, 36, 1, 9, 39, 53, 13, 51, 20, 5, 27, 31, 24, 10, 16, 32
56, 50, 24, 53, 46, 48, 57, 3, 49, 30, 1, 10, 51, 8, 27, 16, 14, 41, 38, 18, 35, 31, 5, 29, 59, 6, 13, 26, 15, 17, 33, 52, 23, 32, 20, 9, 7, 45, 39, 22, 42, 43, 44, 4, 37, 21, 58, 2, 11, 19, 54, 28, 25, 0, 12, 36, 47, 55, 40, 34
7, 3, 55, 24, 5, 0, 33, 6, 29, 40, 31, 10, 11, 16, 47, 38, 53, 28, 54, 59, 35, 15, 19, 37, 20, 58, 41, 43, 44, 12, 21, 9, 4, 56, 14, 50, 23, 26, 49, 2, 46, 22, 1, 39, 27, 18, 17, 48, 52, 25, 32, 13, 8, 30, 51, 42, 57, 34, 45, 36
43, 30, 32, 12, 15, 45, 44, 14, 1, 8, 53, 49, 21, 31, 47, 20, 27, 9, 3, 4, 2, 41, 25, 34, 38, 55, 10, 56, 40, 26, 23, 19, 11, 59, 22, 6, 0, 57, 35, 5, 39, 18, 29, 28, 51, 52, 37, 36, 7, 48, 58, 16, 50, 54, 17, 33, 24, 42, 13, 46
12, 32, 50, 34, 11, 13, 0, 57, 39, 40, 19, 5, 59, 25, 14, 6, 1, 27, 49, 21, 42, 53, 16, 2, 30, 28, 56, 38, 43, 3, 47, 24, 15, 52, 4, 10, 54, 17, 26, 44, 58, 20, 29, 23, 46, 45, 51, 9, 33, 36, 55, 18, 31, 41, 22, 35, 48, 37, 7, 8
30, 20, 5, 38, 56, 25, 41, 57, 45, 24, 54, 32, 51, 0, 10, 59, 49, 22, 19, 28, 48, 2, 26, 40, 3, 1, 31, 55, 17, 47, 36, 21, 34, 50, 12, 44, 8, 16, 9, 6, 23, 18, 58, 42, 15, 27, 43, 52, 11, 35, 4, 13, 14, 37, 53, 29, 46, 39, 33, 7
50, 47, 0, 35, 36, 24, 20, 11, 51, 48, 12, 44, 4, 6, 10, 55, 28, 21, 57, 22, 30, 13, 17, 26, 5, 16, 33, 39, 32, 46, 1, 2, 59, 52, 42, 45, 41, 56, 53, 23, 9, 18, 40, 19, 29, 27, 34, 37, 38, 58, 3, 49, 7, 25, 14, 43, 8, 54, 31, 15
58, 44, 34, 1, 25, 39, 46, 33, 20, 32, 22, 23, 10, 36, 28, 40, 9, 0, 26, 57, 56, 24, 51, 3, 13, 2, 6, 41, 27, 50, 29, 15, 53, 52, 8, 7, 18, 35, 43, 31, 38, 54, 19, 47, 17, 49, 42, 30, 16, 14, 12, 59, 45, 37, 4, 5, 21, 48, 55, 11
Pocket:
26, 34, 2, 44, 15, 53, 54, 14, 37, 17, 57, 29, 11, 9, 50, 10, 7, 45, 36, 13, 22, 16, 32, 4, 46, 6, 3, 51, 38, 1, 30, 19, 12, 56, 55, 39, 58, 25, 8, 18, 42, 49, 0, 48, 47, 35, 33, 20, 28, 24, 52, 23, 27, 40, 41, 5, 31, 43, 21, 59
30, 0, 17, 53, 31, 24, 59, 16, 6, 20, 43, 1, 25, 14, 19, 29, 56, 5, 11, 58, 57, 15, 10, 13, 4, 34, 26, 35, 21, 44, 52, 32, 2, 33, 45, 23, 40, 38, 39, 41, 18, 42, 28, 8, 9, 3, 49, 36, 37, 12, 22, 51, 47, 27, 50, 46, 48, 55, 7, 54
34, 33, 35, 2, 5, 14, 54, 25, 41, 7, 4, 16, 1, 11, 8, 19, 48, 15, 26, 51, 52, 31, 12, 44, 45, 24, 50, 22, 32, 29, 58, 21, 57, 13, 42, 56, 47, 39, 3, 43, 20, 53, 27, 49, 0, 18, 23, 6, 28, 36, 37, 46, 9, 10, 40, 17, 55, 59, 30, 38
39, 40, 7, 32, 31, 12, 26, 58, 59, 57, 18, 47, 45, 36, 5, 16, 49, 33, 42, 0, 29, 41, 46, 51, 24, 44, 19, 15, 2, 27, 43, 4, 54, 17, 53, 25, 56, 50, 48, 55, 9, 14, 1, 37, 6, 8, 21, 30, 35, 10, 20, 11, 23, 34, 52, 13, 28, 38, 22, 3
25, 35, 53, 2, 16, 14, 4, 44, 46, 7, 42, 55, 0, 38, 1, 12, 48, 39, 40, 8, 13, 6, 27, 31, 56, 36, 28, 37, 50, 9, 21, 20, 43, 10, 59, 41, 34, 30, 32, 51, 58, 23, 26, 47, 18, 57, 11, 3, 19, 29, 17, 24, 22, 52, 5, 33, 54, 15, 45, 49
59, 19, 52, 30, 0, 34, 23, 10, 49, 46, 42, 28, 45, 48, 5, 7, 44, 38, 41, 50, 22, 53, 13, 56, 37, 40, 11, 2, 24, 43, 6, 15, 4, 26, 47, 25, 8, 51, 9, 54, 3, 31, 58, 1, 33, 29, 20, 39, 32, 36, 17, 57, 55, 35, 14, 21, 18, 16, 12, 27
36, 45, 3, 59, 50, 41, 16, 4, 7, 26, 43, 40, 52, 23, 56, 14, 58, 9, 20, 46, 0, 51, 22, 12, 11, 32, 27, 33, 31, 10, 5, 35, 2, 29, 54, 15, 24, 21, 38, 8, 39, 47, 44, 49, 13, 19, 18, 1, 25, 30, 34, 42, 48, 57, 17, 37, 55, 53, 28, 6
13, 4, 21, 16, 8, 33, 59, 43, 12, 51, 20, 49, 23, 19, 3, 50, 14, 58, 53, 25, 47, 38, 40, 5, 35, 48, 18, 39, 17, 9, 24, 42, 32, 15, 45, 55, 31, 30, 2, 41, 10, 1, 28, 57, 6, 26, 44, 0, 22, 29, 52, 34, 56, 54, 7, 46, 37, 36, 11, 27
43, 55, 13, 54, 40, 22, 48, 47, 29, 14, 46, 27, 24, 50, 4, 35, 59, 18, 16, 8, 23, 2, 58, 37, 7, 3, 20, 25, 28, 12, 15, 57, 52, 19, 17, 10, 26, 33, 9, 1, 21, 32, 31, 45, 39, 5, 41, 42, 38, 6, 44, 30, 0, 11, 49, 53, 51, 34, 36, 56
5, 54, 16, 18, 7, 34, 41, 36, 15, 31, 46, 0, 17, 23, 28, 43, 26, 10, 6, 21, 8, 29, 52, 30, 1, 9, 32, 11, 3, 57, 42, 55, 39, 50, 49, 44, 35, 33, 59, 24, 19, 53, 40, 58, 51, 12, 14, 4, 47, 48, 27, 38, 25, 37, 2, 13, 56, 20, 45, 22
Pocket:
59, 32, 45, 26, 38, 8, 15, 4, 47, 39, 31, 50, 44, 2, 37, 24, 57, 13, 27, 56, 10, 18, 48, 46, 42, 35, 1, 22, 51, 14, 30, 34, 3, 55, 53, 36, 11, 7, 58, 0, 19, 23, 12, 43, 17, 33, 21, 28, 16, 29, 52, 41, 49, 6, 25, 20, 40, 5, 9, 54
35, 20, 57, 36, 34, 13, 1, 14, 42, 31, 2, 18, 38, 48, 9, 32, 10, 54, 8, 25, 49, 44, 43, 59, 17, 52, 39, 7, 5, 41, 51, 50, 24, 23, 15, 30, 53, 16, 40, 33, 12, 28, 3, 37, 22, 46, 55, 56, 6, 26, 29, 58, 27, 11, 19, 21, 0, 4, 47, 45
2, 26, 29, 3, 19, 16, 44, 47, 6, 55, 41, 39, 33, 32, 37, 23, 53, 51, 21, 22, 17, 46, 28, 8, 50, 43, 36, 0, 5, 35, 18, 48, 27, 1, 42, 25, 20, 11, 40, 52, 34, 10, 59, 49, 24, 4, 56, 7, 54, 30, 57, 38, 13, 45, 12, 14, 15, 58, 31, 9
34, 57, 9, 31, 43, 38, 30, 39, 52, 27, 28, 46, 37, 19, 48, 21, 25, 2, 26, 35, 16, 40, 58, 56, 1, 51, 54, 20, 36, 33, 29, 24, 13, 7, 4, 0, 42, 10, 49, 50, 15, 41, 45, 12, 47, 18, 53, 17, 32, 3, 8, 55, 59, 5, 22, 11, 44, 6, 14, 23
34, 30, 40, 39, 58, 44, 35, 48, 54, 21, 22, 19, 26, 50, 42, 56, 41, 37, 36, 27, 47, 2, 23, 43, 49, 17, 45, 18, 38, 14, 25, 59, 5, 28, 3, 57, 51, 6, 32, 24, 55, 0, 11, 10, 16, 31, 1, 33, 20, 4, 53, 12, 9, 29, 52, 8, 46, 13, 15, 7
21, 28, 17, 20, 52, 22, 4, 23, 1, 56, 0, 5, 33, 31, 24, 3, 6, 13, 44, 57, 47, 54, 7, 12, 55, 37, 26, 27, 10, 32, 53, 35, 34, 29, 59, 58, 41, 19, 18, 39, 43, 38, 40, 48, 16, 45, 36, 25, 15, 46, 8, 9, 49, 50, 51, 42, 30, 2, 11, 14
15, 54, 12, 57, 44, 58, 10, 31, 56, 14, 37, 34, 41, 51, 30, 6, 49, 29, 16, 55, 39, 22, 7, 47, 28, 59, 25, 36, 4, 13, 32, 21, 24, 2, 50, 18, 42, 9, 52, 5, 45, 53, 27, 11, 38, 33, 8, 35, 23, 19, 43, 46, 17, 20, 48, 3, 40, 0, 1, 26
13, 38, 17, 25, 2, 34, 10, 1, 58, 45, 49, 22, 12, 35, 0, 8, 51, 44, 19, 4, 48, 56, 47, 54, 29, 50, 27, 43, 57, 6, 31, 53, 55, 39, 41, 11, 21, 37, 46, 3, 20, 14, 18, 23, 32, 15, 9, 42, 5, 36, 28, 24, 52, 7, 26, 33, 40, 59, 16, 30
43, 17, 37, 11, 19, 46, 47, 36, 45, 55, 40, 38, 49, 32, 41, 1, 0, 13, 23, 7, 31, 59, 8, 22, 50, 24, 15, 14, 30, 9, 10, 5, 28, 56, 34, 57, 12, 54, 35, 2, 44, 16, 6, 4, 58, 26, 53, 3, 48, 18, 27, 21, 39, 52, 42, 20, 25, 33, 29, 51
36, 27, 34, 14, 59, 5, 39, 56, 38, 51, 4, 22, 57, 26, 3, 52, 50, 31, 43, 53, 25, 46, 54, 13, 20, 10, 35, 1, 45, 55, 44, 18, 30, 6, 8, 16, 21, 42, 9, 7, 19, 58, 15, 37, 2, 17, 28, 40, 23, 0, 24, 49, 29, 12, 33, 48, 41, 11, 32, 47
Pocket:
53, 0, 28, 40, 35, 24, 48, 46, 11, 45, 32, 10, 36, 30, 59, 50, 44, 2, 49, 26, 27, 14, 56, 58, 29, 33, 39, 31, 3, 51, 37, 19, 25, 42, 4, 1, 23, 34, 15, 9, 5, 43, 54, 17, 52, 7, 47, 57, 18, 41, 38, 13, 6, 55, 12, 20, 21, 16, 22, 8
9, 37, 7, 35, 56, 58, 24, 3, 42, 41, 40, 57, 20, 25, 13, 52, 10, 4, 21, 6, 14, 29, 55, 2, 49, 0, 44, 15, 50, 53, 12, 19, 33, 38, 46, 39, 17, 48, 36, 51, 34, 1, 31, 16, 54, 30, 18, 28, 26, 22, 47, 5, 8, 43, 11, 59, 27, 45, 23, 32
49, 57, 10, 58, 26, 51, 20, 48, 14, 59, 19, 28, 13, 15, 27, 36, 21, 41, 23, 22, 44, 4, 39, 46, 31, 30, 9, 7, 11, 1, 50, 47, 3, 6, 40, 5, 52, 18, 2, 56, 25, 35, 0, 54, 24, 16, 38, 32, 17, 45, 43, 42, 53, 37, 29, 34, 33, 12, 55, 8
50, 40, 21, 56, 15, 41, 32, 17, 18, 20, 55, 45, 53, 8, 10, 52, 19, 38, 12, 57, 36, 5, 29, 39, 24, 37, 9, 58, 26, 2, 46, 23, 13, 4, 31, 44, 3, 28, 43, 47, 7, 54, 16, 0, 14, 1, 48, 11, 42, 30, 33, 49, 6, 22, 27, 35, 34, 59, 51, 25
32, 15, 46, 2, 37, 47, 19, 59, 44, 16, 23, 57, 13, 20, 21, 5, 39, 14, 22, 45, 4, 41, 11, 48, 40, 31, 36, 51, 26, 7, 18, 34, 50, 54, 8, 35, 10, 30, 24, 58, 42, 53, 27, 0, 3, 29, 33, 38, 52, 56, 1, 55, 9, 49, 6, 12, 25, 17, 28, 43
37, 41, 17, 57, 24, 44, 3, 58, 9, 33, 47, 13, 49, 54, 31, 14, 20, 23, 5, 30, 46, 29, 34, 53, 56, 18, 36, 21, 32, 51, 26, 0, 22, 50, 6, 38, 59, 42, 35, 45, 39, 19, 48, 2, 1, 15, 7, 11, 27, 10, 4, 43, 28, 16, 12, 25, 52, 55, 40, 8
58, 51, 19, 24, 14, 45, 30, 17, 32, 56, 4, 9, 23, 25, 44, 48, 38, 40, 35, 1, 12, 3, 16, 31, 8, 33, 37, 53, 21, 54, 50, 20, 46, 55, 28, 49, 27, 11, 47, 22, 34, 57, 18, 59, 29, 0, 52, 2, 43, 39, 5, 10, 13, 26, 41, 6, 36, 42, 15, 7
40, 31, 36, 29, 48, 57, 0, 6, 8, 12, 45, 55, 56, 58, 37, 35, 32, 10, 3, 50, 18, 30, 26, 59, 34, 38, 43, 2, 21, 46, 20, 51, 27, 14, 22, 5, 53, 16, 44, 24, 15, 1, 17, 47, 7, 4, 49, 9, 25, 39, 52, 42, 23, 54, 33, 28, 11, 41, 19, 13
1, 14, 35, 9, 10, 55, 37, 59, 15, 30, 8, 27, 58, 48, 11, 41, 26, 57, 34, 32, 0, 25, 38, 22, 43, 6, 50, 45, 46, 19, 3, 39, 29, 33, 31, 7, 16, 4, 24, 20, 5, 42, 40, 17, 21, 28, 2, 51, 12, 44, 13, 47, 54, 23, 52, 18, 53, 56, 36, 49
31, 44, 14, 53, 59, 24, 19, 42, 13, 12, 27, 57, 5, 29, 52, 45, 34, 23, 55, 15, 3, 1, 51, 58, 10, 46, 39, 0, 26, 8, 20, 25, 22, 47, 18, 28, 7, 16, 11, 43, 54, 21, 38, 37, 33, 36, 56, 32, 50, 40, 30, 35, 4, 2, 48, 49, 9, 41, 6, 17
Pocket:
54, 43, 6, 20, 47, 46, 11, 18, 12, 56, 29, 34, 2, 55, 35, 10, 13, 14, 53, 40, 41, 48, 9, 5, 57, 7, 21, 51, 45, 23, 37, 30, 27, 59, 26, 58, 44, 38, 49, 28, 0, 32, 4, 25, 22, 52, 15, 24, 42, 8, 50, 17, 16, 19, 1, 31, 33, 3, 36, 39
31, 41, 56, 19, 36, 9, 18, 46, 14, 7, 23, 38, 15, 29, 2, 52, 50, 32, 44, 17, 10, 57, 16, 1, 8, 58, 27, 39, 49, 25, 34, 4, 35, 20, 26, 40, 42, 48, 28, 53, 33, 30, 11, 24, 0, 51, 55, 12, 3, 13, 21, 54, 6, 47, 5, 43, 45, 22, 59, 37
23, 33, 4, 38, 30, 18, 13, 14, 44, 34, 8, 28, 40, 16, 31, 59, 57, 27, 29, 43, 3, 11, 48, 50, 24, 46, 32, 52, 41, 35, 15, 58, 51, 47, 53, 17, 21, 20, 2, 6, 5, 9, 1, 56, 26, 25, 22, 12, 49, 39, 42, 0, 54, 10, 19, 36, 45, 7, 37, 55
55, 23, 43, 37, 29, 40, 38, 51, 28, 11, 47, 46, 45, 39, 3, 10, 54, 31, 52, 5, 32, 42, 22, 1, 53, 13, 18, 35, 36, 59, 7, 34, 14, 6, 49, 9, 50, 58, 21, 12, 25, 17, 8, 19, 0, 56, 20, 24, 41, 26, 44, 57, 15, 2, 16, 30, 4, 48, 33, 27
37, 13, 14, 43, 17, 1, 47, 0, 38, 24, 39, 32, 54, 35, 36, 45, 49, 22, 11, 29, 50, 27, 51, 30, 26, 59, 12, 2, 7, 18, 15, 10, 6, 23, 53, 3, 34, 20, 57, 33, 41, 4, 58, 16, 25, 55, 21, 8, 19, 48, 42, 28, 46, 5, 31, 40, 56, 52, 44, 9
50, 46, 45, 37, 0, 1, 44, 47, 20, 40, 26, 38, 5, 4, 22, 15, 53, 7, 14, 28, 9, 8, 2, 34, 54, 21, 49, 52, 6, 33, 39, 11, 48, 32, 36, 29, 13, 35, 3, 59, 57, 17, 24, 58, 10, 51, 30, 27, 16, 31, 25, 23, 42, 56, 55, 18, 19, 41, 12, 43
31, 42, 19, 46, 0, 53, 29, 22, 48, 7, 52, 2, 15, 45, 17, 23, 6, 50, 26, 8, 40, 36, 38, 54, 13, 20, 27, 51, 43, 25, 3, 14, 55, 18, 39, 4, 59, 49, 35, 11, 24, 34, 44, 47, 33, 16, 32, 37, 57, 41, 1, 30, 5, 9, 12, 58, 10, 28, 56, 21
1, 29, 3, 13, 24, 0, 27, 55, 47, 35, 39, 12, 59, 31, 9, 48, 10, 6, 19, 32, 17, 8, 36, 11, 40, 54, 34, 30, 26, 21, 51, 4, 44, 15, 25, 50, 56, 33, 16, 45, 7, 49, 5, 52, 57, 20, 43, 42, 41, 46, 2, 28, 18, 22, 53, 14, 38, 37, 23, 58
9, 27, 8, 48, 4, 20, 51, 21, 17, 32, 47, 35, 59, 37, 53, 28, 41, 15, 5, 3, 13, 14, 39, 16, 1, 11, 57, 19, 29, 56, 44, 38, 22, 24, 43, 50, 0, 42, 49, 10, 58, 45, 55, 18, 2, 23, 6, 33, 26, 52, 30, 36, 46, 31, 40, 12, 54, 34, 25, 7
26, 36, 6, 7, 39, 47, 25, 57, 1, 3, 12, 59, 45, 18, 54, 51, 41, 30, 31, 9, 42, 17, 21, 38, 43, 19, 24, 13, 34, 49, 2, 23, 20, 15, 52, 46, 28, 5, 11, 29, 27, 32, 22, 40, 50, 35, 0, 56, 48, 14, 37, 8, 33, 16, 10, 55, 44, 58, 53, 4
Pocket:
20, 31, 57, 29, 38, 50, 1, 35, 4, 18, 58, 0, 24, 43, 23, 21, 39, 3, 8, 53, 34, 25, 32, 10, 45, 17, 9, 42, 12, 41, 59, 37, 55, 15, 19, 30, 49, 54, 48, 26, 28, 5, 6, 16, 36, 2, 52, 27, 22, 11, 46, 33, 13, 40, 7, 47, 56, 51, 44, 14
54, 53, 43, 41, 14, 48, 51, 52, 33, 44, 24, 13, 0, 19, 10, 2, 32, 26, 58, 37, 5, 4, 46, 57, 31, 34, 29, 47, 50, 39, 6, 59, 9, 7, 15, 16, 40, 1, 23, 35, 56, 25, 45, 12, 28, 30, 36, 42, 3, 17, 27, 11, 38, 18, 8, 22, 21, 20, 55, 49
49, 1, 0, 53, 36, 54, 56, 41, 35, 37, 11, 6, 3, 9, 42, 16, 48, 38, 44, 17, 14, 43, 31, 4, 46, 13, 7, 27, 30, 39, 58, 52, 19, 28, 40, 55, 23, 32, 33, 34, 57, 24, 15, 47, 12, 2, 25, 18, 29, 8, 45, 59, 51, 50, 26, 21, 22, 10, 5, 20
57, 46, 45, 35, 52, 36, 51, 31, 48, 43, 37, 49, 6, 42, 16, 1, 23, 29, 13, 9, 56, 11, 10, 26, 5, 44, 40, 0, 24, 54, 15, 50, 7, 59, 58, 18, 41, 4, 3, 19, 8, 53, 32, 34, 30, 33, 39, 12, 28, 20, 14, 38, 17, 21, 22, 25, 55, 2, 27, 47
28, 57, 13, 29, 22, 8, 37, 58, 0, 12, 10, 7, 53, 38, 47, 41, 20, 59, 17, 48, 35, 54, 9, 24, 3, 16, 56, 42, 4, 15, 19, 6, 50, 30, 25, 51, 44, 23, 49, 2, 27, 55, 21, 39, 14, 5, 40, 36, 32, 34, 31, 18, 1, 52, 43, 11, 33, 45, 46, 26
3, 27, 12, 34, 10, 26, 0, 51, 6, 46, 22, 20, 8, 23, 59, 19, 54, 52, 50, 45, 53, 38, 55, 35, 9, 24, 49, 47, 16, 43, 58, 4, 41, 17, 32, 30, 15, 57, 14, 5, 7, 40, 31, 39, 33, 25, 42, 56, 13, 11, 21, 36, 37, 44, 29, 18, 48, 28, 1, 2
1, 54, 40, 26, 46, 30, 25, 58, 59, 56, 9, 36, 37, 55, 48, 16, 47, 6, 24, 45, 15, 39, 50, 53, 20, 4, 52, 3, 7, 11, 5, 2, 31, 21, 22, 35, 13, 17, 0, 8, 27, 12, 42, 51, 38, 43, 32, 33, 44, 23, 29, 19, 10, 49, 18, 57, 14, 41, 28, 34
32, 51, 18, 57, 17, 42, 43, 20, 24, 55, 34, 54, 47, 21, 16, 36, 58, 13, 59, 53, 50, 48, 4, 9, 30, 2, 12, 11, 5, 6, 8, 0, 3, 1, 27, 25, 45, 28, 31, 41, 38, 44, 10, 40, 33, 29, 19, 56, 39, 14, 7, 37, 26, 22, 46, 52, 35, 49, 23, 15
4, 46, 33, 20, 53, 31, 18, 5, 12, 59, 52, 35, 27, 49, 56, 7, 32, 25, 26, 22, 6, 13, 16, 19, 3, 34, 1, 37, 29, 48, 15, 28, 55, 44, 42, 30, 14, 41, 47, 10, 38, 58, 40, 9, 11, 8, 21, 36, 54, 17, 2, 24, 51, 43, 23, 50, 39, 45, 57, 0
41, 23, 38, 54, 45, 31, 40, 52, 49, 13, 0, 3, 8, 53, 43, 51, 30, 29, 18, 1, 9, 34, 58, 24, 27, 7, 32, 55, 19, 20, 11, 39, 10, 25, 22, 56, 2, 15, 33, 12, 42, 16, 48, 57, 59, 37, 36, 14, 50, 46, 28, 6, 47, 26, 44, 21, 17, 5, 35, 4
Pocket:
20, 45, 55, 12, 56, 16, 25, 29, 47, 5, 40, 43, 44, 22, 23, 17, 41, 46, 2, 24, 58, 15, 50, 34, 57, 39, 30, 51, 33, 53, 42, 21, 32, 11, 9, 31, 54, 59, 18, 38, 52, 26, 0, 1, 48, 49, 8, 37, 7, 36, 6, 19, 3, 35, 10, 28, 14, 13, 27, 4
41, 37, 5, 50, 56, 25, 55, 54, 14, 53, 45, 19, 23, 7, 33, 16, 58, 47, 13, 39, 15, 3, 57, 18, 31, 24, 48, 36, 1, 34, 8, 29, 9, 4, 38, 59, 27, 51, 26, 35, 49, 46, 12, 42, 0, 22, 11, 43, 6, 52, 20, 17, 32, 28, 10, 30, 2, 40, 21, 44
44, 0, 33, 34, 50, 49, 25, 3, 7, 6, 42, 27, 29, 45, 13, 10, 28, 59, 8, 31, 4, 35, 26, 11, 9, 19, 41, 47, 39, 16, 43, 23, 53, 20, 58, 51, 40, 54, 30, 2, 46, 48, 38, 22, 17, 57, 56, 36, 21, 15, 55, 14, 5, 12, 52, 32, 37, 1, 18, 24
13, 25, 30, 33, 55, 41, 24, 11, 15, 22, 48, 31, 47, 7, 5, 9, 45, 32, 59, 21, 49, 40, 50, 10, 8, 35, 19, 0, 14, 4, 23, 36, 56, 54, 1, 16, 39, 57, 52, 44, 20, 12, 27, 6, 2, 42, 51, 28, 17, 53, 29, 3, 18, 58, 43, 37, 26, 38, 46, 34
18, 32, 57, 16, 38, 42, 22, 41, 33, 37, 29, 43, 34, 1, 15, 56, 3, 28, 47, 9, 8, 52, 59, 25, 7, 27, 39, 35, 36, 14, 30, 24, 10, 5, 0, 53, 2, 54, 58, 20, 17, 21, 46, 6, 55, 13, 12, 11, 40, 31, 51, 50, 48, 45, 19, 4, 44, 26, 49, 23
11, 38, 37, 5, 13, 6, 50, 48, 30, 23, 8, 1, 56, 49, 2, 27, 10, 46, 12, 0, 21, 45, 36, 54, 51, 42, 35, 17, 33, 52, 7, 41, 25, 39, 34, 15, 40, 59, 32, 57, 9, 19, 29, 47, 53, 16, 14, 55, 43, 3, 20, 24, 18, 31, 4, 44, 28, 58, 22, 26
43, 55, 28, 30, 27, 15, 51, 52, 0, 4, 31, 36, 37, 16, 24, 17, 48, 14, 2, 25, 54, 3, 18, 56, 23, 32, 9, 5, 6, 45, 58, 34, 41, 39, 26, 7, 8, 10, 38, 13, 50, 33, 22, 47, 21, 40, 29, 19, 44, 1, 35, 12, 57, 20, 53, 59, 46, 49, 11, 42
12, 34, 10, 3, 58, 53, 48, 14, 51, 44, 1, 31, 23, 0, 47, 49, 17, 59, 32, 20, 33, 52, 21, 37, 39, 13, 35, 42, 4, 11, 18, 27, 30, 22, 36, 45, 55, 15, 56, 19, 24, 40, 29, 38, 2, 57, 26, 43, 6, 7, 9, 28, 16, 46, 54, 50, 25, 8, 5, 41
21, 39, 41, 57, 9, 40, 16, 15, 56, 8, 55, 13, 27, 10, 45, 58, 22, 38, 26, 31, 18, 14, 29, 35, 25, 52, 54, 1, 28, 42, 32, 4, 24, 34, 43, 46, 3, 36, 0, 17, 11, 37, 53, 51, 12, 19, 50, 6, 23, 44, 5, 49, 59, 20, 7, 2, 33, 30, 48, 47
49, 0, 26, 47, 35, 38, 40, 48, 31, 20, 30, 56, 53, 14, 12, 5, 55, 37, 58, 18, 3, 36, 52, 22, 41, 44, 8, 42, 11, 23, 51, 17, 6, 2, 1, 16, 24, 21, 33, 28, 57, 29, 7, 13, 59, 27, 54, 39, 25, 19, 4, 46, 32, 43, 34, 9, 50, 45, 15, 10
Pocket:
22, 5, 18, 35, 23, 6, 20, 47, 55, 46, 43, 4, 21, 2, 15, 37, 17, 39, 32, 38, 26, 49, 33, 34, 19, 42, 11, 59, 40, 29, 58, 24, 30, 12, 0, 52, 45, 7, 44, 56, 1, 8, 13, 31, 51, 16, 53, 50, 10, 27, 28, 41, 48, 3, 25, 14, 57, 36, 9, 54
13, 22, 48, 6, 54, 38, 5, 52, 1, 45, 19, 15, 36, 25, 46, 40, 24, 47, 32, 56, 4, 23, 43, 29, 37, 57, 44, 14, 49, 7, 55, 0, 11, 2, 41, 8, 42, 10, 26, 51, 30, 9, 33, 28, 53, 21, 20, 50, 17, 12, 58, 34, 31, 18, 16, 35, 27, 3, 59, 39
32, 23, 0, 9, 16, 17, 6, 48, 27, 10, 52, 18, 8, 50, 31, 59, 7, 56, 34, 55, 26, 36, 4, 28, 46, 2, 14, 12, 13, 43, 51, 58, 29, 44, 41, 49, 38, 24, 53, 20, 30, 19, 22, 11, 33, 25, 57, 37, 54, 3, 21, 5, 1, 45, 35, 15, 40, 47, 39, 42
59, 16, 53, 12, 38, 26, 44, 31, 0, 41, 2, 42, 29, 25, 5, 33, 28, 23, 10, 11, 54, 1, 49, 24, 36, 47, 6, 27, 52, 57, 40, 14, 56, 9, 39, 43, 7, 35, 51, 8, 18, 37, 58, 32, 46, 20, 17, 48, 55, 30, 19, 21, 4, 15, 45, 50, 22, 13, 34, 3
40, 32, 54, 7, 39, 28, 1, 56, 58, 22, 33, 26, 23, 43, 5, 25, 53, 49, 29, 21, 38, 2, 8, 50, 30, 27, 17, 19, 42, 6, 47, 13, 52, 14, 44, 37, 11, 46, 45, 35, 12, 9, 34, 15, 0, 20, 41, 24, 59, 55, 31, 57, 48, 10, 18, 3, 16, 36, 4, 51
51, 38, 56, 34, 30, 1, 27, 15, 41, 32, 48, 2, 4, 53, 43, 16, 31, 3, 13, 21, 54, 22, 18, 29, 12, 11, 36, 44, 10, 46, 5, 9, 28, 58, 42, 17, 49, 50, 25, 24, 52, 33, 55, 23, 7, 47, 20, 14, 6, 35, 59, 19, 39, 57, 26, 8, 40, 37, 45, 0
29, 15, 6, 35, 1, 22, 4, 40, 11, 43, 10, 33, 56, 58, 37, 16, 31, 8, 24, 55, 27, 48, 57, 23, 51, 20, 53, 38, 13, 12, 9, 7, 25, 45, 41, 46, 2, 59, 21, 54, 30, 39, 44, 52, 32, 5, 14, 19, 49, 26, 17, 50, 36, 0, 34, 42, 18, 28, 47, 3
55, 31, 4, 44, 21, 37, 0, 16, 10, 56, 13, 33, 48, 57, 7, 8, 40, 11, 1, 49, 35, 20, 47, 23, 34, 22, 29, 58, 27, 9, 39, 14, 18, 54, 42, 24, 6, 43, 59, 26, 30, 32, 12, 50, 2, 46, 53, 25, 36, 17, 52, 41, 15, 3, 28, 19, 51, 5, 38, 45
22, 34, 44, 13, 40, 16, 3, 50, 38, 43, 7, 19, 28, 56, 41, 9, 51, 23, 18, 2, 47, 58, 59, 37, 8, 12, 11, 0, 17, 6, 46, 27, 52, 54, 24, 10, 20, 42, 49, 5, 30, 14, 53, 55, 1, 25, 31, 39, 29, 33, 36, 35, 45, 15, 4, 26, 48, 32, 21, 57
42, 32, 45, 34, 59, 10, 0, 14, 56, 21, 54, 38, 20, 22, 58, 44, 19, 40, 4, 55, 50, 24, 27, 57, 37, 25, 48, 18, 15, 8, 12, 30, 52, 51, 43, 11, 49, 13, 1, 17, 41, 46, 16, 26, 7, 39, 28, 6, 35, 31, 3, 29, 33, 2, 9, 53, 5, 23, 47, 36
Pocket:
18, 34, 15, 47, 20, 0, 23, 21, 35, 59, 11, 14, 49, 27, 44, 42, 36, 40, 13, 3, 16, 5, 10, 45, 51, 24, 38, 50, 52, 8, 31, 39, 46, 2, 55, 1, 43, 56, 12, 17, 30, 54, 41, 25, 53, 58, 4, 32, 28, 22, 7, 9, 57, 19, 26, 6, 29, 37, 33, 48
0, 40, 7, 37, 41, 50, 53, 12, 24, 27, 44, 59, 55, 48, 22, 39, 36, 43, 3, 49, 18, 26, 4, 1, 23, 56, 33, 52, 34, 9, 29, 28, 2, 30, 38, 14, 20, 35, 45, 8, 13, 11, 47, 6, 54, 58, 21, 10, 46, 42, 32, 25, 57, 51, 16, 5, 15, 19, 31, 17
6, 23, 1, 42, 33, 13, 7, 36, 55, 22, 29, 28, 5, 3, 18, 26, 43, 0, 56, 10, 37, 38, 2, 44, 39, 34, 24, 17, 25, 48, 45, 58, 11, 50, 15, 54, 52, 59, 47, 40, 41, 14, 9, 53, 12, 8, 32, 21, 31, 30, 4, 49, 20, 27, 57, 16, 19, 51, 35, 46
11, 39, 21, 54, 45, 51, 30, 58, 6, 35, 41, 19, 55, 59, 36, 40, 52, 16, 4, 26, 15, 9, 22, 20, 1, 56, 8, 24, 50, 46, 37, 12, 43, 42, 17, 23, 14, 33, 32, 25, 48, 28, 29, 38, 49, 27, 18, 31, 2, 57, 0, 7, 3, 13, 10, 47, 44, 5, 53, 34
10, 22, 51, 20, 24, 43, 49, 46, 17, 26, 9, 19, 7, 44, 54, 13, 31, 34, 50, 48, 38, 37, 30, 41, 40, 33, 47, 39, 32, 57, 5, 53, 27, 12, 36, 56, 0, 35, 2, 58, 6, 1, 23, 25, 29, 15, 18, 59, 55, 28, 21, 45, 11, 3, 14, 16, 52, 42, 8, 4
12, 7, 44, 48, 2, 26, 11, 51, 59, 50, 20, 13, 1, 4, 49, 9, 47, 33, 3, 46, 15, 17, 18, 52, 42, 21, 41, 57, 5, 10, 34, 35, 37, 23, 25, 58, 0, 56, 31, 39, 32, 43, 28, 22, 38, 29, 45, 24, 55, 30, 40, 53, 27, 16, 54, 19, 8, 6, 36, 14
31, 29, 20, 16, 50, 11, 0, 55, 14, 47, 17, 32, 30, 33, 26, 2, 35, 40, 59, 19, 46, 15, 9, 23, 12, 13, 52, 5, 41, 8, 43, 58, 48, 7, 45, 34, 54, 4, 25, 51, 6, 57, 53, 39, 22, 49, 18, 56, 36, 28, 10, 27, 1, 44, 24, 42, 38, 3, 37, 21
43, 45, 5, 42, 4, 2, 41, 10, 26, 39, 8, 40, 11, 38, 14, 35, 29, 0, 44, 54, 34, 46, 28, 57, 31, 24, 53, 13, 22, 16, 47, 55, 17, 32, 51, 59, 36, 49, 3, 23, 9, 20, 15, 33, 18, 48, 27, 7, 19, 12, 6, 25, 21, 37, 56, 50, 52, 58, 1, 30
45, 6, 39, 53, 33, 4, 1, 36, 50, 7, 19, 48, 15, 24, 59, 46, 34, 2, 29, 51, 16, 12, 43, 28, 20, 5, 3, 17, 31, 21, 58, 30, 9, 57, 47, 14, 25, 22, 27, 42, 0, 18, 11, 40, 55, 32, 38, 41, 37, 44, 49, 56, 54, 23, 13, 10, 8, 35, 52, 26
52, 0, 43, 21, 6, 30, 4, 54, 13, 1, 49, 39, 46, 38, 47, 25, 32, 28, 57, 55, 44, 37, 19, 18, 22, 9, 53, 3, 40, 29, 7, 24, 26, 42, 36, 31, 41, 51, 15, 23, 17, 16, 56, 34, 10, 35, 50, 58, 5, 59, 20, 33, 14, 45, 8, 12, 11, 48, 2, 27
