Pocket:
0, 21, 12, 38, 28, 27, 2, 15, 5, 29, 26, 1, 19, 35, 20, 9, 24, 11, 14, 4, 25, 39, 33, 13, 34, 10, 18, 7, 6, 37, 32, 31, 36, 23, 30, 8, 17, 22, 16, 3
11, 4, 5, 10, 31, 34, 24, 7, 32, 1, 9, 17, 15, 18, 16, 28, 0, 30, 12, 22, 14, 23, 29, 27, 36, 33, 25, 21, 39, 19, 8, 3, 38, 2, 13, 6, 20, 37, 26, 35
37, 26, 28, 20, 13, 39, 34, 8, 11, 22, 29, 15, 12, 25, 16, 14, 19, 36, 0, 9, 30, 6, 23, 18, 1, 33, 4, 3, 31, 27, 21, 24, 2, 38, 7, 32, 17, 5, 35, 10
16, 10, 26, 4, 23, 24, 29, 34, 13, 5, 7, 35, 28, 17, 33, 6, 25, 0, 32, 20, 36, 19, 11, 3, 15, 21, 27, 2, 39, 12, 31, 18, 8, 14, 9, 38, 30, 22, 37, 1
31, 2, 27, 25, 37, 32, 28, 26, 4, 0, 1, 34, 12, 6, 16, 8, 20, 38, 15, 10, 36, 13, 30, 24, 14, 5, 22, 3, 9, 39, 18, 35, 29, 7, 11, 17, 33, 23, 21, 19
22, 29, 31, 21, 2, 11, 32, 6, 7, 23, 20, 24, 15, 18, 4, 17, 25, 12, 28, 36, 30, 35, 33, 3, 1, 8, 13, 14, 38, 39, 34, 16, 9, 26, 27, 5, 0, 19, 10, 37
10, 27, 31, 11, 12, 9, 29, 0, 24, 7, 1, 13, 22, 28, 17, 36, 18, 39, 2, 4, 37, 25, 23, 20, 30, 38, 34, 14, 5, 35, 33, 6, 8, 21, 16, 19, 32, 15, 3, 26
30, 15, 17, 24, 21, 5, 37, 10, 7, 31, 13, 8, 39, 36, 33, 34, 16, 23, 9, 18, 28, 2, 14, 19, 20, 35, 27, 11, 3, 4, 1, 22, 25, 12, 0, 29, 32, 26, 6, 38
13, 35, 3, 8, 4, 30, 31, 5, 29, 34, 12, 37, 0, 17, 28, 1, 25, 9, 27, 6, 19, 36, 22, 15, 11, 2, 7, 39, 33, 14, 26, 18, 21, 32, 38, 20, 16, 10, 24, 23
20, 8, 21, 12, 30, 10, 11, 37, 4, 19, 23, 5, 28, 17, 35, 24, 15, 26, 13, 25, 18, 33, 32, 34, 3, 27, 14, 9, 7, 2, 22, 38, 1, 31, 16, 39, 36, 6, 29, 0
Pocket:
25, 38, 4, 16, 13, 33, 2, 1, 7, 3, 29, 20, 17, 10, 39, 35, 31, 24, 28, 8, 18, 6, 9, 30, 37, 32, 34, 12, 5, 23, 36, 19, 26, 15, 21, 14, 11, 0, 27, 22
5, 15, 20, 37, 13, 7, 0, 25, 30, 17, 4, 35, 11, 1, 8, 18, 36, 38, 21, 22, 32, 23, 6, 39, 31, 14, 2, 27, 34, 26, 28, 16, 24, 33, 12, 10, 29, 19, 3, 9
9, 22, 19, 37, 34, 1, 32, 17, 29, 4, 18, 11, 15, 39, 28, 7, 35, 20, 25, 21, 38, 3, 26, 5, 2, 10, 6, 31, 14, 23, 8, 13, 36, 30, 33, 0, 16, 27, 24, 12
3, 39, 20, 26, 25, 27, 24, 34, 9, 29, 6, 38, 18, 4, 19, 2, 0, 32, 13, 8, 11, 21, 14, 23, 28, 15, 31, 16, 35, 30, 17, 33, 37, 36, 1, 22, 5, 12, 7, 10
21, 32, 8, 26, 22, 33, 36, 35, 9, 17, 15, 0, 27, 31, 23, 24, 38, 4, 18, 10, 34, 3, 28, 37, 20, 29, 6, 5, 7, 19, 13, 11, 39, 30, 12, 14, 2, 25, 16, 1
17, 35, 19, 30, 32, 37, 23, 36, 6, 11, 10, 34, 5, 26, 14, 20, 39, 8, 12, 29, 7, 3, 38, 18, 24, 27, 22, 0, 1, 31, 4, 2, 13, 21, 33, 9, 25, 16, 28, 15
13, 7, 21, 18, 32, 0, 1, 10, 14, 24, 22, 35, 16, 3, 20, 12, 39, 34, 37, 27, 33, 4, 11, 36, 29, 6, 26, 30, 23, 28, 38, 15, 31, 25, 5, 19, 8, 9, 17, 2
5, 32, 34, 36, 14, 17, 2, 10, 25, 26, 38, 21, 11, 8, 33, 29, 18, 30, 39, 31, 13, 7, 27, 12, 6, 23, 16, 3, 9, 37, 28, 22, 15, 35, 20, 24, 19, 0, 1, 4
20, 2, 23, 33, 8, 12, 14, 1, 5, 17, 16, 6, 39, 30, 21, 26, 11, 4, 24, 18, 27, 13, 37, 10, 3, 32, 15, 34, 29, 38, 35, 19, 36, 25, 28, 31, 0, 22, 7, 9
34, 33, 12, 29, 18, 32, 30, 31, 20, 16, 24, 28, 25, 11, 17, 5, 37, 35, 8, 19, 36, 3, 13, 14, 4, 22, 0, 15, 6, 27, 10, 21, 39, 9, 23, 26, 1, 2, 7, 38
Pocket:
24, 8, 15, 10, 38, 16, 36, 13, 9, 1, 33, 2, 30, 28, 25, 17, 39, 32, 27, 12, 31, 22, 18, 19, 37, 4, 29, 21, 7, 14, 5, 20, 0, 26, 34, 6, 35, 23, 3, 11
32, 39, 28, 15, 24, 29, 1, 3, 0, 9, 20, 19, 13, 22, 21, 2, 14, 26, 7, 18, 25, 17, 6, 11, 31, 12, 33, 38, 34, 36, 23, 5, 35, 30, 27, 16, 4, 37, 8, 10
21, 8, 37, 10, 23, 15, 20, 3, 2, 7, 4, 0, 16, 29, 33, 24, 22, 17, 28, 12, 38, 25, 13, 9, 18, 6, 35, 39, 26, 11, 34, 30, 31, 1, 27, 5, 14, 32, 19, 36
36, 33, 26, 37, 7, 17, 2, 25, 32, 20, 29, 18, 1, 6, 5, 19, 24, 35, 22, 13, 8, 31, 28, 34, 16, 38, 11, 12, 14, 27, 23, 30, 21, 3, 4, 15, 39, 9, 10, 0
27, 22, 24, 11, 13, 4, 36, 15, 5, 32, 17, 35, 19, 23, 10, 9, 28, 2, 31, 18, 29, 33, 20, 26, 1, 16, 39, 30, 34, 14, 8, 0, 6, 25, 21, 37, 12, 38, 7, 3
28, 20, 36, 31, 3, 30, 12, 17, 8, 16, 19, 34, 24, 0, 25, 26, 18, 14, 33, 1, 4, 32, 11, 27, 9, 5, 23, 37, 15, 38, 6, 2, 7, 22, 29, 10, 35, 21, 13, 39
32, 14, 6, 5, 23, 3, 4, 35, 36, 38, 15, 12, 39, 34, 11, 21, 27, 13, 24, 28, 1, 16, 29, 31, 7, 0, 33, 9, 25, 10, 18, 2, 8, 20, 22, 19, 37, 26, 17, 30
21, 26, 37, 12, 8, 28, 18, 35, 1, 0, 10, 34, 19, 11, 14, 7, 39, 27, 33, 4, 23, 24, 5, 2, 36, 3, 15, 32, 29, 25, 20, 31, 16, 17, 6, 38, 30, 9, 13, 22
9, 2, 7, 22, 39, 26, 4, 33, 18, 6, 25, 5, 28, 20, 11, 17, 1, 15, 16, 30, 23, 27, 32, 34, 36, 38, 8, 12, 10, 0, 21, 31, 14, 19, 29, 3, 35, 24, 13, 37
11, 35, 20, 0, 38, 3, 19, 37, 4, 13, 5, 29, 39, 16, 36, 9, 14, 23, 6, 34, 7, 2, 15, 18, 32, 30, 26, 24, 12, 22, 1, 8, 27, 17, 28, 33, 21, 25, 10, 31
Pocket:
18, 5, 20, 25, 14, 10, 3, 4, 27, 7, 23, 37, 9, 30, 11, 33, 0, 31, 24, 15, 39, 34, 26, 36, 22, 28, 38, 12, 16, 29, 13, 32, 8, 1, 21, 17, 19, 6, 2, 35
22, 2, 6, 30, 24, 17, 25, 14, 35, 39, 20, 0, 12, 36, 37, 1, 21, 10, 16, 34, 23, 26, 33, 4, 38, 27, 29, 32, 31, 11, 13, 3, 15, 19, 9, 18, 28, 7, 5, 8
34, 1, 36, 8, 20, 19, 9, 5, 11, 7, 27, 18, 33, 24, 16, 23, 14, 17, 31, 13, 21, 3, 38, 10, 22, 30, 6, 2, 12, 29, 35, 39, 4, 32, 28, 25, 37, 26, 0, 15
14, 3, 2, 1, 36, 27, 25, 31, 28, 6, 22, 35, 0, 5, 34, 12, 15, 18, 8, 23, 33, 11, 4, 30, 37, 9, 19, 24, 17, 13, 16, 10, 29, 21, 20, 7, 32, 26, 39, 38
3, 30, 12, 37, 39, 9, 26, 25, 35, 27, 22, 0, 23, 4, 28, 6, 29, 33, 14, 36, 20, 10, 2, 7, 34, 17, 38, 18, 5, 15, 13, 11, 21, 8, 19, 24, 32, 1, 31, 16
18, 14, 4, 8, 7, 13, 19, 36, 25, 11, 17, 5, 33, 15, 6, 28, 16, 9, 23, 37, 1, 39, 10, 24, 26, 35, 30, 21, 3, 32, 29, 27, 0, 38, 31, 12, 20, 2, 22, 34
25, 16, 11, 5, 10, 19, 29, 36, 39, 33, 32, 6, 13, 15, 27, 4, 38, 1, 7, 18, 21, 20, 34, 9, 12, 2, 23, 3, 37, 8, 17, 28, 35, 26, 0, 24, 30, 22, 14, 31
11, 14, 30, 16, 24, 2, 32, 21, 36, 20, 15, 37, 9, 1, 4, 0, 38, 34, 5, 23, 22, 19, 26, 25, 3, 13, 39, 8, 7, 28, 27, 31, 18, 29, 33, 10, 6, 12, 17, 35
3, 8, 31, 17, 6, 23, 34, 14, 22, 26, 7, 32, 2, 1, 21, 0, 30, 19, 16, 20, 25, 10, 35, 24, 37, 9, 4, 5, 28, 38, 39, 36, 12, 11, 18, 29, 13, 33, 27, 15
30, 16, 23, 34, 35, 5, 33, 32, 24, 14, 39, 2, 7, 31, 10, 12, 13, 0, 25, 15, 18, 11, 1, 26, 27, 9, 20, 37, 3, 8, 6, 21, 19, 17, 22, 38, 36, 29, 28, 4
Pocket:
37, 9, 23, 22, 8, 19, 7, 30, 21, 6, 12, 29, 32, 2, 18, 36, 11, 34, 27, 25, 31, 3, 0, 33, 10, 5, 26, 20, 14, 4, 35, 39, 24, 38, 1, 17, 16, 13, 28, 15
2, 38, 35, 36, 25, 39, 30, 10, 19, 11, 4, 13, 9, 12, 17, 8, 37, 16, 31, 24, 33, 7, 5, 20, 1, 23, 14, 28, 32, 27, 21, 0, 15, 26, 22, 29, 34, 6, 18, 3
13, 34, 36, 14, 32, 19, 27, 30, 11, 29, 3, 6, 7, 39, 31, 22, 35, 15, 16, 18, 0, 28, 20, 12, 5, 9, 10, 21, 1, 17, 37, 33, 38, 24, 2, 23, 25, 4, 8, 26
14, 1, 8, 26, 27, 5, 36, 39, 13, 34, 21, 15, 22, 18, 32, 12, 4, 38, 30, 29, 31, 37, 2, 24, 17, 9, 6, 20, 10, 28, 19, 11, 3, 25, 16, 0, 7, 23, 35, 33
12, 34, 35, 16, 5, 6, 25, 20, 39, 28, 32, 15, 2, 0, 29, 8, 18, 22, 31, 9, 13, 1, 14, 27, 24, 10, 3, 11, 38, 26, 17, 30, 37, 4, 23, 33, 7, 21, 19, 36
28, 35, 13, 1, 0, 16, 17, 32, 14, 23, 22, 15, 34, 39, 19, 5, 36, 3, 4, 12, 7, 25, 9, 27, 37, 29, 30, 26, 11, 21, 24, 20, 10, 31, 38, 6, 33, 8, 18, 2
4, 30, 22, 37, 28, 3, 6, 16, 31, 21, 27, 36, 12, 18, 1, 26, 39, 8, 20, 15, 38, 25, 23, 5, 0, 29, 24, 11, 10, 2, 14, 32, 7, 17, 34, 19, 33, 35, 13, 9
28, 39, 22, 21, 17, 13, 4, 1, 35, 16, 12, 36, 5, 34, 9, 38, 24, 14, 31, 23, 11, 26, 6, 3, 33, 27, 37, 20, 19, 8, 18, 29, 7, 0, 2, 32, 15, 25, 30, 10
8, 21, 20, 39, 3, 22, 17, 26, 9, 19, 16, 7, 36, 15, 23, 31, 32, 30, 5, 1, 0, 2, 25, 38, 28, 27, 37, 18, 24, 35, 34, 12, 4, 6, 11, 13, 10, 14, 29, 33
11, 3, 5, 16, 33, 26, 37, 18, 28, 10, 36, 19, 30, 2, 22, 39, 9, 32, 20, 31, 13, 34, 15, 8, 21, 1, 29, 6, 35, 23, 17, 38, 4, 27, 25, 0, 7, 14, 12, 24
Pocket:
1, 33, 3, 0, 29, 32, 5, 8, 9, 19, 39, 22, 15, 20, 24, 16, 7, 21, 18, 17, 37, 35, 13, 28, 30, 27, 10, 31, 26, 4, 6, 36, 38, 34, 14, 11, 2, 23, 25, 12
27, 23, 33, 13, 0, 6, 26, 14, 24, 18, 31, 20, 35, 12, 32, 5, 38, 39, 22, 4, 28, 9, 21, 3, 19, 7, 29, 1, 17, 8, 36, 16, 11, 37, 15, 34, 2, 10, 30, 25
22, 35, 5, 4, 24, 12, 15, 1, 10, 29, 13, 9, 0, 36, 17, 30, 27, 33, 11, 14, 28, 26, 6, 31, 18, 2, 34, 7, 39, 25, 38, 8, 23, 32, 21, 20, 3, 37, 19, 16
17, 19, 2, 6, 23, 29, 16, 28, 39, 10, 9, 26, 22, 12, 32, 13, 37, 11, 25, 21, 0, 7, 20, 15, 14, 34, 8, 18, 5, 30, 35, 36, 31, 1, 4, 24, 27, 33, 3, 38
0, 34, 31, 10, 2, 25, 38, 6, 23, 4, 19, 1, 12, 22, 13, 39, 14, 15, 24, 35, 21, 26, 37, 9, 28, 33, 27, 18, 16, 8, 7, 17, 30, 20, 3, 29, 5, 32, 11, 36
11, 7, 37, 10, 20, 8, 33, 30, 27, 4, 16, 26, 3, 14, 32, 0, 15, 19, 1, 13, 34, 35, 22, 24, 18, 5, 17, 29, 9, 28, 39, 31, 38, 36, 12, 23, 21, 6, 25, 2
19, 28, 5, 34, 3, 8, 21, 0, 17, 6, 11, 27, 10, 38, 35, 15, 25, 14, 30, 13, 18, 1, 23, 2, 24, 20, 33, 9, 4, 26, 22, 29, 7, 39, 32, 12, 37, 31, 16, 36
16, 4, 22, 27, 13, 15, 38, 39, 11, 34, 20, 35, 18, 1, 28, 29, 24, 31, 9, 37, 0, 3, 25, 7, 8, 26, 12, 17, 36, 14, 2, 30, 6, 19, 32, 10, 33, 21, 5, 23
23, 7, 13, 26, 16, 11, 19, 12, 17, 14, 9, 24, 32, 36, 28, 34, 35, 2, 22, 18, 38, 8, 33, 39, 30, 3, 21, 27, 0, 1, 25, 6, 15, 5, 37, 31, 20, 29, 10, 4
36, 29, 0, 17, 3, 35, 28, 37, 31, 23, 14, 21, 4, 9, 26, 20, 6, 15, 11, 8, 1, 27, 38, 5, 10, 7, 24, 32, 13, 16, 25, 12, 2, 33, 30, 39, 34, 18, 19, 22
Pocket:
39, 10, 12, 29, 17, 18, 9, 19, 38, 3, 16, 23, 2, 34, 28, 27, 24, 36, 1, 25, 6, 4, 37, 26, 5, 11, 15, 21, 8, 30, 13, 7, 0, 14, 22, 33, 31, 32, 20, 35
0, 37, 21, 10, 6, 18, 8, 25, 32, 27, 39, 29, 9, 31, 36, 1, 16, 17, 26, 5, 20, 35, 33, 34, 13, 19, 15, 28, 38, 11, 3, 30, 12, 22, 23, 4, 7, 2, 14, 24
7, 6, 25, 29, 16, 31, 22, 11, 19, 20, 37, 30, 23, 34, 0, 36, 35, 1, 33, 27, 12, 28, 13, 10, 26, 24, 21, 15, 2, 14, 18, 39, 5, 32, 9, 8, 3, 17, 38, 4
36, 11, 12, 38, 23, 22, 14, 39, 7, 27, 16, 21, 6, 29, 2, 15, 20, 30, 19, 10, 3, 34, 5, 33, 13, 31, 1, 17, 26, 32, 18, 4, 0, 35, 25, 37, 8, 9, 24, 28
7, 8, 1, 9, 30, 4, 22, 26, 16, 28, 33, 25, 29, 0, 38, 37, 13, 21, 17, 27, 2, 24, 14, 32, 20, 36, 6, 39, 35, 5, 10, 34, 31, 19, 18, 11, 15, 23, 3, 12
39, 33, 38, 29, 23, 11, 28, 27, 9, 25, 4, 24, 12, 15, 30, 5, 35, 36, 37, 20, 34, 7, 17, 31, 10, 8, 1, 2, 0, 26, 21, 16, 14, 13, 32, 22, 18, 19, 3, 6
35, 2, 38, 16, 15, 21, 11, 34, 36, 9, 39, 7, 14, 26, 24, 13, 6, 12, 19, 5, 29, 20, 31, 1, 22, 8, 32, 33, 28, 23, 10, 27, 17, 18, 0, 4, 37, 25, 3, 30
29, 36, 32, 19, 18, 12, 39, 14, 17, 33, 28, 20, 4, 3, 31, 16, 11, 1, 13, 34, 38, 24, 37, 10, 7, 6, 26, 0, 30, 15, 27, 25, 9, 5, 22, 21, 2, 35, 8, 23
27, 20, 2, 10, 39, 31, 5, 32, 35, 29, 34, 36, 3, 28, 16, 1, 15, 19, 8, 4, 22, 17, 25, 6, 12, 37, 23, 18, 0, 7, 13, 11, 26, 30, 24, 21, 38, 33, 14, 9
26, 36, 10, 30, 12, 21, 16, 38, 1, 15, 25, 39, 35, 37, 7, 31, 0, 17, 29, 32, 14, 27, 22, 3, 34, 33, 19, 24, 23, 6, 5, 18, 2, 4, 13, 9, 28, 8, 11, 20
Pocket:
17, 18, 30, 8, 25, 11, 27, 24, 34, 5, 38, 37, 7, 2, 1, 19, 12, 26, 21, 0, 10, 23, 32, 28, 6, 20, 16, 14, 36, 15, 35, 13, 29, 33, 4, 22, 3, 31, 39, 9
19, 28, 10, 5, 20, 9, 7, 25, 2, 14, 18, 34, 1, 23, 38, 8, 26, 3, 27, 37, 33, 22, 6, 29, 15, 30, 39, 17, 35, 21, 13, 11, 12, 24, 36, 0, 32, 31, 16, 4
32, 6, 15, 18, 30, 2, 5, 0, 26, 34, 36, 22, 25, 38, 16, 17, 27, 37, 21, 3, 9, 4, 24, 7, 8, 11, 35, 13, 31, 28, 12, 23, 29, 10, 14, 1, 19, 39, 20, 33
7, 18, 20, 24, 10, 28, 4, 19, 6, 1, 30, 33, 23, 11, 0, 31, 34, 22, 3, 12, 25, 17, 26, 36, 38, 15, 13, 9, 32, 37, 35, 14, 21, 16, 8, 2, 5, 29, 27, 39
0, 28, 35, 31, 9, 24, 4, 3, 27, 11, 23, 33, 18, 25, 19, 36, 13, 12, 34, 16, 2, 5, 21, 26, 6, 15, 10, 17, 8, 14, 22, 39, 1, 29, 32, 37, 20, 7, 38, 30
20, 12, 9, 32, 4, 39, 25, 6, 38, 28, 3, 35, 37, 16, 7, 23, 34, 24, 21, 11, 17, 10, 8, 31, 0, 36, 13, 33, 26, 22, 19, 29, 15, 2, 27, 1, 5, 18, 14, 30
30, 6, 39, 28, 8, 35, 2, 5, 23, 32, 15, 9, 29, 22, 16, 33, 13, 17, 34, 10, 25, 26, 19, 7, 20, 18, 36, 31, 27, 24, 12, 1, 0, 21, 3, 4, 38, 11, 14, 37
18, 36, 20, 26, 4, 28, 9, 32, 29, 13, 1, 34, 7, 16, 37, 24, 10, 19, 2, 21, 14, 27, 31, 12, 8, 25, 23, 5, 35, 30, 38, 33, 22, 39, 11, 15, 6, 0, 3, 17
17, 12, 13, 18, 8, 0, 11, 20, 1, 30, 31, 19, 22, 34, 27, 7, 16, 36, 9, 23, 10, 24, 4, 39, 15, 35, 33, 14, 26, 32, 6, 38, 28, 2, 29, 3, 37, 25, 21, 5
26, 1, 33, 23, 8, 17, 2, 38, 20, 36, 12, 39, 37, 35, 19, 16, 27, 30, 34, 21, 32, 31, 5, 6, 9, 28, 0, 25, 11, 13, 15, 18, 4, 10, 7, 3, 29, 14, 22, 24
Pocket:
27, 18, 17, 38, 33, 30, 5, 19, 22, 21, 24, 28, 4, 12, 25, 3, 35, 14, 13, 20, 32, 7, 11, 23, 9, 15, 34, 0, 6, 26, 29, 10, 31, 8, 1, 16, 36, 39, 2, 37
11, 30, 23, 13, 6, 4, 7, 39, 37, 36, 26, 20, 25, 35, 29, 14, 32, 16, 33, 8, 19, 10, 12, 38, 9, 27, 15, 5, 0, 18, 22, 24, 1, 28, 3, 31, 21, 2, 17, 34
38, 17, 1, 31, 27, 24, 35, 36, 39, 3, 15, 21, 7, 14, 0, 18, 23, 12, 26, 34, 28, 13, 37, 8, 2, 20, 29, 9, 22, 25, 33, 32, 30, 16, 6, 5, 10, 19, 11, 4
29, 34, 4, 8, 1, 13, 36, 6, 21, 28, 23, 14, 26, 38, 33, 11, 17, 25, 18, 3, 10, 15, 20, 30, 37, 5, 9, 19, 16, 12, 2, 22, 39, 7, 24, 27, 35, 31, 32, 0
38, 18, 23, 16, 25, 0, 12, 21, 29, 39, 9, 37, 32, 15, 3, 11, 33, 4, 14, 30, 35, 17, 36, 20, 27, 28, 1, 24, 2, 31, 13, 5, 22, 19, 6, 8, 26, 10, 7, 34
36, 7, 24, 6, 34, 16, 25, 26, 28, 17, 15, 39, 2, 23, 3, 13, 33, 12, 31, 5, 35, 22, 37, 0, 18, 27, 11, 30, 21, 14, 20, 38, 8, 32, 29, 10, 4, 1, 9, 19
7, 24, 22, 17, 11, 31, 19, 3, 0, 9, 29, 13, 38, 18, 10, 37, 33, 35, 23, 14, 28, 39, 15, 12, 30, 2, 5, 26, 6, 20, 36, 25, 27, 32, 21, 1, 4, 16, 34, 8
4, 33, 28, 9, 3, 21, 18, 37, 31, 29, 17, 30, 0, 23, 6, 32, 8, 7, 35, 11, 14, 34, 2, 22, 10, 25, 1, 20, 26, 39, 27, 19, 13, 5, 38, 12, 24, 16, 36, 15
22, 15, 39, 2, 0, 17, 26, 33, 6, 29, 9, 19, 24, 32, 27, 20, 10, 36, 1, 18, 23, 5, 30, 11, 8, 4, 7, 21, 38, 31, 25, 16, 3, 12, 35, 13, 14, 28, 37, 34
9, 10, 22, 8, 20, 12, 4, 14, 0, 1, 2, 33, 26, 34, 30, 36, 35, 25, 24, 11, 31, 28, 18, 23, 38, 17, 27, 6, 3, 39, 32, 5, 19, 13, 16, 21, 7, 15, 29, 37
Pocket:
37, 18, 8, 17, 3, 22, 15, 20, 7, 14, 39, 36, 32, 9, 35, 16, 23, 1, 11, 24, 38, 4, 30, 27, 10, 0, 34, 13, 5, 12, 25, 26, 2, 28, 33, 6, 19, 29, 31, 21
28, 8, 16, 6, 20, 31, 12, 11, 22, 7, 15, 32, 14, 4, 19, 5, 35, 13, 21, 1, 27, 9, 34, 36, 25, 10, 24, 18, 37, 26, 2, 23, 0, 30, 17, 29, 38, 39, 3, 33
0, 27, 37, 16, 3, 2, 26, 23, 13, 17, 5, 10, 24, 15, 36, 12, 9, 28, 38, 30, 31, 7, 4, 1, 34, 29, 8, 35, 25, 39, 32, 33, 18, 6, 21, 20, 22, 19, 11, 14
31, 32, 8, 21, 28, 1, 12, 25, 11, 3, 6, 35, 22, 27, 17, 14, 13, 2, 4, 29, 7, 39, 18, 20, 15, 34, 30, 10, 9, 19, 33, 24, 38, 26, 36, 5, 23, 0, 37, 16
4, 9, 24, 25, 6, 33, 14, 37, 1, 13, 18, 34, 27, 19, 3, 20, 10, 0, 31, 29, 15, 12, 38, 26, 8, 32, 35, 30, 21, 23, 2, 17, 36, 5, 16, 22, 28, 11, 39, 7
36, 15, 12, 22, 0, 26, 2, 35, 31, 33, 37, 6, 14, 29, 38, 32, 27, 39, 24, 8, 19, 30, 18, 25, 16, 23, 5, 21, 20, 28, 9, 10, 17, 34, 7, 13, 1, 4, 3, 11
13, 30, 20, 32, 34, 3, 16, 8, 4, 27, 0, 36, 37, 19, 6, 10, 39, 38, 29, 18, 14, 23, 5, 22, 24, 31, 17, 7, 35, 25, 9, 2, 15, 28, 1, 26, 11, 21, 33, 12
26, 27, 11, 3, 14, 33, 34, 8, 32, 12, 28, 35, 39, 15, 16, 0, 19, 4, 10, 21, 30, 6, 20, 29, 37, 36, 17, 2, 5, 18, 23, 22, 24, 31, 9, 38, 25, 1, 7, 13
16, 12, 8, 1, 10, 22, 19, 3, 36, 32, 33, 13, 4, 7, 25, 26, 2, 27, 23, 39, 5, 34, 28, 31, 35, 21, 38, 15, 0, 14, 17, 24, 9, 30, 18, 11, 20, 29, 6, 37
36, 10, 4, 1, 11, 2, 38, 8, 22, 35, 15, 18, 5, 13, 12, 6, 24, 17, 31, 9, 19, 21, 3, 32, 0, 7, 30, 27, 37, 33, 29, 23, 25, 14, 39, 28, 34, 20, 16, 26
Pocket:
39, 30, 37, 25, 14, 27, 21, 19, 16, 22, 7, 29, 11, 33, 13, 26, 2, 3, 31, 5, 18, 34, 12, 38, 35, 15, 10, 1, 8, 23, 6, 17, 20, 24, 36, 0, 4, 28, 32, 9
7, 28, 13, 12, 8, 29, 15, 0, 10, 25, 11, 39, 24, 26, 4, 33, 34, 23, 6, 3, 37, 1, 14, 30, 32, 18, 22, 31, 20, 27, 35, 17, 21, 38, 19, 16, 5, 2, 36, 9
32, 34, 10, 25, 26, 22, 27, 20, 11, 8, 33, 21, 18, 29, 30, 9, 7, 39, 31, 6, 28, 4, 19, 15, 36, 24, 13, 38, 0, 35, 16, 1, 14, 5, 37, 17, 3, 12, 2, 23
13, 6, 23, 4, 28, 33, 24, 20, 10, 38, 1, 27, 25, 22, 16, 21, 8, 36, 17, 35, 26, 32, 31, 5, 11, 34, 37, 12, 14, 9, 39, 30, 0, 2, 18, 15, 29, 19, 3, 7
9, 30, 36, 19, 31, 17, 27, 3, 10, 28, 13, 7, 25, 23, 20, 5, 12, 22, 6, 18, 34, 35, 38, 8, 14, 4, 1, 33, 11, 16, 21, 15, 37, 0, 39, 32, 24, 26, 2, 29
36, 22, 3, 27, 28, 24, 39, 9, 38, 16, 6, 2, 13, 34, 10, 0, 30, 20, 33, 17, 14, 12, 4, 8, 31, 29, 11, 5, 19, 7, 32, 1, 37, 25, 26, 18, 15, 35, 23, 21
11, 20, 21, 18, 35, 26, 27, 7, 24, 23, 15, 2, 4, 1, 38, 10, 39, 9, 16, 12, 5, 17, 22, 30, 32, 34, 3, 28, 31, 0, 6, 8, 14, 33, 13, 25, 29, 37, 36, 19
2, 33, 13, 32, 23, 20, 0, 21, 19, 11, 4, 9, 29, 8, 38, 28, 30, 34, 7, 35, 15, 14, 25, 5, 16, 31, 17, 36, 12, 27, 22, 39, 18, 26, 37, 3, 6, 10, 24, 1
27, 37, 20, 1, 28, 19, 7, 0, 24, 36, 5, 29, 39, 6, 13, 16, 26, 31, 18, 17, 32, 2, 11, 12, 9, 38, 4, 8, 14, 33, 21, 25, 3, 15, 23, 30, 10, 34, 22, 35
8, 33, 0, 6, 30, 24, 35, 32, 26, 36, 7, 29, 1, 11, 39, 23, 17, 12, 20, 15, 13, 22, 31, 19, 21, 34, 38, 9, 3, 16, 27, 14, 5, 28, 37, 2, 10, 25, 4, 18
Pocket:
27, 18, 5, 14, 29, 10, 22, 3, 15, 33, 8, 9, 38, 32, 26, 24, 31, 39, 34, 7, 36, 20, 23, 37, 6, 16, 11, 0, 12, 13, 21, 30, 25, 4, 35, 19, 1, 17, 28, 2
16, 18, 29, 9, 25, 37, 10, 33, 28, 15, 8, 21, 12, 7, 22, 30, 2, 19, 5, 17, 23, 13, 24, 35, 36, 20, 38, 0, 32, 31, 4, 1, 11, 39, 34, 26, 14, 27, 3, 6
30, 12, 23, 35, 9, 8, 7, 33, 4, 13, 20, 39, 0, 28, 31, 27, 17, 21, 34, 15, 26, 3, 14, 6, 32, 10, 22, 36, 16, 25, 1, 29, 18, 37, 19, 11, 24, 2, 38, 5
26, 13, 3, 35, 8, 0, 11, 1, 5, 22, 4, 33, 14, 16, 39, 25, 28, 38, 17, 12, 20, 19, 37, 7, 9, 15, 10, 24, 6, 36, 27, 21, 29, 2, 18, 23, 31, 30, 32, 34
2, 15, 20, 37, 3, 26, 14, 18, 27, 0, 5, 10, 4, 34, 17, 9, 19, 32, 36, 39, 25, 29, 6, 1, 21, 23, 38, 8, 24, 33, 16, 13, 11, 30, 28, 22, 7, 12, 35, 31
34, 25, 6, 20, 29, 37, 8, 21, 22, 30, 16, 13, 2, 24, 9, 35, 14, 11, 33, 32, 3, 4, 1, 5, 23, 7, 15, 12, 28, 39, 31, 19, 0, 36, 18, 17, 26, 27, 10, 38
10, 33, 17, 30, 35, 39, 34, 2, 11, 19, 12, 29, 8, 4, 32, 6, 15, 25, 28, 37, 1, 5, 21, 24, 16, 38, 14, 13, 3, 7, 36, 26, 0, 22, 23, 31, 27, 20, 9, 18
36, 31, 33, 17, 4, 30, 7, 2, 26, 37, 6, 10, 20, 12, 39, 32, 29, 38, 13, 19, 0, 27, 9, 23, 21, 34, 3, 16, 22, 14, 15, 1, 35, 11, 5, 28, 24, 25, 18, 8
12, 8, 30, 25, 10, 14, 13, 11, 24, 20, 0, 34, 35, 23, 6, 21, 3, 29, 2, 17, 18, 28, 37, 22, 16, 36, 38, 26, 1, 27, 4, 39, 7, 32, 9, 5, 31, 19, 33, 15
39, 37, 25, 34, 3, 2, 22, 14, 20, 36, 16, 6, 12, 23, 35, 29, 21, 30, 17, 32, 26, 33, 1, 38, 0, 31, 5, 4, 24, 11, 8, 7, 27, 18, 10, 15, 9, 13, 28, 19
Pocket:
35, 7, 15, 0, 16, 24, 23, 17, 37, 10, 5, 25, 27, 11, 31, 34, 39, 4, 21, 28, 33, 19, 8, 1, 6, 3, 13, 30, 38, 9, 26, 20, 36, 22, 29, 2, 14, 32, 18, 12
16, 6, 4, 1, 0, 33, 12, 32, 30, 31, 27, 18, 34, 14, 8, 20, 28, 37, 23, 22, 25, 7, 39, 9, 26, 19, 24, 35, 10, 5, 21, 15, 2, 3, 17, 13, 38, 36, 11, 29
21, 14, 35, 6, 25, 34, 17, 19, 28, 18, 22, 7, 31, 24, 15, 3, 33, 1, 2, 38, 30, 32, 26, 9, 16, 5, 37, 36, 4, 0, 23, 39, 27, 12, 13, 29, 20, 10, 8, 11
13, 2, 37, 34, 16, 9, 26, 35, 25, 39, 4, 5, 22, 23, 18, 8, 12, 17, 0, 24, 31, 38, 29, 6, 14, 19, 21, 30, 28, 27, 32, 36, 33, 1, 20, 3, 11, 15, 10, 7
19, 14, 16, 28, 12, 32, 31, 36, 10, 3, 1, 11, 4, 34, 6, 7, 22, 35, 0, 20, 33, 21, 5, 24, 29, 39, 13, 18, 17, 26, 38, 15, 23, 37, 25, 27, 30, 9, 8, 2
32, 26, 3, 33, 36, 25, 35, 17, 9, 30, 7, 23, 19, 20, 21, 15, 22, 13, 38, 0, 24, 4, 37, 12, 11, 18, 5, 29, 10, 34, 31, 8, 39, 6, 1, 16, 2, 27, 28, 14
21, 6, 3, 34, 8, 15, 28, 39, 7, 12, 26, 38, 37, 36, 29, 17, 16, 23, 10, 20, 4, 14, 18, 27, 30, 33, 0, 24, 22, 5, 9, 19, 31, 25, 35, 2, 1, 32, 13, 11
28, 21, 17, 18, 9, 13, 29, 2, 4, 23, 8, 5, 33, 16, 20, 31, 10, 12, 7, 37, 0, 26, 35, 6, 38, 15, 27, 39, 25, 32, 34, 22, 1, 30, 36, 19, 11, 3, 24, 14
13, 0, 18, 37, 28, 32, 39, 23, 3, 14, 25, 27, 19, 4, 31, 15, 8, 17, 34, 12, 36, 38, 30, 1, 35, 6, 5, 9, 24, 29, 2, 10, 16, 21, 20, 22, 7, 33, 11, 26
27, 33, 9, 8, 24, 20, 32, 30, 26, 38, 22, 12, 11, 18, 29, 2, 34, 31, 0, 13, 28, 21, 7, 14, 23, 10, 17, 37, 5, 25, 1, 35, 6, 3, 39, 36, 16, 19, 15, 4
