Pocket:
9, 3, 16, 17, 33, 27, 30, 31, 39, 14, 22, 8, 35, 15, 18, 6, 20, 25, 1, 34, 12, 10, 21, 11, 5, 26, 37, 7, 38, 36, 2, 28, 13, 0, 32, 4, 29, 19, 23, 24
17, 32, 18, 15, 0, 27, 13, 26, 11, 25, 36, 16, 20, 24, 10, 23, 21, 2, 39, 14, 29, 6, 37, 12, 3, 28, 30, 4, 8, 9, 19, 7, 35, 22, 1, 33, 34, 31, 38, 5
36, 6, 17, 0, 30, 15, 32, 11, 25, 28, 34, 21, 26, 3, 7, 23, 8, 18, 4, 1, 39, 31, 12, 29, 14, 9, 37, 38, 27, 20, 19, 35, 10, 2, 5, 24, 22, 16, 33, 13
28, 18, 37, 26, 25, 22, 30, 16, 29, 7, 17, 11, 31, 33, 1, 32, 15, 5, 9, 23, 0, 27, 21, 12, 4, 13, 38, 14, 3, 10, 6, 35, 19, 24, 2, 34, 8, 20, 36, 39
10, 35, 17, 27, 12, 19, 15, 3, 18, 22, 34, 6, 5, 31, 26, 36, 8, 24, 33, 2, 7, 13, 14, 38, 1, 39, 4, 37, 29, 30, 16, 20, 28, 21, 23, 25, 32, 0, 9, 11
20, 23, 24, 5, 26, 12, 10, 9, 29, 21, 32, 15, 17, 4, 19, 31, 30, 25, 37, 13, 6, 2, 7, 28, 1, 3, 33, 11, 35, 16, 0, 39, 38, 8, 14, 27, 18, 34, 36, 22
17, 28, 2, 37, 30, 34, 7, 27, 0, 6, 23, 39, 13, 31, 16, 15, 22, 33, 11, 3, 21, 14, 32, 26, 35, 36, 4, 9, 24, 12, 1, 29, 25, 19, 38, 10, 8, 5, 18, 20
22, 29, 24, 11, 37, 28, 20, 35, 30, 7, 0, 3, 33, 6, 9, 8, 26, 39, 36, 14, 1, 25, 15, 19, 21, 32, 38, 12, 23, 5, 31, 2, 34, 17, 27, 10, 4, 16, 13, 18
34, 13, 15, 30, 26, 19, 5, 25, 39, 28, 1, 35, 22, 3, 17, 4, 7, 11, 20, 8, 31, 14, 12, 33, 32, 27, 36, 16, 37, 38, 24, 29, 10, 2, 9, 23, 6, 21, 18, 0
38, 20, 30, 3, 25, 11, 34, 31, 17, 24, 14, 8, 29, 0, 37, 16, 10, 35, 28, 18, 7, 1, 12, 33, 27, 2, 4, 6, 39, 15, 19, 23, 32, 5, 22, 9, 21, 36, 13, 26
Pocket:
39, 38, 18, 21, 26, 15, 3, 14, 27, 9, 30, 20, 35, 0, 31, 22, 17, 6, 2, 16, 29, 7, 25, 37, 23, 4, 24, 13, 5, 1, 10, 8, 28, 34, 36, 12, 33, 11, 32, 19
27, 29, 7, 8, 39, 18, 32, 35, 1, 36, 26, 33, 4, 11, 14, 2, 34, 3, 25, 21, 20, 5, 24, 28, 38, 16, 12, 10, 37, 19, 30, 9, 0, 31, 23, 6, 15, 13, 22, 17
18, 32, 4, 19, 25, 37, 2, 9, 7, 14, 11, 24, 15, 22, 6, 28, 1, 10, 27, 21, 29, 35, 34, 39, 23, 26, 38, 17, 36, 16, 20, 31, 5, 3, 30, 12, 8, 0, 13, 33
39, 16, 17, 4, 31, 7, 34, 14, 13, 29, 24, 28, 8, 5, 36, 19, 10, 26, 15, 1, 6, 33, 0, 21, 9, 35, 38, 3, 37, 12, 18, 20, 22, 23, 27, 32, 11, 30, 2, 25
22, 39, 24, 13, 0, 34, 6, 18, 27, 29, 11, 20, 21, 12, 31, 26, 5, 35, 19, 28, 1, 17, 14, 30, 10, 33, 2, 37, 23, 9, 15, 8, 7, 38, 36, 4, 32, 16, 3, 25
23, 9, 13, 33, 21, 39, 28, 11, 1, 20, 4, 38, 34, 30, 12, 2, 25, 16, 36, 8, 18, 7, 19, 35, 0, 3, 31, 22, 37, 6, 27, 5, 32, 10, 26, 15, 14, 29, 17, 24
24, 35, 21, 9, 12, 31, 6, 14, 20, 38, 19, 5, 7, 28, 18, 15, 13, 37, 39, 23, 33, 0, 1, 11, 2, 8, 22, 27, 25, 32, 4, 34, 10, 16, 30, 3, 36, 17, 29, 26
25, 0, 22, 9, 19, 37, 12, 28, 10, 2, 26, 5, 6, 29, 39, 18, 31, 15, 36, 14, 38, 35, 8, 27, 21, 11, 24, 7, 3, 23, 33, 1, 4, 32, 13, 20, 16, 30, 17, 34
25, 13, 37, 23, 24, 22, 8, 12, 39, 1, 38, 4, 2, 17, 36, 15, 18, 21, 9, 28, 35, 10, 29, 0, 30, 32, 11, 7, 20, 5, 3, 26, 27, 34, 19, 16, 6, 14, 33, 31
2, 37, 36, 14, 30, 18, 7, 12, 17, 25, 20, 1, 16, 32, 5, 15, 22, 0, 23, 13, 28, 11, 33, 6, 35, 39, 3, 21, 38, 31, 27, 24, 26, 29, 19, 4, 9, 8, 34, 10
Pocket:
4, 29, 20, 24, 7, 28, 8, 22, 14, 3, 13, 11, 16, 35, 17, 6, 12, 37, 32, 33, 1, 5, 34, 26, 38, 10, 25, 27, 36, 39, 18, 9, 23, 30, 31, 0, 2, 15, 21, 19
39, 27, 8, 19, 33, 2, 13, 35, 22, 1, 6, 0, 14, 23, 24, 16, 18, 28, 9, 34, 38, 7, 20, 29, 11, 15, 36, 3, 10, 30, 37, 12, 4, 25, 26, 21, 17, 5, 31, 32
14, 17, 24, 23, 38, 16, 1, 12, 7, 36, 2, 27, 30, 18, 11, 13, 19, 4, 26, 29, 20, 32, 22, 31, 9, 37, 8, 21, 5, 10, 34, 33, 28, 0, 39, 15, 6, 25, 3, 35
14, 29, 31, 8, 11, 5, 0, 9, 30, 27, 10, 24, 1, 19, 26, 3, 34, 16, 17, 15, 21, 28, 6, 13, 32, 2, 23, 36, 25, 37, 35, 22, 18, 7, 38, 39, 12, 33, 4, 20
0, 25, 28, 17, 8, 2, 38, 15, 30, 19, 7, 29, 35, 1, 16, 37, 32, 26, 12, 23, 36, 33, 13, 3, 4, 9, 11, 6, 22, 20, 10, 31, 18, 14, 21, 34, 5, 27, 24, 39
18, 10, 36, 22, 6, 9, 39, 27, 25, 33, 34, 12, 11, 20, 26, 35, 24, 17, 2, 32, 23, 14, 38, 21, 19, 30, 4, 37, 13, 29, 7, 3, 28, 31, 5, 8, 1, 0, 16, 15
23, 8, 22, 12, 5, 39, 2, 1, 29, 27, 26, 37, 4, 14, 18, 19, 28, 35, 24, 21, 25, 30, 33, 11, 10, 31, 9, 7, 13, 36, 0, 15, 17, 34, 16, 20, 38, 6, 3, 32
30, 2, 14, 19, 1, 35, 29, 8, 28, 17, 23, 25, 16, 13, 11, 38, 36, 27, 15, 39, 31, 18, 24, 4, 34, 0, 6, 5, 21, 9, 3, 32, 10, 26, 12, 37, 20, 22, 7, 33
18, 0, 6, 7, 30, 28, 1, 10, 34, 31, 22, 37, 8, 13, 11, 35, 33, 9, 17, 2, 15, 19, 3, 39, 38, 14, 4, 25, 29, 5, 36, 32, 26, 20, 24, 12, 27, 16, 21, 23
23, 3, 5, 27, 4, 32, 20, 11, 15, 38, 10, 7, 18, 21, 26, 12, 28, 9, 34, 1, 17, 2, 6, 39, 24, 37, 36, 14, 8, 25, 31, 30, 29, 35, 0, 22, 19, 13, 16, 33
Pocket:
13, 32, 0, 28, 7, 15, 11, 6, 39, 38, 35, 27, 23, 31, 37, 18, 22, 24, 17, 4, 20, 19, 26, 29, 10, 30, 8, 2, 5, 9, 12, 3, 14, 25, 34, 21, 33, 36, 1, 16
22, 15, 14, 12, 25, 36, 26, 13, 33, 0, 4, 31, 7, 6, 29, 35, 38, 8, 3, 18, 10, 2, 11, 21, 28, 9, 39, 24, 34, 17, 16, 37, 30, 20, 32, 19, 27, 23, 5, 1
0, 16, 12, 39, 35, 24, 21, 10, 3, 17, 8, 23, 32, 11, 29, 27, 26, 30, 37, 4, 36, 20, 1, 25, 31, 18, 34, 15, 28, 13, 33, 7, 38, 14, 6, 2, 22, 19, 9, 5
31, 19, 33, 3, 6, 23, 30, 24, 27, 39, 5, 32, 12, 13, 15, 35, 26, 36, 8, 16, 10, 18, 34, 14, 28, 7, 29, 17, 2, 25, 11, 9, 1, 20, 37, 21, 0, 4, 38, 22
1, 2, 11, 14, 13, 33, 7, 5, 22, 0, 35, 21, 4, 10, 27, 29, 26, 31, 12, 23, 8, 15, 9, 39, 20, 24, 34, 38, 3, 6, 28, 36, 16, 32, 17, 18, 37, 19, 30, 25
39, 8, 18, 20, 38, 26, 25, 7, 19, 23, 35, 3, 32, 9, 1, 33, 5, 4, 15, 27, 12, 29, 10, 34, 11, 0, 28, 6, 22, 36, 31, 2, 37, 16, 17, 24, 14, 13, 30, 21
22, 5, 14, 10, 6, 30, 29, 28, 24, 3, 4, 35, 20, 8, 27, 36, 37, 12, 21, 34, 33, 31, 9, 32, 7, 2, 19, 17, 26, 1, 0, 11, 15, 16, 25, 23, 39, 38, 13, 18
26, 29, 8, 35, 30, 38, 36, 15, 28, 7, 33, 19, 34, 1, 14, 18, 11, 32, 9, 17, 13, 27, 25, 4, 39, 3, 10, 16, 22, 23, 2, 6, 0, 21, 31, 24, 37, 12, 5, 20
36, 14, 4, 13, 22, 23, 39, 12, 34, 29, 10, 28, 17, 16, 11, 21, 5, 25, 7, 6, 8, 18, 35, 0, 9, 30, 15, 26, 32, 20, 1, 31, 19, 24, 3, 27, 37, 38, 2, 33
2, 34, 27, 0, 14, 28, 22, 15, 30, 1, 13, 31, 24, 19, 3, 16, 26, 8, 36, 37, 21, 29, 9, 18, 10, 12, 39, 25, 38, 6, 35, 23, 4, 17, 5, 7, 33, 32, 11, 20
Pocket:
15, 39, 11, 5, 17, 24, 38, 25, 22, 26, 3, 35, 7, 19, 29, 6, 21, 0, 16, 23, 9, 2, 34, 28, 13, 14, 1, 32, 8, 27, 37, 36, 33, 10, 20, 12, 18, 31, 4, 30
5, 1, 25, 11, 29, 15, 35, 14, 6, 8, 12, 0, 21, 23, 20, 26, 13, 27, 9, 7, 28, 31, 39, 19, 38, 4, 32, 17, 2, 22, 36, 30, 18, 37, 16, 33, 34, 24, 3, 10
36, 10, 18, 35, 33, 15, 29, 34, 4, 14, 13, 27, 25, 1, 23, 39, 31, 16, 20, 38, 24, 21, 32, 17, 28, 30, 9, 0, 37, 12, 5, 26, 6, 2, 8, 7, 22, 3, 11, 19
36, 27, 0, 21, 16, 1, 23, 14, 26, 12, 38, 29, 25, 19, 33, 28, 32, 35, 13, 22, 34, 8, 31, 11, 3, 2, 39, 5, 10, 9, 4, 20, 7, 30, 15, 18, 17, 37, 24, 6
14, 35, 30, 25, 21, 32, 1, 31, 33, 37, 34, 38, 28, 18, 24, 17, 19, 7, 5, 26, 3, 20, 2, 27, 0, 22, 13, 10, 11, 23, 8, 39, 36, 6, 15, 12, 9, 16, 4, 29
1, 21, 25, 15, 22, 9, 38, 24, 17, 13, 30, 4, 34, 5, 27, 16, 20, 7, 11, 12, 26, 36, 10, 8, 18, 0, 29, 33, 19, 32, 3, 39, 2, 28, 35, 23, 6, 14, 31, 37
37, 2, 16, 38, 14, 9, 17, 36, 8, 13, 35, 19, 29, 12, 18, 31, 11, 3, 1, 0, 5, 34, 26, 24, 4, 33, 6, 23, 15, 28, 39, 32, 27, 21, 25, 20, 22, 30, 10, 7
35, 39, 25, 5, 14, 10, 20, 1, 21, 22, 34, 4, 9, 18, 24, 38, 15, 26, 6, 23, 16, 11, 29, 36, 19, 30, 31, 0, 13, 7, 32, 37, 2, 33, 8, 28, 27, 12, 3, 17
31, 29, 2, 26, 12, 21, 35, 24, 27, 20, 15, 34, 39, 6, 37, 4, 18, 9, 8, 33, 14, 22, 7, 13, 23, 3, 38, 19, 5, 30, 17, 10, 28, 25, 32, 11, 1, 36, 16, 0
35, 6, 15, 17, 9, 0, 7, 25, 28, 30, 3, 18, 39, 27, 10, 11, 34, 8, 26, 24, 1, 22, 5, 23, 12, 33, 37, 13, 16, 31, 21, 14, 20, 4, 32, 19, 36, 29, 2, 38
Pocket:
25, 39, 10, 8, 28, 2, 35, 33, 21, 3, 22, 17, 24, 18, 20, 15, 30, 5, 31, 36, 34, 23, 9, 32, 14, 38, 1, 4, 6, 29, 19, 11, 13, 0, 7, 16, 12, 37, 26, 27
32, 23, 0, 33, 30, 16, 15, 6, 38, 39, 4, 20, 36, 2, 17, 8, 3, 27, 12, 37, 35, 14, 28, 31, 21, 19, 26, 13, 24, 18, 1, 11, 22, 29, 34, 9, 25, 7, 10, 5
34, 21, 12, 20, 6, 25, 10, 27, 1, 15, 16, 31, 11, 36, 0, 37, 24, 5, 18, 26, 38, 13, 29, 28, 17, 3, 23, 19, 35, 33, 22, 32, 9, 4, 30, 14, 2, 39, 7, 8
14, 10, 23, 32, 33, 39, 37, 18, 36, 29, 0, 13, 1, 38, 26, 17, 24, 5, 27, 35, 9, 11, 34, 19, 21, 25, 12, 7, 15, 20, 16, 8, 30, 4, 3, 28, 6, 31, 22, 2
1, 19, 2, 5, 0, 35, 29, 30, 16, 28, 26, 21, 6, 32, 14, 36, 27, 22, 24, 31, 20, 17, 39, 25, 9, 3, 37, 15, 34, 38, 13, 12, 33, 8, 7, 11, 10, 18, 23, 4
9, 1, 27, 11, 19, 10, 13, 30, 29, 24, 18, 36, 23, 6, 5, 7, 2, 32, 34, 25, 31, 35, 39, 20, 16, 33, 38, 15, 26, 14, 21, 0, 28, 17, 3, 4, 12, 37, 8, 22
34, 21, 10, 14, 26, 3, 36, 33, 17, 39, 24, 30, 15, 31, 8, 20, 23, 11, 19, 4, 0, 1, 22, 28, 35, 32, 5, 13, 6, 29, 7, 12, 38, 27, 2, 25, 37, 9, 16, 18
0, 6, 34, 28, 8, 14, 27, 32, 10, 39, 15, 38, 25, 37, 1, 23, 33, 13, 22, 21, 7, 16, 26, 4, 11, 19, 12, 2, 17, 30, 18, 9, 24, 20, 29, 36, 3, 5, 31, 35
4, 9, 35, 22, 26, 31, 38, 32, 39, 18, 28, 14, 1, 37, 29, 21, 19, 12, 16, 24, 23, 27, 3, 13, 8, 33, 5, 6, 34, 11, 2, 7, 0, 36, 30, 25, 17, 10, 15, 20
1, 2, 28, 11, 35, 13, 31, 26, 10, 17, 37, 27, 23, 18, 0, 14, 25, 19, 7, 15, 24, 20, 36, 29, 5, 3, 4, 32, 30, 39, 9, 33, 21, 16, 34, 38, 22, 12, 8, 6
Pocket:
8, 2, 26, 11, 10, 4, 35, 16, 32, 25, 6, 13, 36, 3, 22, 12, 27, 38, 15, 19, 39, 34, 14, 7, 33, 31, 1, 5, 18, 29, 37, 21, 20, 30, 23, 17, 0, 28, 9, 24
17, 11, 33, 28, 32, 34, 7, 31, 30, 27, 5, 15, 29, 6, 21, 25, 18, 26, 8, 9, 37, 14, 4, 12, 36, 19, 23, 3, 1, 16, 10, 22, 0, 24, 35, 13, 38, 39, 2, 20
10, 4, 23, 28, 14, 36, 29, 20, 2, 39, 31, 6, 5, 9, 27, 1, 35, 21, 26, 38, 30, 33, 18, 11, 24, 16, 17, 13, 32, 3, 25, 8, 0, 37, 7, 19, 34, 15, 12, 22
9, 3, 22, 24, 2, 17, 33, 16, 32, 20, 27, 11, 0, 29, 8, 35, 28, 10, 25, 31, 21, 37, 12, 30, 39, 14, 4, 23, 1, 6, 34, 19, 13, 7, 18, 36, 5, 38, 26, 15
12, 0, 8, 19, 3, 33, 14, 17, 11, 26, 13, 10, 39, 28, 25, 36, 20, 23, 27, 38, 7, 30, 15, 6, 1, 2, 34, 24, 35, 5, 22, 18, 37, 16, 9, 32, 4, 29, 31, 21
9, 34, 35, 5, 18, 25, 27, 12, 7, 31, 13, 1, 33, 23, 37, 3, 20, 22, 26, 19, 6, 39, 14, 4, 11, 15, 8, 17, 28, 36, 24, 16, 29, 30, 21, 2, 32, 10, 38, 0
24, 27, 14, 28, 9, 0, 13, 19, 35, 1, 6, 18, 30, 34, 2, 31, 4, 11, 5, 12, 26, 39, 22, 38, 20, 29, 17, 23, 25, 21, 7, 15, 8, 10, 37, 36, 16, 32, 33, 3
9, 29, 7, 6, 8, 25, 35, 19, 21, 34, 26, 4, 15, 1, 14, 31, 20, 3, 28, 38, 32, 0, 11, 23, 37, 39, 24, 18, 12, 33, 27, 22, 16, 13, 2, 30, 5, 10, 17, 36
20, 17, 39, 27, 24, 26, 8, 23, 7, 10, 6, 33, 38, 21, 37, 2, 18, 25, 4, 14, 36, 0, 30, 19, 29, 31, 13, 1, 9, 28, 5, 3, 15, 11, 35, 32, 34, 12, 22, 16
23, 11, 34, 15, 33, 31, 22, 4, 25, 20, 38, 5, 9, 26, 18, 14, 36, 19, 12, 13, 3, 39, 28, 1, 24, 27, 17, 35, 32, 21, 2, 29, 7, 10, 6, 8, 0, 16, 30, 37
Pocket:
5, 8, 36, 32, 22, 16, 14, 0, 28, 23, 12, 38, 18, 20, 4, 30, 27, 15, 2, 26, 33, 10, 9, 34, 37, 13, 19, 17, 6, 31, 39, 7, 3, 25, 11, 35, 29, 24, 21, 1
2, 21, 29, 14, 12, 11, 18, 9, 28, 19, 30, 5, 16, 20, 13, 0, 32, 35, 27, 23, 26, 31, 37, 25, 8, 3, 36, 33, 15, 24, 6, 7, 22, 4, 10, 38, 1, 17, 39, 34
7, 33, 16, 24, 22, 18, 6, 29, 15, 26, 13, 17, 27, 36, 37, 32, 10, 9, 31, 19, 21, 23, 34, 2, 35, 25, 28, 5, 39, 14, 3, 4, 38, 12, 8, 30, 0, 20, 1, 11
5, 22, 16, 1, 19, 27, 2, 6, 15, 18, 17, 23, 34, 30, 38, 14, 35, 21, 32, 26, 12, 29, 25, 36, 7, 0, 4, 33, 9, 39, 8, 31, 11, 37, 3, 20, 10, 28, 13, 24
38, 0, 22, 4, 19, 34, 5, 11, 9, 17, 26, 28, 16, 31, 39, 24, 35, 18, 6, 37, 10, 30, 27, 29, 33, 1, 23, 20, 2, 21, 15, 7, 8, 13, 36, 3, 25, 12, 32, 14
3, 8, 24, 27, 16, 12, 38, 7, 21, 9, 6, 25, 28, 39, 33, 30, 31, 13, 35, 34, 1, 11, 22, 37, 29, 10, 15, 17, 18, 20, 5, 32, 36, 4, 19, 23, 2, 26, 0, 14
6, 35, 14, 32, 9, 13, 23, 31, 39, 28, 18, 4, 11, 1, 0, 10, 8, 22, 26, 21, 36, 16, 12, 5, 34, 38, 15, 20, 3, 7, 17, 37, 2, 33, 30, 24, 25, 29, 19, 27
19, 15, 14, 18, 33, 34, 7, 38, 20, 9, 37, 12, 39, 31, 24, 10, 5, 11, 1, 23, 32, 16, 29, 6, 8, 17, 30, 4, 13, 35, 25, 36, 0, 28, 2, 26, 22, 21, 27, 3
17, 21, 37, 4, 5, 15, 33, 3, 1, 8, 26, 0, 29, 36, 18, 2, 11, 22, 7, 13, 12, 35, 9, 32, 27, 24, 30, 38, 19, 31, 28, 6, 39, 16, 14, 34, 23, 10, 20, 25
37, 21, 2, 31, 32, 26, 14, 16, 15, 11, 7, 13, 33, 9, 29, 23, 25, 0, 17, 22, 1, 27, 6, 24, 3, 20, 12, 38, 34, 35, 10, 4, 36, 39, 30, 8, 5, 19, 28, 18
Pocket:
17, 36, 37, 27, 5, 29, 4, 11, 3, 18, 0, 12, 16, 10, 39, 24, 22, 34, 38, 23, 6, 13, 33, 31, 2, 20, 1, 7, 19, 28, 21, 8, 32, 14, 9, 25, 35, 15, 26, 30
23, 1, 10, 32, 11, 31, 13, 0, 35, 38, 29, 4, 39, 33, 19, 17, 12, 28, 36, 2, 6, 14, 9, 18, 21, 27, 25, 34, 8, 30, 3, 22, 7, 15, 16, 5, 24, 26, 37, 20
30, 27, 9, 11, 35, 8, 16, 0, 32, 21, 25, 3, 5, 6, 20, 14, 24, 10, 29, 18, 39, 38, 2, 26, 33, 17, 22, 4, 31, 36, 15, 12, 34, 7, 19, 28, 23, 37, 1, 13
12, 13, 32, 4, 37, 35, 8, 5, 2, 18, 30, 19, 33, 7, 10, 36, 17, 9, 11, 14, 21, 1, 3, 31, 0, 29, 16, 23, 20, 38, 24, 34, 15, 26, 39, 6, 27, 22, 28, 25
0, 15, 22, 18, 36, 39, 25, 34, 28, 32, 19, 31, 11, 24, 4, 10, 20, 8, 17, 30, 16, 7, 3, 27, 1, 35, 9, 38, 12, 6, 23, 21, 5, 26, 13, 2, 14, 29, 33, 37
35, 28, 7, 4, 24, 31, 27, 20, 26, 38, 8, 18, 6, 33, 21, 36, 9, 10, 25, 19, 5, 15, 30, 14, 0, 29, 34, 23, 3, 39, 32, 11, 17, 16, 12, 13, 22, 1, 37, 2
7, 4, 3, 11, 19, 29, 15, 39, 5, 37, 1, 38, 12, 31, 20, 6, 30, 26, 2, 28, 9, 16, 33, 27, 32, 36, 21, 18, 25, 10, 35, 14, 13, 0, 17, 24, 23, 8, 34, 22
25, 3, 37, 1, 19, 15, 23, 11, 36, 0, 7, 5, 29, 6, 17, 2, 32, 12, 10, 4, 34, 26, 14, 8, 9, 18, 21, 39, 16, 30, 38, 31, 28, 13, 24, 35, 22, 27, 33, 20
16, 4, 11, 37, 5, 39, 25, 8, 36, 35, 3, 30, 13, 23, 10, 9, 24, 31, 21, 1, 38, 20, 15, 32, 33, 2, 22, 18, 17, 26, 29, 14, 0, 6, 34, 12, 27, 28, 7, 19
33, 29, 28, 6, 36, 38, 8, 2, 5, 4, 12, 37, 39, 13, 20, 26, 18, 24, 32, 19, 23, 34, 14, 25, 11, 31, 16, 0, 1, 21, 17, 27, 9, 22, 30, 3, 15, 35, 10, 7
Pocket:
1, 28, 18, 10, 39, 16, 22, 9, 2, 24, 37, 15, 38, 20, 8, 3, 17, 13, 4, 30, 33, 12, 32, 11, 35, 26, 27, 21, 31, 0, 23, 19, 14, 5, 29, 7, 25, 36, 34, 6
8, 24, 25, 12, 15, 18, 2, 19, 35, 1, 34, 22, 23, 30, 28, 14, 11, 9, 21, 6, 37, 26, 29, 33, 10, 4, 38, 27, 32, 39, 13, 7, 20, 16, 0, 31, 5, 36, 17, 3
38, 39, 11, 33, 19, 25, 26, 24, 1, 20, 7, 15, 30, 8, 36, 21, 6, 2, 13, 4, 16, 32, 17, 35, 10, 9, 29, 3, 18, 34, 5, 0, 28, 22, 31, 14, 27, 37, 12, 23
29, 12, 32, 17, 28, 20, 14, 19, 35, 39, 10, 26, 34, 11, 2, 36, 1, 37, 5, 25, 13, 21, 27, 0, 38, 15, 6, 7, 9, 3, 23, 33, 18, 22, 8, 16, 30, 4, 31, 24
34, 12, 17, 1, 23, 13, 29, 7, 37, 3, 31, 30, 20, 28, 24, 15, 33, 10, 22, 8, 25, 0, 21, 38, 11, 18, 35, 27, 16, 19, 26, 5, 6, 4, 14, 36, 9, 39, 2, 32
12, 34, 28, 39, 24, 17, 19, 2, 26, 20, 6, 13, 9, 23, 8, 4, 14, 37, 32, 35, 11, 5, 18, 7, 33, 38, 16, 29, 21, 27, 30, 0, 10, 31, 15, 25, 3, 36, 1, 22
38, 4, 15, 11, 1, 7, 16, 5, 6, 36, 37, 39, 19, 28, 30, 18, 27, 26, 2, 29, 35, 33, 10, 34, 9, 23, 0, 21, 20, 8, 3, 24, 12, 32, 14, 25, 13, 31, 17, 22
37, 33, 3, 21, 14, 0, 7, 22, 4, 34, 13, 11, 29, 28, 31, 39, 5, 23, 2, 38, 35, 36, 26, 20, 12, 24, 16, 15, 1, 10, 17, 19, 6, 8, 25, 27, 30, 32, 9, 18
39, 29, 7, 30, 32, 12, 10, 26, 19, 9, 20, 27, 23, 33, 11, 35, 21, 5, 4, 36, 3, 15, 2, 1, 31, 24, 34, 38, 37, 13, 18, 25, 17, 6, 14, 0, 16, 8, 28, 22
7, 29, 34, 31, 17, 38, 21, 5, 32, 39, 35, 9, 4, 26, 36, 10, 24, 2, 18, 1, 20, 11, 8, 23, 12, 27, 30, 16, 15, 14, 19, 3, 13, 37, 28, 0, 6, 25, 22, 33
Pocket:
37, 4, 18, 3, 15, 25, 20, 5, 36, 34, 13, 17, 39, 31, 21, 9, 24, 2, 32, 1, 28, 26, 16, 30, 12, 35, 0, 22, 27, 8, 7, 23, 14, 10, 29, 6, 38, 19, 33, 11
13, 38, 26, 37, 23, 14, 10, 2, 21, 34, 20, 1, 30, 7, 15, 28, 24, 0, 12, 19, 8, 18, 9, 3, 17, 6, 29, 33, 4, 35, 11, 22, 25, 5, 27, 31, 32, 16, 36, 39
2, 7, 16, 21, 35, 1, 8, 5, 13, 27, 14, 32, 15, 31, 10, 20, 39, 4, 0, 38, 9, 19, 12, 22, 26, 37, 25, 36, 6, 11, 30, 3, 17, 28, 24, 18, 34, 33, 29, 23
38, 8, 23, 30, 26, 13, 11, 3, 6, 39, 22, 29, 5, 35, 14, 2, 20, 37, 0, 16, 21, 4, 28, 33, 32, 9, 19, 1, 36, 10, 27, 12, 31, 24, 25, 34, 17, 7, 18, 15
33, 29, 28, 10, 37, 16, 7, 19, 27, 20, 36, 4, 23, 14, 6, 30, 22, 24, 9, 2, 1, 0, 38, 11, 39, 31, 12, 15, 18, 3, 26, 5, 25, 32, 13, 17, 8, 35, 34, 21
9, 20, 26, 30, 8, 0, 25, 34, 6, 22, 7, 4, 24, 18, 15, 11, 37, 27, 23, 19, 17, 3, 35, 1, 29, 10, 38, 39, 16, 31, 33, 14, 12, 21, 32, 36, 13, 5, 2, 28
21, 0, 12, 20, 16, 28, 15, 25, 5, 37, 32, 6, 19, 22, 4, 18, 34, 10, 3, 30, 2, 17, 8, 23, 27, 14, 24, 31, 35, 39, 1, 7, 33, 38, 26, 9, 11, 29, 36, 13
14, 5, 23, 1, 7, 19, 3, 8, 10, 11, 15, 20, 31, 29, 27, 35, 24, 32, 28, 36, 21, 18, 16, 38, 26, 37, 33, 12, 0, 17, 25, 6, 13, 2, 30, 9, 34, 4, 22, 39
13, 3, 33, 25, 34, 39, 27, 31, 10, 19, 20, 38, 35, 24, 14, 12, 32, 17, 28, 7, 36, 22, 26, 29, 1, 2, 30, 5, 16, 4, 8, 11, 23, 37, 18, 21, 15, 0, 6, 9
26, 12, 22, 31, 15, 37, 20, 11, 33, 34, 17, 4, 38, 9, 32, 24, 1, 23, 6, 25, 7, 8, 18, 35, 19, 27, 13, 16, 14, 30, 10, 0, 3, 5, 21, 39, 36, 29, 28, 2
Pocket:
22, 36, 25, 31, 0, 35, 30, 26, 21, 20, 28, 1, 2, 19, 14, 8, 6, 39, 37, 34, 15, 5, 32, 17, 13, 29, 7, 38, 4, 23, 27, 9, 24, 3, 33, 18, 10, 12, 11, 16
17, 30, 35, 10, 24, 15, 14, 12, 36, 6, 21, 33, 39, 26, 38, 16, 20, 13, 19, 1, 0, 3, 4, 5, 11, 8, 9, 2, 23, 27, 18, 32, 31, 25, 22, 28, 37, 7, 34, 29
31, 29, 33, 39, 6, 19, 11, 20, 34, 21, 25, 17, 14, 24, 28, 9, 30, 22, 8, 3, 0, 35, 5, 12, 26, 10, 13, 2, 4, 23, 15, 32, 16, 38, 1, 7, 36, 37, 27, 18
10, 34, 32, 27, 15, 0, 13, 4, 22, 3, 30, 23, 28, 35, 37, 12, 20, 9, 6, 21, 7, 2, 24, 18, 11, 17, 8, 25, 5, 19, 39, 38, 26, 33, 1, 36, 31, 16, 29, 14
29, 20, 38, 11, 8, 12, 35, 14, 23, 36, 5, 25, 26, 16, 21, 0, 18, 3, 1, 6, 2, 32, 7, 17, 22, 10, 33, 31, 4, 37, 24, 34, 30, 15, 28, 19, 39, 13, 9, 27
17, 12, 20, 38, 5, 24, 26, 27, 30, 15, 3, 4, 25, 31, 13, 39, 34, 18, 2, 6, 16, 36, 37, 8, 28, 0, 7, 32, 29, 19, 10, 33, 9, 22, 21, 11, 23, 14, 35, 1
12, 36, 35, 8, 26, 10, 18, 2, 31, 15, 22, 20, 17, 11, 37, 13, 25, 14, 7, 6, 1, 24, 32, 38, 21, 4, 19, 30, 28, 29, 5, 0, 23, 3, 39, 34, 9, 16, 27, 33
32, 14, 18, 21, 28, 13, 3, 5, 25, 23, 26, 36, 24, 37, 22, 10, 4, 30, 16, 8, 35, 12, 38, 20, 7, 1, 34, 31, 19, 29, 9, 17, 39, 11, 2, 0, 6, 33, 27, 15
17, 16, 19, 15, 34, 30, 20, 35, 3, 29, 23, 21, 36, 26, 37, 39, 12, 4, 32, 28, 9, 27, 10, 1, 13, 33, 5, 11, 24, 8, 6, 25, 0, 31, 2, 7, 18, 22, 14, 38
26, 33, 14, 1, 23, 29, 7, 16, 38, 19, 35, 31, 9, 17, 15, 6, 4, 36, 3, 24, 27, 37, 34, 12, 22, 11, 2, 18, 5, 30, 0, 28, 8, 39, 21, 13, 10, 32, 20, 25
Pocket:
32, 35, 39, 20, 25, 18, 38, 7, 36, 28, 21, 22, 29, 12, 37, 34, 15, 4, 31, 5, 19, 23, 6, 3, 26, 27, 17, 11, 1, 2, 9, 14, 13, 30, 33, 16, 8, 0, 10, 24
3, 29, 20, 24, 15, 25, 31, 39, 22, 16, 34, 14, 5, 2, 30, 6, 18, 0, 27, 13, 12, 10, 23, 19, 36, 28, 38, 33, 37, 21, 1, 32, 26, 8, 9, 4, 17, 35, 11, 7
33, 23, 8, 29, 20, 12, 30, 38, 24, 27, 11, 16, 7, 28, 26, 36, 2, 3, 25, 4, 13, 6, 39, 34, 35, 17, 9, 32, 22, 18, 31, 37, 19, 5, 21, 1, 0, 10, 14, 15
8, 1, 14, 29, 39, 5, 37, 28, 15, 36, 17, 25, 34, 6, 13, 30, 2, 3, 22, 19, 23, 26, 16, 24, 12, 7, 32, 18, 0, 20, 4, 27, 21, 9, 33, 35, 11, 38, 10, 31
23, 37, 30, 34, 32, 39, 35, 36, 5, 31, 33, 17, 0, 24, 18, 28, 25, 15, 2, 27, 8, 21, 1, 38, 4, 19, 7, 11, 13, 26, 12, 3, 16, 22, 6, 9, 14, 10, 20, 29
2, 16, 24, 33, 10, 14, 1, 38, 21, 25, 3, 18, 31, 32, 29, 36, 7, 0, 26, 8, 15, 30, 34, 11, 27, 28, 12, 23, 22, 20, 17, 19, 6, 9, 5, 37, 39, 13, 35, 4
11, 8, 24, 12, 32, 31, 17, 28, 5, 0, 20, 35, 6, 36, 18, 15, 19, 21, 3, 39, 26, 23, 10, 38, 7, 9, 29, 14, 27, 1, 33, 30, 34, 4, 25, 22, 2, 16, 37, 13
32, 16, 5, 23, 10, 18, 26, 9, 6, 27, 38, 7, 22, 24, 14, 37, 25, 2, 34, 30, 35, 33, 39, 19, 20, 29, 12, 3, 36, 15, 13, 11, 17, 28, 0, 8, 4, 31, 1, 21
9, 7, 25, 16, 6, 27, 0, 14, 13, 17, 30, 8, 29, 34, 31, 35, 5, 24, 38, 22, 39, 12, 10, 3, 21, 1, 36, 28, 37, 26, 19, 4, 11, 32, 2, 18, 23, 20, 15, 33
24, 6, 16, 13, 23, 36, 27, 17, 14, 18, 34, 12, 33, 11, 4, 7, 20, 22, 25, 15, 31, 28, 0, 39, 26, 37, 9, 10, 2, 5, 19, 32, 30, 1, 3, 35, 8, 38, 21, 29
