Pocket:
8, 24, 9, 10, 2, 29, 28, 0, 1, 27, 3, 13, 25, 19, 14, 20, 17, 15, 26, 4, 12, 16, 18, 22, 5, 11, 7, 6, 21, 23
27, 22, 19, 24, 29, 17, 23, 7, 5, 9, 11, 4, 3, 15, 0, 26, 28, 25, 10, 2, 18, 6, 1, 13, 20, 12, 16, 21, 8, 14
18, 5, 6, 29, 9, 25, 28, 8, 19, 15, 7, 16, 1, 2, 13, 21, 24, 3, 11, 14, 23, 4, 27, 10, 20, 12, 26, 17, 0, 22
5, 28, 27, 6, 29, 21, 22, 24, 10, 13, 15, 23, 25, 9, 19, 2, 18, 12, 1, 17, 11, 26, 14, 4, 0, 20, 8, 3, 7, 16
21, 2, 28, 20, 13, 11, 4, 27, 6, 5, 15, 1, 3, 24, 7, 22, 18, 14, 25, 10, 16, 9, 12, 0, 19, 23, 8, 29, 26, 17
12, 27, 11, 25, 7, 28, 19, 3, 29, 21, 5, 22, 2, 20, 6, 16, 13, 23, 24, 17, 8, 26, 15, 1, 10, 18, 9, 4, 0, 14
9, 20, 29, 12, 23, 6, 25, 11, 7, 0, 4, 5, 17, 26, 14, 1, 8, 21, 27, 19, 22, 13, 15, 16, 18, 2, 28, 10, 24, 3
21, 10, 13, 14, 9, 5, 26, 17, 27, 18, 7, 24, 23, 15, 1, 4, 28, 8, 25, 29, 20, 19, 0, 22, 12, 11, 3, 6, 2, 16
19, 18, 28, 21, 14, 15, 9, 22, 3, 4, 29, 8, 24, 1, 23, 2, 0, 26, 11, 27, 17, 13, 6, 10, 5, 25, 16, 12, 20, 7
22, 20, 0, 11, 13, 4, 7, 6, 3, 14, 24, 17, 26, 12, 9, 18, 21, 10, 1, 15, 2, 29, 28, 16, 5, 8, 27, 25, 23, 19
Pocket:
11, 7, 19, 5, 6, 12, 17, 16, 22, 27, 26, 4, 15, 1, 28, 2, 3, 13, 25, 29, 9, 0, 10, 20, 21, 8, 14, 23, 18, 24
0, 25, 7, 5, 23, 28, 11, 12, 14, 1, 6, 13, 26, 29, 27, 22, 3, 17, 8, 19, 15, 20, 21, 16, 9, 18, 24, 2, 4, 10
24, 27, 13, 21, 0, 20, 28, 10, 5, 1, 16, 15, 26, 7, 29, 25, 2, 8, 9, 22, 11, 17, 4, 3, 23, 19, 12, 18, 14, 6
4, 5, 2, 21, 19, 0, 17, 22, 16, 23, 29, 7, 3, 26, 1, 25, 20, 13, 12, 27, 6, 24, 18, 14, 8, 10, 11, 15, 9, 28
9, 24, 2, 11, 3, 21, 18, 28, 20, 6, 4, 16, 29, 5, 14, 7, 0, 8, 10, 13, 19, 1, 15, 12, 25, 22, 26, 23, 27, 17
27, 29, 21, 13, 14, 7, 22, 15, 23, 5, 25, 3, 17, 1, 18, 20, 2, 28, 24, 9, 0, 4, 12, 10, 16, 19, 26, 11, 6, 8
9, 6, 4, 3, 16, 25, 10, 17, 11, 0, 28, 27, 1, 24, 15, 22, 13, 23, 2, 12, 21, 14, 19, 26, 7, 5, 18, 8, 20, 29
23, 24, 22, 0, 20, 5, 21, 11, 18, 17, 12, 8, 10, 7, 26, 28, 15, 25, 1, 14, 4, 19, 29, 2, 13, 9, 16, 6, 3, 27
10, 24, 1, 0, 16, 18, 7, 25, 11, 9, 13, 20, 23, 28, 29, 8, 6, 26, 12, 19, 27, 5, 3, 4, 14, 17, 15, 21, 22, 2
14, 21, 25, 20, 27, 12, 4, 22, 1, 13, 24, 2, 18, 0, 23, 6, 15, 16, 19, 17, 26, 7, 5, 10, 8, 29, 11, 28, 9, 3
Pocket:
9, 5, 19, 3, 12, 6, 4, 22, 1, 13, 25, 16, 14, 7, 26, 0, 23, 20, 10, 29, 18, 15, 27, 24, 11, 17, 8, 28, 21, 2
28, 8, 10, 27, 4, 20, 21, 12, 23, 13, 1, 16, 6, 7, 5, 15, 18, 3, 25, 24, 11, 26, 14, 29, 17, 2, 22, 9, 0, 19
1, 5, 8, 0, 7, 11, 26, 21, 23, 27, 25, 19, 22, 4, 2, 24, 9, 14, 3, 13, 28, 10, 12, 29, 6, 20, 17, 15, 18, 16
28, 27, 10, 20, 24, 25, 2, 12, 19, 13, 26, 1, 6, 3, 14, 11, 29, 8, 0, 5, 9, 15, 4, 21, 16, 7, 18, 23, 22, 17
10, 20, 25, 22, 6, 12, 16, 13, 3, 4, 7, 5, 19, 18, 24, 8, 14, 26, 29, 9, 28, 2, 21, 1, 15, 0, 17, 23, 27, 11
5, 20, 2, 16, 7, 18, 6, 15, 8, 23, 27, 11, 24, 10, 14, 12, 0, 1, 22, 26, 13, 4, 9, 29, 28, 21, 17, 3, 19, 25
29, 2, 22, 5, 11, 27, 0, 28, 17, 16, 19, 23, 18, 12, 4, 24, 10, 8, 20, 13, 7, 25, 21, 1, 3, 15, 6, 14, 9, 26
4, 14, 21, 27, 3, 26, 28, 1, 10, 8, 9, 22, 29, 18, 24, 16, 13, 17, 11, 12, 23, 19, 2, 7, 25, 6, 5, 20, 15, 0
12, 25, 8, 14, 16, 7, 29, 5, 6, 28, 23, 21, 9, 22, 1, 0, 2, 20, 24, 13, 18, 3, 15, 17, 19, 11, 4, 27, 10, 26
21, 26, 18, 25, 8, 9, 7, 20, 28, 0, 15, 1, 11, 29, 3, 24, 27, 2, 13, 4, 17, 23, 5, 22, 10, 16, 12, 6, 14, 19
Pocket:
19, 23, 21, 3, 14, 22, 5, 9, 20, 26, 18, 15, 25, 2, 24, 16, 29, 28, 27, 8, 10, 13, 0, 4, 1, 12, 6, 7, 11, 17
1, 22, 7, 26, 8, 2, 5, 25, 17, 15, 0, 6, 24, 23, 14, 27, 16, 28, 12, 10, 3, 4, 18, 13, 20, 19, 21, 9, 11, 29
28, 17, 5, 24, 21, 20, 22, 6, 2, 25, 0, 7, 1, 16, 18, 23, 10, 26, 13, 3, 8, 19, 4, 12, 14, 27, 9, 15, 29, 11
5, 25, 11, 9, 17, 21, 20, 6, 7, 16, 12, 18, 1, 3, 15, 8, 28, 19, 2, 23, 24, 0, 14, 13, 27, 4, 10, 22, 29, 26
25, 1, 24, 23, 22, 9, 15, 21, 10, 27, 6, 17, 19, 20, 18, 8, 12, 11, 26, 28, 5, 2, 13, 0, 14, 16, 3, 4, 7, 29
11, 6, 21, 23, 5, 16, 22, 2, 20, 4, 8, 24, 17, 25, 12, 29, 14, 28, 13, 15, 26, 0, 3, 1, 19, 10, 27, 9, 7, 18
17, 8, 13, 7, 16, 18, 27, 15, 19, 25, 22, 4, 20, 11, 14, 28, 2, 1, 26, 0, 23, 24, 6, 12, 29, 21, 3, 10, 9, 5
25, 1, 26, 4, 28, 29, 12, 15, 5, 24, 11, 3, 9, 16, 17, 14, 8, 20, 10, 13, 0, 6, 19, 21, 23, 2, 27, 7, 22, 18
7, 11, 16, 8, 2, 15, 6, 26, 9, 22, 10, 19, 18, 4, 28, 14, 29, 0, 1, 3, 13, 17, 25, 24, 20, 21, 23, 12, 5, 27
2, 24, 29, 15, 5, 18, 10, 26, 20, 23, 1, 27, 16, 11, 25, 19, 17, 12, 9, 13, 21, 14, 22, 4, 8, 6, 7, 0, 28, 3
Pocket:
26, 15, 22, 4, 5, 27, 20, 28, 23, 2, 8, 13, 14, 6, 10, 25, 16, 3, 29, 1, 21, 17, 11, 24, 12, 18, 19, 9, 0, 7
13, 12, 17, 1, 15, 22, 29, 0, 14, 19, 16, 6, 9, 21, 5, 20, 4, 11, 3, 8, 2, 26, 24, 25, 18, 27, 7, 23, 10, 28
7, 4, 15, 17, 10, 14, 25, 1, 27, 12, 3, 13, 11, 2, 20, 24, 19, 16, 23, 6, 21, 18, 26, 0, 5, 28, 29, 9, 8, 22
25, 17, 24, 6, 0, 15, 20, 23, 10, 3, 5, 27, 22, 8, 28, 18, 12, 14, 2, 7, 13, 16, 26, 11, 4, 29, 21, 1, 19, 9
14, 3, 21, 27, 7, 22, 16, 20, 4, 8, 26, 5, 25, 0, 24, 10, 29, 6, 19, 9, 2, 23, 12, 17, 13, 1, 15, 28, 11, 18
19, 11, 9, 5, 14, 29, 18, 13, 6, 1, 3, 26, 20, 17, 25, 27, 22, 16, 23, 8, 12, 28, 15, 2, 4, 24, 21, 10, 0, 7
24, 9, 13, 26, 6, 19, 22, 29, 0, 17, 15, 1, 11, 21, 12, 5, 4, 16, 20, 18, 28, 8, 23, 10, 14, 2, 3, 27, 7, 25
29, 19, 17, 6, 0, 23, 24, 7, 3, 15, 5, 8, 11, 21, 25, 4, 16, 2, 1, 13, 18, 27, 14, 12, 10, 22, 28, 26, 20, 9
2, 19, 20, 3, 15, 6, 10, 28, 29, 9, 7, 17, 1, 26, 14, 0, 22, 27, 23, 25, 11, 16, 8, 24, 21, 5, 4, 13, 18, 12
13, 10, 16, 26, 22, 19, 29, 9, 0, 18, 27, 11, 21, 20, 6, 28, 24, 4, 3, 12, 7, 8, 25, 23, 14, 5, 1, 15, 2, 17
Pocket:
26, 15, 23, 18, 2, 27, 22, 21, 13, 25, 16, 14, 20, 24, 1, 29, 5, 9, 19, 11, 10, 12, 17, 4, 28, 6, 7, 3, 8, 0
18, 0, 21, 16, 20, 13, 17, 22, 27, 28, 5, 12, 3, 26, 1, 9, 7, 23, 29, 24, 25, 11, 4, 8, 2, 19, 10, 15, 6, 14
17, 24, 6, 0, 25, 14, 26, 3, 11, 22, 7, 12, 29, 28, 21, 8, 5, 19, 27, 16, 18, 13, 10, 1, 9, 23, 2, 4, 15, 20
29, 4, 24, 25, 3, 27, 26, 16, 22, 23, 15, 17, 20, 28, 18, 7, 9, 10, 6, 2, 21, 11, 1, 5, 12, 0, 14, 13, 19, 8
29, 19, 6, 9, 15, 26, 13, 20, 7, 16, 17, 11, 25, 3, 14, 18, 21, 23, 8, 1, 24, 4, 22, 5, 0, 27, 2, 10, 12, 28
8, 6, 0, 29, 26, 5, 2, 17, 28, 4, 19, 9, 3, 23, 20, 11, 21, 10, 22, 15, 7, 13, 12, 25, 1, 27, 24, 18, 14, 16
15, 17, 7, 23, 8, 24, 14, 5, 18, 27, 20, 28, 16, 1, 4, 10, 13, 25, 9, 2, 3, 19, 6, 11, 29, 22, 21, 26, 12, 0
12, 25, 22, 3, 13, 29, 5, 28, 18, 23, 14, 6, 15, 16, 19, 2, 10, 20, 17, 7, 11, 0, 9, 8, 1, 27, 21, 24, 4, 26
10, 4, 17, 20, 2, 25, 26, 3, 11, 18, 9, 19, 1, 23, 15, 22, 8, 0, 7, 29, 6, 5, 28, 14, 27, 21, 13, 12, 16, 24
15, 9, 4, 6, 26, 8, 0, 2, 12, 14, 24, 3, 11, 20, 16, 1, 28, 18, 5, 7, 27, 13, 19, 25, 10, 23, 29, 22, 17, 21
Pocket:
15, 20, 2, 25, 8, 13, 14, 5, 21, 11, 4, 12, 7, 22, 0, 3, 27, 16, 6, 24, 28, 9, 17, 10, 23, 1, 29, 26, 19, 18
0, 13, 15, 22, 29, 21, 1, 10, 25, 28, 8, 7, 6, 11, 5, 14, 12, 3, 4, 17, 2, 26, 23, 16, 27, 19, 20, 9, 24, 18
5, 9, 26, 29, 25, 10, 8, 11, 15, 0, 20, 28, 19, 17, 6, 18, 16, 2, 7, 3, 24, 12, 13, 27, 21, 14, 4, 23, 22, 1
13, 10, 18, 20, 27, 9, 23, 8, 12, 17, 25, 16, 28, 26, 6, 4, 24, 15, 5, 2, 0, 3, 1, 19, 7, 14, 11, 29, 21, 22
7, 27, 13, 25, 24, 16, 19, 29, 3, 17, 28, 23, 21, 14, 10, 1, 8, 0, 15, 4, 20, 2, 5, 22, 9, 26, 12, 18, 6, 11
14, 20, 10, 28, 2, 1, 6, 4, 25, 21, 23, 29, 7, 0, 8, 3, 19, 11, 5, 24, 22, 13, 18, 27, 9, 12, 26, 17, 15, 16
16, 22, 15, 6, 9, 5, 3, 24, 20, 10, 2, 21, 1, 29, 26, 0, 28, 27, 17, 14, 8, 23, 18, 11, 4, 13, 19, 12, 7, 25
12, 25, 5, 18, 26, 9, 14, 10, 2, 20, 28, 1, 11, 0, 4, 23, 29, 21, 6, 15, 24, 17, 3, 22, 19, 8, 13, 16, 27, 7
3, 7, 18, 26, 13, 24, 22, 10, 8, 16, 17, 12, 23, 0, 27, 20, 1, 6, 25, 9, 4, 5, 14, 19, 28, 11, 15, 21, 29, 2
7, 6, 25, 24, 28, 16, 9, 20, 0, 29, 19, 18, 22, 17, 8, 27, 12, 2, 5, 10, 26, 13, 23, 1, 21, 14, 3, 15, 4, 11
Pocket:
13, 15, 10, 4, 28, 7, 1, 3, 22, 29, 19, 5, 24, 2, 27, 23, 14, 9, 21, 20, 26, 12, 6, 16, 8, 0, 17, 11, 25, 18
7, 16, 12, 10, 3, 6, 11, 24, 18, 14, 17, 4, 13, 25, 29, 19, 2, 5, 9, 21, 0, 1, 8, 20, 15, 27, 23, 28, 26, 22
6, 1, 20, 24, 14, 4, 13, 16, 27, 15, 17, 26, 2, 11, 29, 12, 9, 18, 8, 21, 19, 0, 23, 7, 28, 25, 3, 22, 10, 5
25, 4, 17, 6, 26, 3, 5, 1, 19, 11, 16, 28, 27, 10, 24, 14, 12, 9, 20, 8, 21, 7, 18, 2, 15, 23, 22, 13, 29, 0
28, 8, 27, 1, 7, 20, 29, 9, 5, 25, 26, 17, 21, 13, 10, 12, 11, 16, 19, 6, 18, 24, 2, 14, 4, 22, 15, 0, 23, 3
3, 19, 28, 22, 10, 16, 17, 8, 27, 0, 26, 29, 7, 6, 11, 9, 21, 14, 25, 15, 2, 4, 18, 13, 1, 24, 5, 12, 20, 23
18, 12, 26, 14, 9, 21, 5, 6, 4, 20, 25, 16, 27, 19, 7, 24, 2, 0, 13, 8, 22, 23, 29, 10, 15, 17, 1, 28, 3, 11
22, 5, 17, 20, 3, 29, 15, 27, 1, 7, 6, 18, 26, 19, 12, 23, 21, 10, 2, 24, 9, 13, 16, 8, 4, 14, 11, 28, 0, 25
18, 14, 12, 20, 23, 7, 25, 8, 10, 0, 4, 24, 3, 2, 16, 15, 29, 21, 5, 9, 28, 11, 26, 6, 17, 1, 13, 19, 27, 22
2, 13, 16, 1, 6, 19, 15, 26, 17, 29, 10, 23, 22, 27, 21, 11, 24, 14, 4, 0, 28, 7, 12, 9, 18, 20, 3, 5, 25, 8
Pocket:
22, 15, 4, 2, 24, 6, 7, 10, 9, 20, 18, 19, 26, 8, 28, 25, 1, 21, 0, 29, 5, 3, 17, 13, 23, 11, 16, 14, 12, 27
19, 23, 22, 15, 1, 25, 21, 24, 16, 18, 20, 3, 14, 7, 10, 27, 0, 2, 4, 17, 29, 8, 28, 6, 13, 12, 26, 9, 5, 11
22, 0, 11, 5, 24, 15, 2, 19, 29, 1, 8, 23, 21, 4, 25, 26, 20, 3, 12, 18, 27, 6, 14, 9, 7, 13, 28, 10, 17, 16
12, 21, 1, 17, 13, 18, 23, 11, 25, 26, 3, 4, 0, 19, 2, 14, 29, 9, 27, 15, 20, 24, 6, 16, 5, 7, 28, 22, 8, 10
3, 14, 9, 12, 7, 26, 23, 20, 5, 11, 10, 28, 25, 6, 19, 17, 0, 15, 21, 8, 24, 27, 2, 29, 13, 4, 18, 16, 22, 1
27, 0, 20, 19, 17, 28, 13, 26, 16, 2, 14, 10, 5, 29, 4, 3, 21, 25, 7, 23, 22, 24, 8, 1, 18, 15, 6, 9, 11, 12
16, 9, 11, 3, 8, 6, 20, 24, 26, 1, 10, 2, 18, 27, 13, 29, 19, 17, 21, 5, 4, 22, 12, 28, 14, 15, 0, 25, 23, 7
28, 15, 26, 11, 3, 29, 24, 19, 10, 14, 12, 25, 13, 9, 16, 1, 23, 8, 0, 27, 20, 21, 7, 5, 18, 2, 17, 22, 4, 6
27, 13, 4, 20, 7, 15, 26, 24, 8, 18, 2, 10, 14, 25, 19, 9, 0, 23, 11, 22, 29, 16, 3, 1, 5, 28, 12, 21, 6, 17
18, 10, 21, 25, 8, 24, 16, 28, 23, 0, 5, 22, 13, 12, 7, 2, 17, 6, 15, 20, 3, 27, 9, 14, 4, 19, 26, 29, 11, 1
Pocket:
12, 6, 1, 24, 0, 29, 20, 18, 5, 23, 13, 19, 14, 22, 10, 25, 7, 27, 8, 2, 17, 28, 4, 9, 21, 11, 26, 15, 3, 16
15, 7, 25, 20, 16, 4, 24, 29, 11, 23, 3, 19, 27, 8, 0, 6, 26, 9, 14, 21, 18, 17, 13, 12, 1, 10, 28, 5, 22, 2
3, 19, 0, 12, 2, 24, 17, 26, 28, 25, 21, 27, 13, 15, 11, 8, 18, 23, 7, 16, 14, 6, 1, 4, 20, 29, 5, 9, 10, 22
9, 11, 29, 24, 7, 19, 15, 1, 16, 25, 4, 13, 17, 28, 26, 20, 8, 23, 12, 2, 21, 18, 3, 14, 5, 0, 6, 27, 22, 10
3, 22, 10, 17, 15, 8, 1, 6, 12, 25, 27, 0, 4, 11, 26, 16, 7, 19, 20, 13, 9, 18, 2, 14, 23, 24, 21, 5, 29, 28
9, 25, 7, 10, 1, 21, 28, 13, 15, 26, 12, 5, 29, 23, 22, 11, 0, 18, 14, 4, 19, 24, 8, 2, 27, 3, 17, 20, 16, 6
19, 12, 18, 10, 25, 21, 13, 22, 7, 15, 3, 4, 23, 9, 17, 20, 28, 26, 14, 0, 16, 2, 29, 1, 11, 6, 5, 27, 8, 24
1, 17, 12, 3, 25, 22, 11, 20, 24, 18, 10, 13, 6, 0, 15, 28, 7, 19, 5, 16, 4, 29, 14, 21, 27, 23, 2, 9, 26, 8
16, 22, 18, 20, 13, 17, 14, 4, 29, 7, 3, 15, 1, 23, 10, 9, 6, 11, 24, 5, 27, 25, 21, 0, 8, 12, 28, 2, 26, 19
23, 4, 28, 18, 13, 12, 29, 17, 6, 1, 22, 25, 15, 5, 14, 9, 11, 19, 10, 2, 26, 27, 0, 21, 7, 8, 20, 3, 24, 16
Pocket:
29, 1, 15, 9, 8, 13, 2, 20, 21, 25, 18, 17, 27, 24, 11, 4, 7, 26, 0, 12, 10, 6, 3, 5, 23, 14, 28, 16, 22, 19
26, 28, 5, 7, 19, 1, 10, 27, 4, 17, 25, 11, 8, 20, 12, 3, 22, 21, 9, 14, 29, 6, 18, 15, 24, 23, 16, 0, 13, 2
8, 19, 6, 2, 18, 11, 13, 0, 12, 23, 3, 10, 20, 1, 7, 29, 9, 5, 25, 14, 28, 22, 26, 27, 4, 16, 15, 17, 21, 24
6, 10, 18, 2, 15, 23, 20, 21, 4, 14, 28, 0, 8, 13, 9, 16, 29, 17, 26, 5, 3, 1, 24, 25, 27, 12, 7, 11, 22, 19
8, 1, 17, 4, 20, 16, 0, 14, 19, 15, 28, 23, 6, 21, 29, 18, 2, 9, 22, 7, 26, 27, 3, 24, 12, 5, 10, 11, 25, 13
25, 17, 13, 3, 26, 19, 20, 1, 24, 0, 12, 9, 15, 18, 2, 29, 16, 8, 27, 21, 14, 22, 11, 4, 10, 5, 6, 7, 23, 28
27, 9, 18, 25, 24, 7, 12, 29, 3, 8, 13, 5, 2, 28, 4, 23, 6, 14, 11, 17, 21, 22, 26, 20, 1, 0, 19, 16, 10, 15
12, 22, 26, 13, 27, 6, 10, 17, 24, 0, 25, 11, 4, 15, 3, 16, 21, 23, 5, 28, 29, 2, 8, 18, 7, 20, 19, 1, 9, 14
29, 7, 26, 25, 10, 14, 5, 0, 11, 4, 24, 13, 1, 2, 20, 19, 18, 27, 8, 12, 9, 22, 15, 3, 6, 17, 21, 28, 16, 23
19, 26, 17, 15, 18, 27, 3, 1, 9, 0, 20, 2, 25, 12, 16, 13, 6, 7, 10, 28, 22, 5, 8, 29, 23, 24, 14, 11, 21, 4
Pocket:
17, 23, 19, 10, 13, 6, 5, 26, 16, 1, 24, 28, 3, 18, 15, 7, 14, 25, 2, 11, 22, 12, 20, 8, 21, 4, 29, 9, 0, 27
8, 10, 13, 19, 16, 26, 21, 0, 18, 4, 22, 17, 3, 15, 12, 7, 2, 20, 23, 11, 25, 28, 14, 29, 6, 9, 27, 24, 5, 1
28, 22, 12, 11, 19, 17, 26, 4, 15, 3, 25, 16, 20, 9, 14, 1, 10, 24, 21, 13, 0, 29, 5, 6, 27, 7, 2, 8, 18, 23
11, 6, 5, 2, 29, 0, 4, 25, 3, 1, 7, 10, 18, 8, 21, 20, 9, 23, 28, 19, 26, 13, 12, 24, 14, 15, 27, 16, 22, 17
17, 12, 11, 19, 24, 8, 18, 10, 25, 4, 0, 14, 7, 23, 21, 22, 28, 9, 15, 6, 2, 1, 16, 26, 27, 29, 5, 3, 13, 20
2, 28, 21, 8, 27, 29, 26, 17, 20, 0, 9, 4, 24, 19, 3, 14, 15, 11, 16, 18, 12, 25, 10, 7, 6, 5, 1, 23, 22, 13
22, 12, 14, 28, 19, 13, 6, 26, 18, 27, 3, 20, 8, 1, 25, 21, 4, 9, 2, 7, 29, 15, 16, 23, 10, 24, 17, 11, 0, 5
28, 24, 1, 16, 7, 2, 26, 13, 27, 23, 8, 10, 4, 20, 12, 3, 22, 25, 11, 0, 19, 21, 5, 17, 29, 6, 9, 18, 14, 15
11, 7, 14, 13, 16, 19, 24, 23, 3, 15, 0, 29, 6, 8, 25, 27, 9, 21, 28, 12, 18, 1, 10, 20, 4, 17, 26, 22, 5, 2
9, 7, 15, 23, 28, 20, 26, 16, 2, 24, 17, 11, 12, 25, 22, 21, 10, 1, 14, 13, 27, 0, 4, 29, 19, 8, 5, 6, 3, 18
Pocket:
2, 11, 29, 15, 28, 23, 21, 5, 26, 1, 9, 10, 0, 7, 13, 3, 20, 14, 12, 18, 6, 22, 25, 8, 19, 4, 27, 16, 17, 24
9, 12, 17, 27, 1, 19, 10, 22, 13, 2, 24, 20, 4, 29, 28, 23, 8, 18, 11, 6, 0, 25, 16, 26, 5, 15, 21, 3, 7, 14
9, 17, 11, 29, 20, 10, 2, 26, 13, 16, 8, 6, 23, 25, 0, 27, 15, 1, 5, 14, 24, 19, 7, 28, 22, 4, 3, 18, 12, 21
27, 17, 6, 4, 0, 13, 8, 10, 7, 14, 1, 21, 15, 28, 16, 2, 11, 24, 20, 3, 18, 12, 25, 26, 19, 9, 29, 22, 5, 23
16, 17, 4, 28, 23, 11, 8, 21, 15, 20, 2, 1, 22, 14, 0, 10, 13, 7, 9, 3, 26, 27, 5, 12, 29, 19, 25, 18, 6, 24
18, 6, 11, 4, 27, 28, 10, 19, 20, 2, 3, 12, 7, 29, 23, 8, 5, 15, 16, 9, 13, 24, 0, 1, 25, 17, 22, 14, 26, 21
14, 15, 5, 10, 23, 20, 29, 3, 12, 27, 26, 21, 2, 0, 11, 13, 16, 22, 18, 7, 9, 19, 17, 1, 28, 4, 24, 25, 8, 6
17, 23, 0, 19, 8, 21, 13, 3, 2, 22, 5, 4, 25, 24, 29, 27, 26, 7, 6, 11, 15, 10, 28, 1, 9, 18, 20, 12, 14, 16
20, 25, 6, 21, 10, 13, 0, 12, 28, 29, 9, 19, 2, 4, 16, 17, 26, 11, 7, 27, 15, 23, 22, 14, 18, 24, 5, 8, 3, 1
21, 17, 29, 5, 14, 22, 8, 10, 0, 15, 3, 13, 6, 4, 1, 26, 27, 11, 20, 9, 2, 24, 25, 19, 28, 23, 7, 16, 12, 18