Pocket:
24, 15, 9, 31, 13, 4, 30, 27, 8, 40, 11, 28, 35, 17, 29, 32, 10, 38, 33, 34, 2, 16, 36, 14, 18, 19, 25, 0, 39, 22, 7, 1, 26, 37, 3, 6, 41, 20, 21, 23, 12, 5
1, 40, 37, 27, 28, 2, 14, 15, 13, 12, 4, 21, 32, 41, 10, 16, 7, 30, 26, 29, 34, 31, 20, 6, 17, 19, 8, 38, 11, 9, 5, 39, 35, 3, 0, 22, 24, 18, 25, 23, 36, 33
40, 25, 1, 7, 30, 17, 33, 12, 28, 22, 23, 9, 21, 38, 18, 11, 39, 34, 2, 41, 4, 10, 16, 0, 26, 8, 35, 19, 32, 36, 3, 5, 24, 29, 14, 6, 13, 15, 31, 37, 20, 27
8, 35, 2, 15, 13, 22, 10, 16, 5, 34, 9, 27, 1, 36, 32, 40, 21, 6, 30, 23, 4, 7, 29, 12, 25, 33, 0, 18, 31, 41, 14, 11, 17, 3, 24, 39, 28, 26, 20, 19, 37, 38
2, 34, 25, 28, 11, 1, 39, 16, 36, 35, 17, 5, 7, 14, 13, 30, 33, 8, 12, 15, 3, 18, 24, 40, 21, 9, 22, 4, 6, 19, 20, 23, 29, 27, 38, 0, 31, 41, 37, 26, 32, 10
32, 28, 15, 4, 12, 33, 36, 21, 22, 38, 7, 34, 25, 5, 41, 8, 39, 23, 31, 27, 16, 29, 10, 26, 11, 19, 18, 13, 1, 2, 17, 20, 24, 6, 40, 0, 14, 35, 37, 30, 9, 3
17, 1, 15, 36, 18, 31, 8, 13, 38, 29, 19, 25, 37, 12, 28, 7, 39, 0, 3, 16, 40, 24, 21, 4, 10, 35, 5, 32, 41, 2, 20, 23, 11, 22, 33, 6, 14, 34, 9, 26, 27, 30
2, 11, 14, 36, 12, 30, 9, 32, 34, 38, 10, 18, 25, 33, 4, 23, 27, 26, 8, 28, 1, 41, 37, 3, 19, 6, 39, 31, 5, 24, 16, 15, 40, 20, 35, 29, 17, 21, 22, 0, 13, 7
13, 14, 0, 20, 8, 17, 15, 39, 36, 31, 26, 25, 27, 9, 18, 11, 16, 23, 30, 41, 7, 5, 2, 19, 32, 3, 1, 33, 10, 38, 21, 12, 40, 37, 28, 4, 35, 22, 29, 6, 34, 24
1, 35, 9, 7, 21, 40, 4, 5, 2, 15, 33, 25, 14, 6, 22, 3, 32, 31, 12, 34, 19, 17, 30, 8, 13, 0, 20, 16, 36, 27, 41, 11, 28, 38, 26, 23, 10, 37, 24, 39, 29, 18
Pocket:
29, 8, 38, 15, 26, 40, 36, 7, 6, 30, 24, 21, 12, 14, 25, 22, 31, 11, 17, 41, 5, 37, 13, 34, 4, 35, 39, 16, 27, 32, 23, 18, 3, 9, 19, 10, 2, 33, 28, 20, 0, 1
14, 20, 5, 39, 27, 10, 19, 29, 16, 36, 24, 7, 38, 23, 11, 12, 34, 6, 18, 33, 30, 4, 31, 1, 0, 21, 35, 26, 32, 15, 28, 22, 37, 13, 9, 40, 2, 3, 17, 25, 41, 8
24, 40, 34, 38, 1, 21, 36, 11, 4, 32, 0, 14, 37, 2, 30, 8, 20, 15, 25, 13, 27, 12, 18, 10, 23, 9, 7, 35, 19, 6, 29, 3, 28, 26, 22, 41, 17, 39, 5, 31, 33, 16
30, 20, 8, 35, 3, 41, 17, 0, 18, 9, 15, 26, 24, 21, 11, 23, 29, 10, 31, 28, 27, 13, 19, 6, 33, 5, 36, 34, 2, 38, 14, 12, 22, 32, 7, 4, 16, 25, 40, 37, 1, 39
19, 37, 41, 11, 31, 0, 27, 26, 28, 12, 4, 20, 13, 7, 35, 23, 1, 16, 29, 18, 34, 33, 22, 25, 39, 9, 24, 15, 32, 17, 10, 21, 36, 8, 2, 3, 40, 30, 6, 5, 14, 38
39, 33, 40, 5, 34, 19, 4, 7, 3, 11, 6, 25, 17, 1, 21, 20, 23, 15, 2, 37, 30, 13, 8, 29, 10, 38, 18, 26, 14, 31, 35, 36, 32, 9, 0, 22, 24, 12, 27, 28, 41, 16
11, 31, 6, 38, 9, 32, 12, 21, 4, 17, 36, 37, 2, 30, 18, 41, 14, 10, 3, 13, 1, 40, 8, 35, 19, 33, 23, 28, 20, 16, 5, 27, 26, 39, 24, 22, 25, 0, 7, 34, 15, 29
34, 24, 14, 41, 28, 5, 30, 31, 36, 12, 1, 22, 4, 26, 39, 25, 2, 3, 37, 15, 7, 40, 33, 23, 17, 18, 35, 9, 27, 16, 13, 11, 10, 0, 38, 20, 6, 19, 32, 29, 8, 21
17, 12, 40, 9, 30, 16, 4, 7, 25, 26, 37, 39, 35, 29, 15, 31, 14, 21, 3, 6, 36, 33, 41, 20, 28, 1, 2, 27, 13, 19, 22, 34, 5, 11, 38, 18, 10, 32, 8, 0, 23, 24
15, 3, 39, 32, 18, 38, 10, 36, 13, 19, 12, 1, 30, 35, 21, 14, 37, 26, 16, 25, 9, 6, 23, 20, 29, 28, 34, 11, 7, 27, 40, 4, 41, 2, 0, 17, 24, 31, 33, 8, 5, 22
Pocket:
10, 36, 31, 20, 7, 19, 3, 33, 11, 0, 41, 6, 32, 27, 35, 25, 30, 21, 8, 1, 17, 37, 15, 34, 24, 12, 28, 2, 14, 18, 38, 22, 9, 39, 4, 5, 23, 13, 29, 26, 40, 16
17, 32, 33, 5, 15, 7, 29, 39, 24, 14, 30, 41, 35, 20, 9, 3, 31, 28, 37, 23, 2, 6, 4, 8, 38, 25, 40, 11, 36, 13, 1, 26, 22, 34, 19, 18, 27, 0, 10, 12, 21, 16
2, 26, 37, 22, 19, 39, 5, 9, 34, 3, 25, 40, 1, 36, 4, 35, 12, 23, 33, 30, 31, 16, 14, 6, 17, 13, 15, 7, 8, 29, 10, 18, 0, 20, 27, 28, 11, 38, 24, 41, 32, 21
32, 13, 35, 25, 40, 20, 1, 12, 2, 6, 15, 8, 22, 10, 31, 21, 23, 0, 3, 36, 28, 16, 4, 5, 33, 37, 9, 29, 24, 41, 38, 11, 30, 17, 18, 26, 14, 39, 19, 27, 34, 7
13, 14, 15, 0, 1, 17, 32, 3, 11, 38, 4, 20, 33, 16, 28, 34, 2, 22, 39, 24, 18, 26, 23, 27, 41, 25, 8, 31, 36, 7, 10, 29, 19, 37, 12, 9, 35, 6, 5, 30, 40, 21
34, 13, 11, 32, 39, 36, 31, 14, 12, 8, 17, 1, 18, 7, 3, 22, 30, 24, 15, 25, 9, 10, 33, 2, 35, 27, 23, 37, 28, 21, 40, 26, 4, 16, 41, 6, 29, 0, 19, 5, 38, 20
19, 26, 17, 39, 36, 5, 40, 28, 8, 23, 4, 35, 20, 0, 7, 13, 38, 12, 27, 30, 32, 3, 11, 25, 2, 18, 15, 1, 24, 33, 41, 16, 9, 22, 14, 34, 10, 29, 31, 21, 6, 37
25, 36, 15, 35, 33, 9, 29, 11, 17, 6, 3, 22, 26, 40, 41, 34, 28, 8, 37, 12, 10, 32, 38, 19, 2, 5, 4, 1, 16, 31, 20, 7, 14, 0, 21, 23, 39, 18, 27, 24, 30, 13
29, 33, 6, 2, 13, 30, 24, 28, 39, 4, 17, 35, 1, 34, 31, 11, 37, 41, 20, 5, 36, 18, 16, 27, 9, 25, 19, 10, 23, 3, 0, 22, 21, 14, 32, 26, 8, 7, 15, 40, 38, 12
39, 7, 28, 40, 38, 2, 21, 31, 0, 9, 36, 4, 1, 34, 33, 16, 35, 3, 18, 23, 41, 32, 22, 30, 37, 15, 24, 26, 6, 10, 13, 5, 14, 17, 12, 11, 27, 19, 25, 20, 29, 8
Pocket:
21, 40, 26, 24, 22, 6, 32, 2, 38, 35, 9, 17, 13, 33, 18, 14, 31, 30, 28, 34, 10, 1, 39, 8, 3, 15, 5, 4, 25, 23, 16, 20, 0, 19, 29, 36, 27, 12, 37, 11, 7, 41
1, 37, 31, 33, 25, 18, 14, 30, 38, 16, 28, 7, 40, 27, 9, 15, 11, 12, 21, 35, 10, 41, 0, 24, 23, 29, 8, 5, 39, 19, 6, 22, 2, 3, 17, 34, 26, 32, 20, 4, 13, 36
17, 7, 22, 14, 5, 24, 9, 0, 3, 31, 39, 10, 20, 30, 34, 13, 29, 18, 11, 25, 23, 26, 19, 37, 4, 1, 27, 41, 15, 40, 8, 38, 32, 36, 6, 21, 2, 16, 35, 28, 33, 12
37, 41, 15, 13, 3, 1, 32, 16, 30, 36, 33, 11, 29, 38, 12, 34, 25, 6, 23, 19, 10, 27, 24, 28, 5, 20, 7, 4, 40, 14, 2, 31, 8, 21, 22, 26, 39, 35, 9, 18, 17, 0
32, 28, 21, 30, 8, 6, 38, 15, 22, 13, 11, 24, 40, 14, 20, 2, 34, 37, 27, 36, 1, 4, 35, 29, 26, 5, 23, 0, 19, 16, 3, 12, 41, 17, 9, 25, 31, 39, 33, 18, 10, 7
30, 2, 19, 32, 27, 41, 6, 26, 33, 38, 10, 35, 29, 17, 21, 40, 14, 3, 15, 7, 13, 8, 25, 18, 36, 12, 22, 20, 34, 24, 28, 1, 11, 0, 37, 16, 5, 31, 4, 23, 39, 9
20, 34, 22, 37, 7, 2, 19, 24, 0, 27, 15, 28, 41, 1, 25, 17, 33, 3, 10, 9, 4, 23, 5, 30, 40, 29, 18, 6, 11, 13, 21, 8, 35, 16, 39, 32, 36, 14, 31, 38, 12, 26
36, 2, 15, 37, 30, 24, 38, 7, 17, 10, 6, 12, 18, 33, 31, 9, 20, 41, 13, 8, 26, 34, 0, 25, 11, 21, 27, 23, 16, 1, 5, 39, 40, 35, 19, 32, 28, 22, 4, 29, 14, 3
10, 15, 16, 39, 11, 24, 40, 27, 17, 22, 26, 7, 1, 18, 29, 33, 34, 0, 13, 31, 30, 8, 25, 37, 19, 21, 32, 36, 14, 9, 12, 5, 20, 35, 41, 3, 28, 2, 6, 38, 4, 23
18, 20, 12, 13, 11, 16, 21, 33, 32, 40, 29, 3, 7, 34, 6, 0, 24, 17, 27, 5, 35, 36, 41, 10, 15, 4, 38, 22, 39, 28, 14, 1, 30, 26, 23, 2, 25, 9, 19, 37, 31, 8
Pocket:
16, 15, 37, 40, 39, 22, 41, 18, 8, 29, 25, 0, 1, 11, 21, 32, 30, 28, 36, 38, 33, 9, 17, 31, 14, 26, 13, 7, 10, 4, 27, 20, 23, 2, 3, 12, 35, 5, 19, 6, 24, 34
25, 21, 36, 20, 15, 39, 22, 33, 16, 24, 5, 28, 34, 12, 35, 6, 19, 30, 3, 29, 0, 11, 7, 4, 40, 17, 23, 8, 31, 14, 1, 32, 27, 38, 26, 37, 10, 41, 18, 9, 13, 2
5, 34, 2, 23, 41, 17, 32, 14, 1, 26, 12, 31, 9, 22, 21, 25, 8, 19, 4, 18, 3, 39, 27, 36, 11, 10, 28, 30, 40, 20, 13, 0, 29, 7, 37, 6, 33, 15, 16, 35, 24, 38
16, 2, 38, 24, 7, 33, 23, 9, 39, 37, 31, 29, 20, 21, 6, 5, 17, 0, 19, 40, 36, 14, 26, 10, 11, 12, 32, 28, 41, 22, 30, 35, 8, 3, 13, 18, 15, 4, 25, 27, 1, 34
27, 28, 25, 24, 23, 18, 17, 34, 6, 37, 1, 30, 33, 10, 41, 5, 13, 7, 32, 14, 26, 22, 36, 39, 11, 3, 0, 8, 2, 21, 19, 4, 15, 40, 29, 38, 9, 12, 31, 16, 20, 35
38, 13, 4, 35, 16, 6, 31, 24, 3, 5, 0, 29, 17, 9, 7, 20, 27, 26, 19, 11, 34, 40, 33, 32, 2, 30, 18, 14, 12, 1, 25, 21, 41, 22, 39, 23, 37, 8, 36, 10, 15, 28
6, 34, 41, 40, 30, 5, 2, 16, 23, 14, 12, 36, 35, 8, 18, 29, 39, 4, 13, 21, 31, 15, 32, 37, 27, 7, 10, 20, 17, 11, 33, 22, 38, 28, 24, 9, 26, 0, 25, 19, 1, 3
8, 11, 12, 5, 32, 27, 33, 10, 3, 40, 34, 20, 31, 6, 28, 14, 7, 17, 0, 24, 29, 39, 21, 13, 22, 23, 19, 15, 37, 16, 35, 18, 30, 26, 1, 38, 9, 25, 41, 4, 36, 2
17, 0, 10, 9, 7, 15, 16, 5, 8, 41, 35, 4, 28, 1, 39, 14, 6, 21, 38, 30, 36, 40, 29, 31, 33, 23, 3, 22, 13, 19, 37, 27, 26, 25, 32, 34, 24, 2, 11, 18, 12, 20
33, 13, 39, 17, 32, 28, 4, 9, 2, 27, 16, 29, 38, 19, 23, 40, 6, 22, 25, 14, 10, 35, 18, 34, 0, 7, 24, 12, 21, 26, 8, 15, 36, 3, 1, 37, 31, 11, 30, 5, 41, 20
Pocket:
39, 35, 9, 29, 31, 13, 15, 24, 7, 4, 10, 34, 19, 2, 3, 1, 26, 16, 23, 18, 32, 20, 38, 33, 40, 30, 12, 8, 37, 36, 22, 5, 6, 27, 28, 17, 14, 25, 11, 0, 41, 21
30, 38, 40, 13, 20, 15, 24, 23, 5, 26, 29, 10, 2, 9, 36, 41, 28, 4, 22, 3, 6, 19, 39, 12, 27, 37, 33, 1, 25, 31, 0, 34, 17, 35, 18, 14, 16, 8, 7, 32, 11, 21
32, 20, 30, 2, 35, 4, 40, 34, 28, 21, 38, 24, 41, 3, 17, 12, 39, 13, 8, 33, 7, 19, 6, 5, 9, 29, 15, 18, 0, 26, 1, 10, 36, 25, 14, 27, 16, 31, 23, 22, 37, 11
41, 11, 25, 12, 21, 3, 7, 39, 38, 2, 30, 5, 31, 37, 29, 18, 34, 10, 22, 17, 13, 15, 14, 26, 0, 35, 32, 36, 27, 23, 28, 4, 40, 19, 6, 24, 20, 16, 1, 33, 9, 8
7, 0, 2, 26, 13, 14, 16, 36, 12, 20, 1, 15, 34, 22, 19, 32, 30, 31, 4, 10, 33, 25, 11, 5, 39, 27, 29, 23, 8, 37, 3, 38, 21, 28, 35, 6, 9, 24, 17, 41, 40, 18
0, 13, 18, 35, 5, 20, 24, 6, 7, 12, 33, 38, 22, 29, 39, 2, 41, 10, 23, 15, 9, 28, 25, 34, 27, 30, 37, 3, 31, 32, 14, 16, 11, 26, 17, 19, 1, 4, 40, 36, 8, 21
21, 10, 8, 25, 27, 41, 28, 20, 36, 30, 5, 0, 22, 39, 33, 40, 31, 18, 13, 16, 29, 15, 4, 32, 37, 11, 3, 1, 26, 24, 17, 7, 34, 19, 35, 9, 2, 12, 6, 23, 14, 38
3, 4, 6, 18, 27, 33, 22, 34, 10, 21, 24, 23, 38, 1, 7, 25, 31, 36, 20, 16, 26, 11, 37, 13, 39, 14, 12, 2, 15, 29, 32, 9, 8, 40, 28, 19, 0, 35, 17, 5, 41, 30
16, 34, 40, 21, 37, 11, 10, 23, 2, 36, 24, 26, 32, 28, 38, 29, 41, 6, 35, 39, 27, 12, 18, 30, 13, 22, 25, 7, 17, 8, 20, 3, 5, 0, 33, 31, 9, 15, 1, 14, 19, 4
39, 11, 2, 17, 27, 34, 41, 18, 1, 5, 4, 25, 30, 8, 28, 7, 9, 35, 29, 37, 19, 31, 40, 32, 10, 36, 22, 6, 13, 21, 0, 16, 33, 23, 3, 24, 12, 20, 15, 14, 38, 26
Pocket:
35, 5, 28, 27, 12, 29, 20, 33, 34, 15, 4, 24, 40, 7, 37, 39, 17, 38, 6, 1, 10, 0, 16, 41, 13, 18, 21, 2, 30, 31, 36, 11, 9, 8, 19, 22, 14, 23, 26, 3, 32, 25
13, 36, 8, 5, 4, 33, 29, 17, 15, 30, 24, 39, 31, 34, 3, 25, 12, 32, 40, 18, 23, 14, 19, 38, 9, 21, 20, 1, 6, 35, 37, 10, 0, 16, 7, 2, 27, 28, 41, 26, 11, 22
15, 1, 22, 18, 38, 30, 9, 11, 37, 23, 21, 17, 12, 10, 26, 24, 35, 40, 33, 13, 3, 20, 25, 32, 5, 2, 27, 28, 8, 29, 6, 0, 31, 14, 4, 7, 16, 36, 34, 41, 39, 19
39, 31, 16, 25, 22, 33, 6, 23, 2, 30, 36, 7, 11, 18, 17, 29, 8, 35, 14, 4, 1, 38, 26, 3, 40, 32, 28, 5, 0, 24, 27, 12, 13, 37, 41, 10, 15, 20, 9, 34, 21, 19
18, 13, 27, 16, 5, 29, 14, 20, 34, 25, 41, 23, 2, 30, 36, 38, 3, 21, 17, 0, 12, 10, 39, 31, 37, 26, 24, 28, 9, 7, 1, 19, 35, 8, 15, 33, 11, 22, 4, 6, 40, 32
7, 5, 3, 13, 26, 22, 33, 24, 40, 37, 9, 2, 12, 27, 29, 35, 21, 14, 41, 31, 8, 11, 34, 32, 6, 20, 28, 19, 23, 10, 38, 17, 36, 30, 25, 0, 39, 4, 1, 16, 15, 18
33, 12, 20, 23, 30, 41, 36, 1, 4, 0, 26, 9, 6, 37, 24, 32, 13, 19, 21, 11, 25, 38, 40, 10, 18, 27, 15, 8, 28, 3, 22, 5, 7, 31, 29, 39, 2, 17, 16, 35, 14, 34
8, 22, 21, 13, 25, 37, 34, 6, 24, 39, 35, 28, 33, 2, 5, 23, 31, 40, 15, 3, 29, 7, 16, 19, 32, 4, 17, 20, 26, 12, 27, 30, 38, 9, 0, 11, 1, 10, 41, 14, 18, 36
26, 15, 23, 40, 9, 38, 29, 19, 34, 31, 4, 41, 32, 24, 37, 13, 16, 11, 39, 30, 25, 22, 21, 36, 28, 0, 10, 3, 33, 2, 18, 35, 8, 20, 14, 12, 5, 7, 17, 1, 6, 27
29, 8, 7, 11, 41, 36, 24, 15, 39, 21, 0, 34, 26, 3, 27, 20, 25, 22, 10, 18, 38, 35, 5, 4, 9, 12, 40, 30, 17, 33, 23, 37, 16, 19, 28, 14, 6, 2, 13, 1, 31, 32
Pocket:
8, 6, 7, 28, 5, 34, 17, 30, 29, 27, 22, 14, 23, 41, 21, 36, 11, 4, 31, 15, 38, 25, 33, 40, 20, 9, 12, 16, 2, 19, 18, 3, 10, 24, 37, 39, 26, 1, 32, 13, 35, 0
40, 17, 37, 0, 3, 27, 19, 8, 35, 16, 30, 26, 24, 34, 11, 28, 7, 32, 36, 41, 6, 9, 20, 2, 13, 23, 12, 5, 18, 29, 1, 31, 38, 22, 25, 14, 10, 4, 15, 33, 39, 21
11, 27, 37, 33, 15, 34, 12, 22, 7, 1, 20, 19, 30, 6, 35, 26, 32, 25, 28, 36, 24, 29, 4, 17, 39, 9, 3, 31, 23, 38, 10, 13, 40, 2, 14, 16, 8, 18, 0, 21, 41, 5
24, 36, 28, 15, 35, 22, 18, 5, 41, 12, 21, 16, 9, 25, 10, 30, 8, 29, 40, 23, 6, 14, 27, 13, 0, 39, 3, 7, 4, 2, 37, 19, 34, 31, 26, 17, 20, 1, 32, 11, 33, 38
9, 10, 36, 17, 26, 34, 22, 14, 39, 35, 30, 40, 18, 27, 12, 28, 31, 21, 2, 1, 15, 41, 25, 0, 8, 32, 4, 16, 7, 23, 5, 38, 33, 11, 19, 37, 3, 29, 20, 13, 6, 24
6, 12, 30, 13, 28, 7, 24, 14, 8, 1, 27, 20, 9, 41, 33, 10, 31, 25, 18, 34, 16, 26, 32, 35, 21, 40, 2, 11, 38, 19, 4, 5, 29, 23, 37, 39, 17, 0, 36, 3, 22, 15
27, 34, 37, 35, 11, 40, 20, 16, 3, 8, 23, 28, 32, 13, 14, 18, 21, 19, 39, 1, 17, 7, 4, 22, 29, 15, 5, 0, 30, 31, 2, 33, 9, 38, 41, 6, 36, 10, 24, 12, 25, 26
21, 25, 40, 10, 12, 17, 26, 6, 14, 32, 22, 0, 4, 30, 23, 27, 15, 18, 5, 16, 39, 24, 2, 11, 20, 28, 19, 1, 31, 3, 33, 7, 36, 35, 41, 13, 29, 8, 37, 34, 38, 9
13, 18, 20, 12, 26, 3, 6, 15, 24, 35, 17, 34, 11, 8, 2, 40, 30, 29, 0, 9, 4, 5, 31, 28, 22, 25, 36, 14, 7, 23, 32, 27, 21, 39, 10, 19, 37, 33, 16, 1, 38, 41
10, 0, 20, 36, 2, 6, 31, 28, 7, 16, 26, 11, 40, 33, 5, 9, 27, 29, 24, 32, 17, 35, 18, 22, 30, 37, 13, 12, 4, 23, 14, 8, 25, 38, 39, 41, 15, 3, 1, 19, 21, 34
Pocket:
4, 30, 27, 41, 2, 13, 33, 10, 28, 12, 0, 18, 7, 9, 32, 17, 39, 14, 37, 20, 38, 21, 29, 11, 19, 35, 8, 26, 6, 25, 3, 15, 24, 5, 23, 34, 1, 31, 36, 16, 22, 40
20, 5, 17, 36, 11, 24, 41, 7, 6, 34, 29, 15, 3, 40, 33, 16, 13, 25, 39, 4, 26, 37, 30, 1, 14, 10, 23, 31, 21, 2, 27, 32, 38, 28, 12, 19, 22, 8, 18, 35, 0, 9
28, 23, 29, 22, 40, 21, 12, 35, 19, 14, 30, 31, 16, 1, 27, 2, 24, 39, 25, 11, 5, 9, 4, 41, 18, 37, 36, 8, 34, 6, 7, 32, 17, 33, 0, 38, 3, 13, 26, 15, 20, 10
20, 7, 31, 33, 14, 2, 25, 34, 13, 38, 18, 9, 36, 28, 29, 21, 19, 37, 26, 39, 15, 24, 0, 4, 1, 35, 23, 41, 11, 32, 10, 16, 30, 17, 3, 5, 27, 12, 22, 6, 8, 40
0, 38, 2, 7, 18, 23, 1, 25, 4, 3, 40, 41, 22, 8, 27, 17, 13, 19, 10, 16, 37, 21, 9, 20, 34, 29, 6, 26, 31, 11, 36, 30, 35, 12, 33, 39, 14, 5, 24, 32, 28, 15
40, 3, 8, 27, 22, 25, 36, 20, 0, 41, 9, 12, 30, 28, 11, 24, 10, 17, 5, 33, 26, 34, 2, 31, 15, 19, 29, 16, 13, 23, 39, 32, 6, 21, 38, 4, 18, 35, 37, 14, 7, 1
7, 14, 15, 36, 23, 11, 17, 12, 25, 13, 0, 3, 27, 32, 40, 37, 6, 31, 1, 29, 33, 41, 2, 22, 21, 16, 5, 30, 19, 28, 24, 4, 26, 8, 34, 20, 35, 9, 39, 18, 10, 38
41, 1, 25, 20, 4, 2, 35, 5, 21, 12, 39, 19, 37, 31, 16, 24, 34, 11, 10, 6, 17, 22, 3, 18, 30, 8, 29, 27, 26, 13, 32, 23, 15, 33, 7, 40, 14, 36, 0, 38, 9, 28
27, 33, 29, 0, 17, 35, 7, 25, 26, 6, 9, 30, 12, 18, 31, 36, 5, 15, 37, 41, 8, 4, 34, 24, 20, 16, 39, 38, 13, 10, 14, 2, 21, 28, 3, 23, 1, 11, 32, 19, 40, 22
16, 14, 40, 25, 5, 37, 0, 34, 31, 30, 17, 18, 28, 32, 9, 27, 41, 12, 35, 33, 26, 23, 15, 1, 21, 13, 29, 8, 10, 6, 39, 4, 7, 11, 24, 36, 2, 22, 38, 19, 20, 3
Pocket:
10, 1, 18, 30, 37, 40, 23, 7, 11, 14, 13, 8, 32, 25, 4, 28, 19, 6, 26, 16, 20, 34, 0, 15, 35, 36, 24, 38, 17, 5, 9, 2, 21, 12, 39, 33, 22, 27, 31, 41, 3, 29
22, 40, 17, 4, 35, 28, 25, 0, 41, 26, 19, 32, 10, 11, 14, 5, 31, 2, 6, 23, 38, 34, 9, 36, 1, 37, 15, 20, 29, 12, 8, 21, 7, 16, 24, 30, 33, 18, 3, 13, 39, 27
21, 25, 37, 9, 19, 22, 40, 10, 32, 2, 27, 13, 20, 11, 8, 41, 16, 5, 31, 23, 24, 12, 26, 35, 14, 4, 29, 36, 30, 7, 33, 38, 6, 15, 28, 39, 1, 34, 3, 17, 18, 0
13, 6, 29, 11, 17, 31, 4, 34, 35, 14, 37, 26, 38, 18, 15, 19, 39, 3, 33, 20, 24, 2, 12, 7, 22, 25, 41, 10, 9, 8, 16, 27, 28, 30, 0, 32, 23, 5, 1, 36, 40, 21
11, 21, 29, 24, 36, 0, 23, 13, 26, 30, 4, 22, 3, 32, 39, 20, 25, 28, 15, 19, 35, 2, 7, 9, 10, 14, 17, 8, 34, 1, 37, 5, 33, 16, 31, 41, 40, 18, 12, 38, 6, 27
12, 16, 5, 27, 22, 18, 3, 41, 35, 7, 24, 8, 39, 1, 37, 34, 40, 0, 38, 21, 25, 9, 19, 28, 14, 36, 26, 20, 17, 15, 33, 4, 10, 23, 11, 2, 31, 13, 32, 6, 29, 30
11, 27, 12, 17, 10, 5, 40, 37, 41, 21, 19, 13, 4, 0, 2, 34, 7, 18, 6, 28, 24, 36, 30, 20, 32, 35, 16, 3, 9, 31, 14, 15, 26, 1, 23, 38, 39, 8, 29, 22, 25, 33
18, 21, 25, 28, 1, 17, 10, 2, 24, 5, 32, 9, 6, 19, 40, 41, 7, 30, 22, 33, 36, 26, 13, 11, 23, 27, 15, 35, 12, 31, 20, 37, 0, 4, 14, 34, 8, 3, 16, 39, 29, 38
39, 23, 22, 37, 6, 1, 35, 24, 15, 29, 27, 21, 40, 32, 4, 7, 14, 8, 36, 26, 12, 30, 31, 11, 16, 13, 33, 18, 5, 28, 0, 38, 20, 34, 9, 10, 41, 17, 25, 19, 2, 3
2, 21, 29, 32, 5, 31, 22, 33, 17, 7, 12, 27, 13, 18, 4, 34, 37, 36, 3, 30, 28, 26, 25, 35, 40, 41, 10, 16, 9, 6, 23, 8, 11, 24, 15, 39, 14, 0, 1, 38, 19, 20
Pocket:
15, 14, 33, 39, 24, 30, 18, 32, 27, 28, 34, 29, 2, 9, 21, 4, 6, 41, 0, 40, 1, 7, 23, 36, 37, 20, 19, 12, 25, 10, 8, 26, 3, 11, 31, 13, 22, 17, 38, 5, 35, 16
41, 11, 14, 9, 6, 12, 40, 38, 19, 37, 4, 21, 26, 36, 30, 7, 1, 3, 25, 35, 28, 13, 24, 10, 34, 15, 5, 23, 2, 33, 27, 0, 17, 32, 22, 8, 31, 39, 20, 29, 18, 16
30, 29, 19, 21, 33, 41, 5, 24, 22, 28, 40, 34, 2, 15, 16, 4, 7, 10, 31, 11, 3, 39, 32, 27, 12, 18, 1, 35, 20, 0, 36, 37, 26, 23, 14, 9, 38, 25, 17, 8, 13, 6
7, 0, 6, 3, 26, 40, 29, 18, 35, 1, 38, 13, 8, 16, 20, 11, 19, 2, 5, 25, 36, 10, 15, 9, 30, 14, 33, 31, 17, 34, 4, 37, 23, 21, 32, 41, 39, 22, 28, 12, 27, 24
22, 0, 14, 29, 28, 10, 12, 9, 13, 26, 37, 2, 18, 19, 20, 1, 30, 40, 27, 11, 38, 25, 41, 8, 33, 5, 34, 7, 16, 35, 17, 15, 24, 32, 3, 23, 39, 21, 6, 31, 36, 4
35, 23, 29, 38, 17, 21, 5, 32, 10, 37, 26, 6, 36, 16, 40, 30, 0, 27, 24, 31, 4, 8, 3, 33, 7, 20, 39, 1, 9, 19, 15, 25, 41, 28, 22, 2, 14, 34, 12, 18, 11, 13
33, 11, 31, 6, 21, 34, 41, 17, 9, 13, 4, 40, 28, 39, 25, 29, 30, 32, 1, 37, 10, 35, 0, 8, 19, 18, 14, 7, 36, 26, 23, 5, 38, 16, 27, 3, 2, 12, 24, 15, 20, 22
16, 15, 27, 28, 26, 22, 35, 9, 13, 8, 30, 36, 0, 20, 40, 21, 12, 19, 6, 25, 11, 4, 2, 41, 17, 18, 24, 34, 3, 37, 23, 38, 32, 29, 14, 33, 39, 5, 7, 1, 10, 31
34, 33, 8, 25, 31, 35, 16, 6, 24, 13, 27, 30, 32, 2, 19, 26, 37, 14, 22, 28, 40, 3, 21, 10, 5, 11, 41, 17, 4, 38, 36, 1, 9, 12, 23, 18, 0, 29, 39, 7, 20, 15
4, 11, 9, 38, 30, 15, 1, 36, 14, 31, 12, 18, 10, 23, 34, 26, 7, 24, 35, 37, 8, 22, 3, 6, 32, 19, 41, 2, 40, 17, 20, 39, 13, 28, 5, 29, 27, 33, 25, 0, 16, 21
Pocket:
14, 38, 37, 17, 23, 28, 22, 41, 29, 0, 6, 1, 12, 18, 21, 36, 34, 7, 13, 11, 16, 24, 2, 39, 25, 4, 3, 30, 27, 10, 15, 32, 35, 5, 40, 9, 19, 8, 31, 20, 26, 33
20, 21, 11, 3, 40, 14, 41, 12, 23, 38, 8, 7, 18, 22, 39, 0, 1, 28, 24, 9, 32, 37, 16, 4, 34, 10, 36, 17, 33, 13, 6, 27, 30, 15, 5, 19, 2, 25, 31, 26, 35, 29
10, 0, 38, 34, 25, 12, 28, 33, 40, 31, 8, 18, 41, 11, 27, 3, 9, 37, 2, 20, 6, 35, 14, 1, 17, 4, 22, 5, 21, 32, 26, 24, 29, 13, 36, 7, 39, 15, 30, 16, 19, 23
29, 26, 10, 39, 5, 37, 23, 12, 0, 17, 41, 15, 18, 8, 3, 1, 7, 19, 38, 14, 31, 11, 24, 13, 35, 27, 22, 32, 36, 9, 25, 20, 16, 33, 28, 40, 4, 30, 21, 2, 6, 34
4, 32, 35, 3, 27, 6, 0, 31, 30, 10, 29, 9, 2, 36, 1, 5, 18, 33, 14, 41, 24, 37, 8, 22, 7, 26, 23, 21, 15, 19, 28, 25, 16, 17, 38, 20, 12, 34, 39, 13, 11, 40
1, 4, 32, 22, 28, 10, 20, 31, 39, 0, 40, 2, 35, 27, 13, 17, 33, 7, 26, 8, 12, 24, 29, 37, 5, 36, 9, 21, 14, 11, 38, 30, 15, 3, 41, 16, 6, 25, 19, 34, 23, 18
19, 0, 17, 36, 14, 7, 13, 5, 31, 25, 10, 6, 39, 35, 27, 21, 40, 8, 32, 38, 15, 41, 1, 11, 18, 37, 28, 30, 34, 29, 16, 22, 26, 9, 24, 12, 33, 3, 4, 2, 20, 23
20, 7, 38, 39, 27, 28, 29, 34, 8, 22, 21, 26, 13, 41, 11, 15, 14, 19, 0, 3, 37, 33, 12, 24, 30, 31, 6, 18, 2, 10, 16, 23, 36, 4, 25, 32, 40, 35, 17, 1, 5, 9
30, 6, 40, 33, 10, 3, 0, 21, 5, 24, 37, 4, 7, 31, 38, 41, 20, 17, 14, 18, 16, 25, 34, 13, 32, 22, 8, 9, 29, 12, 11, 26, 2, 23, 36, 35, 27, 28, 19, 39, 1, 15
6, 3, 8, 7, 5, 36, 14, 1, 2, 29, 26, 41, 32, 22, 35, 10, 37, 38, 27, 39, 4, 30, 0, 33, 40, 18, 15, 21, 28, 31, 34, 19, 16, 24, 12, 20, 13, 17, 23, 9, 11, 25
Pocket:
25, 13, 18, 20, 29, 1, 7, 4, 24, 36, 9, 12, 39, 19, 10, 27, 41, 34, 31, 30, 0, 8, 15, 23, 35, 28, 6, 5, 32, 16, 14, 2, 17, 22, 11, 21, 3, 26, 40, 38, 37, 33
9, 28, 39, 19, 11, 21, 24, 41, 33, 27, 31, 22, 38, 30, 3, 17, 25, 13, 6, 0, 35, 5, 4, 1, 10, 32, 16, 12, 2, 29, 36, 37, 26, 18, 20, 15, 34, 23, 40, 7, 8, 14
23, 1, 36, 6, 17, 31, 29, 19, 34, 28, 8, 2, 35, 20, 0, 13, 12, 10, 26, 41, 39, 3, 32, 37, 22, 40, 4, 5, 38, 21, 33, 24, 14, 7, 30, 9, 11, 25, 15, 18, 16, 27
32, 5, 26, 6, 23, 36, 40, 24, 27, 37, 29, 25, 14, 22, 19, 10, 39, 31, 20, 12, 33, 16, 3, 41, 13, 1, 30, 28, 4, 11, 34, 17, 21, 7, 15, 0, 38, 18, 35, 9, 8, 2
39, 7, 23, 2, 20, 12, 41, 11, 16, 25, 0, 15, 27, 24, 34, 3, 22, 5, 32, 10, 9, 37, 35, 29, 21, 33, 4, 17, 1, 13, 19, 31, 6, 14, 26, 30, 38, 36, 8, 18, 28, 40
40, 26, 30, 37, 3, 36, 8, 11, 4, 23, 28, 38, 15, 13, 12, 17, 31, 19, 9, 20, 34, 39, 21, 33, 29, 27, 22, 14, 32, 2, 1, 18, 35, 0, 16, 5, 24, 10, 41, 7, 25, 6
36, 20, 19, 0, 41, 3, 17, 35, 21, 27, 6, 5, 32, 24, 38, 18, 39, 22, 25, 2, 37, 10, 12, 4, 34, 9, 31, 23, 1, 15, 26, 16, 40, 30, 13, 14, 8, 28, 29, 11, 33, 7
13, 8, 19, 36, 22, 24, 7, 25, 18, 3, 34, 6, 4, 39, 16, 15, 9, 40, 14, 0, 5, 27, 10, 29, 31, 41, 35, 12, 37, 11, 20, 23, 33, 21, 17, 1, 2, 28, 30, 38, 26, 32
22, 38, 5, 13, 0, 14, 19, 36, 15, 11, 1, 27, 21, 17, 34, 26, 2, 40, 6, 23, 33, 30, 24, 39, 20, 28, 7, 25, 10, 9, 31, 12, 37, 35, 16, 32, 3, 8, 41, 4, 18, 29
35, 39, 2, 27, 1, 30, 17, 8, 15, 31, 3, 12, 11, 4, 37, 36, 26, 28, 32, 7, 20, 38, 5, 25, 23, 41, 29, 24, 21, 6, 34, 22, 18, 9, 10, 33, 16, 14, 0, 40, 13, 19
