Pocket:
35, 2, 15, 22, 5, 38, 52, 47, 42, 10, 21, 54, 13, 0, 41, 49, 18, 43, 28, 26, 19, 34, 53, 46, 39, 32, 23, 31, 45, 37, 9, 25, 16, 27, 29, 40, 50, 30, 3, 1, 33, 24, 48, 7, 11, 55, 44, 8, 6, 12, 14, 17, 4, 36, 20, 51
22, 25, 43, 14, 4, 45, 52, 32, 9, 20, 33, 53, 47, 34, 1, 49, 48, 6, 46, 21, 2, 28, 55, 10, 44, 0, 3, 41, 13, 24, 54, 5, 39, 37, 36, 29, 31, 11, 8, 16, 38, 51, 7, 35, 19, 30, 18, 26, 15, 12, 17, 27, 42, 23, 40, 50
17, 30, 4, 8, 37, 12, 34, 26, 0, 18, 9, 33, 16, 50, 7, 22, 10, 48, 27, 21, 5, 38, 13, 23, 24, 31, 45, 28, 35, 42, 53, 41, 43, 54, 51, 39, 2, 44, 46, 14, 25, 20, 52, 11, 47, 29, 55, 36, 15, 6, 1, 3, 32, 40, 49, 19
1, 27, 25, 52, 9, 20, 23, 34, 19, 43, 4, 38, 37, 29, 33, 6, 11, 0, 14, 8, 40, 48, 45, 15, 49, 50, 2, 44, 7, 13, 10, 35, 36, 17, 31, 39, 54, 55, 42, 47, 18, 28, 5, 53, 26, 46, 30, 32, 3, 12, 21, 41, 51, 16, 24, 22
29, 12, 19, 26, 13, 37, 42, 46, 39, 24, 14, 38, 20, 1, 55, 28, 22, 36, 4, 31, 30, 9, 2, 23, 5, 6, 48, 53, 34, 0, 43, 44, 49, 47, 40, 3, 51, 21, 8, 25, 18, 35, 50, 16, 41, 17, 52, 54, 15, 33, 10, 11, 27, 32, 45, 7
41, 53, 51, 8, 23, 1, 39, 46, 34, 29, 32, 15, 37, 16, 43, 9, 7, 13, 3, 17, 48, 24, 19, 26, 31, 49, 44, 30, 2, 5, 10, 18, 50, 4, 25, 54, 20, 6, 28, 27, 35, 12, 40, 38, 33, 21, 11, 47, 42, 55, 36, 0, 22, 45, 52, 14
10, 11, 0, 29, 9, 39, 1, 13, 23, 51, 41, 24, 7, 52, 8, 6, 45, 25, 37, 2, 18, 48, 49, 33, 32, 31, 46, 12, 4, 36, 17, 35, 3, 15, 14, 55, 30, 44, 27, 40, 20, 28, 42, 38, 53, 16, 26, 50, 22, 34, 54, 5, 43, 19, 47, 21
21, 8, 40, 36, 5, 29, 34, 14, 51, 10, 1, 47, 42, 19, 33, 43, 52, 6, 7, 20, 13, 28, 31, 39, 54, 9, 2, 27, 45, 55, 24, 11, 44, 26, 0, 38, 22, 53, 46, 12, 37, 41, 4, 49, 25, 16, 18, 30, 32, 15, 50, 3, 17, 23, 35, 48
11, 39, 34, 0, 52, 7, 28, 5, 15, 23, 32, 12, 30, 45, 47, 54, 13, 2, 14, 48, 8, 1, 53, 24, 19, 49, 18, 16, 21, 42, 43, 20, 10, 44, 26, 4, 38, 46, 27, 25, 6, 33, 51, 29, 50, 31, 55, 41, 17, 9, 37, 3, 22, 40, 35, 36
49, 19, 47, 5, 42, 9, 17, 11, 35, 25, 50, 32, 26, 41, 48, 8, 46, 7, 43, 6, 40, 29, 27, 53, 4, 21, 3, 55, 28, 37, 13, 16, 2, 22, 20, 33, 18, 30, 44, 45, 51, 54, 1, 36, 23, 0, 34, 10, 14, 39, 38, 52, 12, 24, 15, 31
Pocket:
13, 29, 35, 12, 0, 33, 3, 36, 53, 42, 38, 22, 16, 4, 32, 52, 11, 2, 20, 43, 7, 14, 15, 1, 26, 17, 28, 54, 44, 31, 5, 37, 10, 27, 50, 51, 9, 45, 47, 8, 46, 25, 19, 6, 21, 39, 23, 34, 24, 30, 48, 49, 18, 40, 55, 41
18, 54, 11, 22, 24, 25, 13, 34, 53, 28, 3, 51, 40, 46, 35, 37, 26, 8, 19, 10, 45, 42, 15, 20, 39, 49, 55, 17, 29, 30, 36, 14, 43, 50, 7, 2, 48, 32, 9, 4, 27, 47, 16, 6, 21, 41, 5, 44, 12, 31, 52, 38, 1, 33, 23, 0
31, 49, 41, 26, 40, 38, 3, 22, 54, 8, 25, 7, 39, 53, 48, 17, 12, 35, 21, 33, 42, 11, 18, 36, 15, 19, 32, 9, 4, 44, 24, 1, 10, 2, 30, 34, 14, 51, 55, 5, 6, 16, 28, 43, 20, 37, 29, 0, 52, 27, 45, 50, 46, 23, 13, 47
44, 10, 29, 47, 17, 2, 31, 54, 23, 26, 0, 49, 3, 39, 24, 25, 7, 13, 4, 19, 21, 30, 14, 18, 20, 50, 38, 11, 48, 35, 32, 1, 45, 15, 53, 52, 12, 51, 6, 43, 33, 37, 41, 27, 9, 28, 16, 40, 46, 42, 55, 34, 36, 8, 22, 5
52, 2, 55, 18, 21, 40, 26, 32, 11, 27, 48, 38, 24, 19, 50, 25, 45, 4, 1, 3, 33, 41, 0, 39, 23, 13, 5, 37, 43, 31, 53, 22, 20, 30, 54, 44, 17, 15, 9, 47, 12, 16, 10, 7, 42, 34, 6, 51, 46, 29, 35, 14, 28, 49, 36, 8
29, 21, 30, 36, 9, 39, 38, 52, 54, 47, 42, 4, 50, 31, 53, 0, 35, 18, 51, 15, 40, 19, 16, 32, 20, 43, 14, 46, 27, 44, 10, 6, 34, 7, 25, 41, 1, 23, 22, 48, 17, 8, 26, 45, 49, 12, 33, 2, 55, 37, 11, 5, 3, 24, 28, 13
18, 9, 49, 10, 29, 52, 25, 33, 44, 48, 3, 45, 13, 50, 55, 19, 20, 40, 43, 16, 36, 41, 28, 24, 26, 17, 4, 35, 46, 37, 42, 22, 11, 15, 2, 23, 14, 5, 54, 8, 27, 34, 32, 12, 21, 0, 1, 51, 31, 47, 7, 6, 30, 53, 39, 38
14, 25, 43, 49, 30, 32, 45, 34, 26, 3, 31, 39, 11, 33, 8, 48, 18, 6, 47, 17, 24, 27, 4, 12, 2, 37, 9, 46, 20, 22, 41, 38, 54, 13, 1, 23, 28, 15, 19, 16, 50, 44, 21, 29, 42, 7, 36, 51, 5, 10, 35, 53, 55, 52, 0, 40
18, 53, 31, 14, 30, 26, 55, 51, 43, 25, 21, 10, 9, 44, 49, 40, 6, 17, 0, 4, 29, 54, 15, 28, 52, 3, 12, 27, 8, 1, 16, 7, 48, 45, 41, 46, 42, 37, 34, 22, 23, 24, 5, 47, 35, 38, 33, 13, 19, 20, 39, 50, 2, 32, 36, 11
15, 7, 41, 19, 48, 18, 46, 17, 20, 35, 29, 55, 36, 33, 50, 11, 1, 47, 54, 43, 12, 53, 9, 44, 21, 37, 25, 5, 40, 52, 3, 38, 51, 39, 4, 34, 8, 49, 16, 27, 6, 26, 42, 14, 23, 13, 0, 28, 2, 24, 22, 32, 30, 45, 10, 31
Pocket:
38, 6, 5, 50, 54, 47, 11, 7, 15, 9, 2, 34, 17, 29, 3, 13, 28, 33, 41, 1, 4, 43, 21, 0, 10, 27, 49, 37, 55, 45, 52, 19, 24, 16, 35, 39, 23, 44, 20, 30, 53, 48, 51, 36, 32, 31, 8, 40, 46, 14, 22, 25, 18, 12, 26, 42
31, 53, 16, 51, 32, 7, 6, 29, 25, 44, 28, 19, 22, 39, 35, 23, 1, 40, 13, 26, 49, 5, 43, 15, 8, 38, 21, 33, 30, 37, 34, 9, 18, 48, 46, 47, 3, 11, 17, 14, 10, 55, 54, 50, 52, 0, 20, 27, 45, 42, 41, 2, 36, 24, 4, 12
7, 31, 54, 37, 6, 30, 26, 34, 21, 55, 27, 45, 8, 2, 52, 14, 29, 4, 50, 11, 23, 0, 15, 39, 41, 5, 43, 20, 28, 12, 44, 42, 9, 33, 53, 3, 13, 24, 40, 17, 19, 46, 36, 18, 49, 48, 32, 47, 22, 38, 16, 1, 51, 10, 35, 25
53, 20, 1, 35, 25, 6, 7, 14, 26, 43, 18, 46, 12, 42, 41, 36, 11, 39, 2, 3, 5, 31, 54, 9, 38, 30, 33, 48, 40, 45, 13, 15, 51, 55, 37, 8, 24, 21, 34, 27, 50, 29, 28, 52, 23, 19, 17, 49, 4, 32, 22, 10, 44, 16, 47, 0
23, 3, 42, 54, 45, 26, 14, 53, 38, 1, 28, 11, 17, 39, 2, 15, 9, 16, 30, 41, 34, 27, 0, 44, 7, 49, 12, 24, 37, 46, 50, 33, 13, 40, 5, 10, 29, 32, 55, 35, 4, 6, 36, 48, 20, 43, 22, 52, 19, 8, 51, 47, 31, 25, 18, 21
12, 20, 2, 26, 44, 7, 16, 3, 35, 9, 47, 21, 17, 37, 54, 30, 49, 23, 6, 34, 43, 27, 10, 31, 42, 18, 28, 32, 0, 29, 53, 48, 8, 50, 15, 1, 51, 13, 38, 40, 52, 39, 41, 33, 55, 5, 4, 11, 25, 46, 36, 14, 19, 24, 22, 45
4, 34, 41, 49, 45, 43, 2, 7, 55, 18, 39, 27, 9, 24, 3, 33, 44, 54, 25, 53, 35, 20, 8, 14, 48, 1, 10, 52, 30, 21, 42, 36, 37, 23, 40, 29, 0, 6, 51, 28, 19, 11, 26, 22, 38, 32, 5, 50, 15, 12, 31, 13, 46, 17, 47, 16
41, 52, 33, 30, 14, 29, 55, 39, 38, 15, 25, 0, 46, 1, 16, 11, 51, 42, 53, 28, 4, 8, 13, 37, 19, 10, 27, 45, 3, 44, 7, 31, 18, 26, 2, 6, 24, 43, 32, 5, 23, 47, 17, 20, 50, 22, 9, 36, 54, 12, 49, 35, 48, 21, 34, 40
43, 46, 32, 10, 15, 52, 42, 21, 26, 1, 19, 2, 36, 39, 20, 11, 24, 54, 23, 50, 33, 4, 35, 13, 34, 12, 14, 37, 31, 28, 27, 45, 41, 55, 3, 29, 51, 25, 38, 44, 9, 7, 30, 48, 6, 8, 53, 47, 16, 40, 22, 17, 0, 5, 49, 18
19, 44, 32, 34, 50, 20, 42, 14, 8, 27, 47, 40, 11, 31, 51, 49, 38, 55, 41, 39, 4, 17, 30, 35, 21, 6, 22, 1, 7, 24, 46, 29, 3, 25, 33, 5, 18, 15, 0, 52, 43, 2, 37, 16, 48, 28, 10, 12, 54, 26, 36, 9, 13, 45, 53, 23
Pocket:
17, 26, 21, 37, 12, 8, 25, 2, 33, 45, 35, 9, 55, 30, 0, 18, 1, 6, 19, 41, 29, 40, 10, 44, 43, 13, 50, 23, 27, 14, 53, 34, 51, 22, 32, 16, 52, 47, 36, 5, 20, 11, 31, 38, 3, 54, 42, 7, 46, 48, 49, 24, 28, 4, 39, 15
37, 8, 32, 51, 40, 48, 7, 46, 43, 14, 11, 55, 3, 23, 53, 29, 52, 10, 31, 21, 1, 27, 35, 41, 20, 26, 33, 42, 5, 15, 34, 19, 54, 6, 49, 39, 50, 22, 17, 12, 30, 2, 4, 45, 18, 47, 44, 28, 9, 25, 16, 13, 24, 36, 0, 38
7, 23, 42, 52, 47, 31, 5, 45, 4, 3, 29, 49, 43, 8, 25, 27, 50, 9, 16, 13, 51, 53, 0, 40, 44, 34, 36, 39, 6, 32, 10, 38, 18, 26, 11, 24, 17, 48, 41, 19, 35, 22, 55, 33, 37, 30, 28, 1, 2, 14, 12, 20, 54, 15, 21, 46
3, 9, 23, 8, 30, 35, 5, 41, 11, 42, 2, 44, 55, 0, 39, 21, 45, 32, 25, 24, 46, 34, 17, 15, 6, 48, 33, 40, 47, 16, 53, 49, 54, 1, 20, 29, 13, 18, 4, 7, 36, 51, 19, 50, 43, 28, 37, 26, 22, 14, 27, 31, 10, 38, 52, 12
48, 31, 1, 43, 42, 27, 35, 50, 13, 41, 10, 7, 6, 45, 30, 37, 20, 0, 53, 14, 16, 2, 40, 22, 19, 34, 52, 28, 47, 4, 24, 12, 46, 39, 11, 17, 8, 49, 21, 54, 26, 33, 5, 23, 15, 9, 18, 55, 29, 44, 25, 3, 36, 38, 51, 32
40, 6, 11, 27, 25, 3, 15, 41, 43, 19, 51, 46, 24, 45, 9, 1, 48, 0, 29, 49, 52, 20, 26, 8, 53, 55, 2, 39, 28, 44, 35, 17, 32, 31, 22, 10, 47, 54, 4, 12, 14, 34, 7, 50, 16, 13, 30, 37, 18, 21, 5, 33, 42, 38, 23, 36
15, 0, 30, 27, 43, 52, 36, 14, 1, 6, 2, 38, 47, 21, 34, 4, 41, 10, 29, 37, 49, 24, 55, 22, 5, 12, 50, 45, 42, 3, 40, 18, 11, 26, 48, 35, 31, 54, 17, 13, 19, 32, 51, 39, 44, 33, 20, 28, 16, 9, 7, 8, 53, 23, 46, 25
53, 16, 32, 12, 11, 21, 17, 43, 35, 31, 4, 0, 7, 15, 48, 30, 55, 25, 20, 51, 26, 2, 41, 38, 44, 28, 52, 36, 3, 5, 42, 47, 39, 29, 24, 19, 50, 18, 40, 8, 54, 45, 33, 1, 46, 13, 10, 14, 34, 27, 9, 22, 6, 37, 49, 23
46, 16, 29, 24, 39, 1, 2, 4, 8, 5, 27, 19, 7, 44, 37, 18, 45, 28, 14, 35, 21, 43, 17, 53, 41, 10, 23, 26, 25, 52, 13, 54, 40, 47, 0, 49, 22, 9, 6, 33, 31, 32, 11, 42, 20, 36, 38, 34, 12, 15, 48, 55, 3, 50, 51, 30
18, 42, 20, 5, 12, 7, 19, 38, 27, 25, 30, 45, 24, 0, 22, 21, 1, 44, 43, 55, 10, 32, 9, 49, 3, 48, 4, 29, 11, 35, 6, 52, 26, 23, 16, 47, 36, 28, 54, 51, 17, 41, 39, 33, 34, 31, 2, 37, 40, 8, 15, 46, 13, 50, 14, 53
Pocket:
51, 33, 14, 30, 12, 15, 6, 3, 7, 23, 16, 31, 54, 19, 0, 53, 21, 42, 49, 44, 43, 29, 32, 55, 20, 35, 17, 50, 5, 28, 39, 1, 13, 40, 45, 36, 27, 47, 34, 22, 2, 24, 52, 48, 37, 26, 10, 11, 9, 8, 25, 41, 38, 18, 4, 46
37, 34, 15, 4, 43, 27, 10, 40, 55, 17, 51, 19, 2, 32, 5, 36, 42, 1, 3, 8, 49, 28, 30, 18, 44, 13, 22, 33, 20, 52, 45, 0, 54, 25, 24, 6, 50, 9, 11, 12, 48, 21, 26, 39, 31, 35, 47, 53, 41, 16, 38, 7, 29, 23, 46, 14
25, 42, 4, 13, 9, 14, 10, 36, 39, 50, 47, 18, 26, 1, 3, 17, 28, 30, 48, 43, 2, 46, 38, 49, 29, 22, 24, 27, 8, 15, 16, 44, 34, 20, 35, 32, 37, 11, 40, 7, 53, 55, 21, 12, 23, 54, 33, 52, 31, 51, 5, 6, 45, 0, 41, 19
38, 16, 18, 14, 49, 28, 27, 3, 9, 26, 0, 40, 45, 41, 6, 2, 30, 4, 19, 5, 1, 29, 36, 33, 22, 51, 8, 43, 12, 7, 13, 53, 42, 24, 37, 10, 20, 31, 39, 52, 46, 34, 32, 47, 11, 35, 15, 21, 48, 44, 23, 17, 25, 55, 50, 54
0, 23, 15, 35, 7, 40, 45, 53, 20, 38, 50, 31, 17, 22, 55, 9, 49, 12, 13, 25, 4, 18, 29, 34, 5, 44, 2, 37, 39, 46, 14, 28, 41, 43, 33, 54, 8, 32, 52, 27, 36, 19, 1, 48, 26, 24, 11, 10, 30, 42, 21, 6, 16, 51, 3, 47
16, 18, 0, 1, 8, 13, 54, 53, 12, 10, 21, 35, 47, 23, 39, 7, 37, 4, 25, 40, 46, 15, 52, 14, 41, 51, 6, 29, 36, 28, 31, 26, 24, 9, 49, 34, 2, 5, 22, 48, 20, 50, 19, 27, 3, 45, 11, 30, 55, 38, 33, 42, 32, 43, 44, 17
39, 29, 53, 41, 6, 49, 14, 54, 45, 27, 42, 18, 50, 24, 22, 32, 46, 1, 11, 12, 38, 2, 31, 25, 37, 35, 48, 55, 52, 44, 43, 33, 17, 16, 19, 8, 3, 23, 9, 4, 26, 10, 7, 15, 5, 28, 30, 13, 47, 21, 20, 34, 0, 36, 40, 51
9, 44, 55, 17, 28, 19, 1, 16, 32, 20, 49, 0, 2, 39, 51, 47, 15, 40, 45, 3, 23, 41, 7, 46, 25, 22, 34, 33, 6, 31, 38, 4, 18, 21, 43, 42, 11, 29, 52, 53, 26, 13, 5, 37, 24, 30, 54, 14, 36, 12, 48, 35, 50, 27, 8, 10
14, 32, 5, 16, 6, 21, 2, 50, 28, 4, 23, 15, 39, 52, 44, 43, 49, 11, 7, 3, 51, 20, 25, 17, 24, 45, 31, 18, 54, 30, 29, 9, 40, 26, 13, 37, 36, 42, 53, 12, 22, 33, 47, 41, 1, 19, 55, 48, 8, 27, 10, 34, 46, 35, 38, 0
53, 37, 25, 12, 17, 18, 42, 2, 7, 38, 49, 24, 36, 14, 47, 41, 27, 5, 3, 28, 11, 21, 32, 30, 1, 29, 33, 48, 13, 40, 54, 35, 4, 0, 22, 46, 51, 31, 8, 50, 15, 34, 45, 52, 23, 55, 39, 43, 44, 19, 26, 16, 10, 6, 9, 20
Pocket:
43, 25, 33, 20, 16, 9, 2, 53, 50, 39, 3, 11, 23, 21, 0, 6, 55, 7, 44, 12, 4, 37, 1, 30, 48, 52, 36, 15, 35, 46, 24, 27, 49, 42, 26, 22, 34, 31, 38, 10, 14, 47, 5, 28, 19, 51, 54, 8, 17, 29, 41, 13, 32, 40, 18, 45
22, 44, 55, 18, 34, 12, 13, 30, 21, 46, 15, 39, 7, 20, 8, 11, 6, 36, 9, 37, 17, 14, 47, 35, 19, 5, 2, 26, 53, 43, 48, 49, 24, 40, 31, 51, 33, 52, 25, 10, 3, 4, 16, 0, 38, 41, 42, 50, 1, 27, 45, 23, 29, 54, 32, 28
37, 28, 8, 21, 29, 3, 36, 34, 19, 46, 54, 55, 49, 38, 12, 44, 48, 32, 51, 45, 35, 9, 42, 15, 43, 4, 14, 20, 16, 41, 33, 50, 10, 22, 11, 40, 6, 13, 24, 52, 27, 1, 30, 47, 53, 18, 25, 2, 23, 31, 26, 7, 0, 39, 17, 5
8, 23, 24, 3, 17, 47, 32, 36, 30, 15, 37, 25, 43, 14, 1, 40, 35, 46, 42, 9, 22, 34, 53, 19, 27, 10, 54, 0, 45, 39, 13, 26, 16, 44, 12, 21, 48, 29, 2, 51, 31, 5, 33, 50, 28, 7, 11, 38, 4, 55, 18, 20, 41, 49, 6, 52
54, 40, 19, 47, 43, 5, 20, 11, 44, 23, 34, 38, 16, 10, 2, 8, 53, 41, 1, 25, 52, 6, 30, 12, 32, 28, 3, 27, 22, 49, 21, 17, 39, 18, 29, 7, 14, 50, 4, 36, 48, 37, 31, 26, 35, 33, 45, 0, 9, 55, 13, 51, 46, 15, 42, 24
30, 7, 32, 52, 50, 18, 28, 43, 0, 54, 35, 11, 38, 45, 40, 29, 2, 14, 47, 9, 22, 49, 23, 37, 46, 24, 25, 20, 53, 10, 19, 17, 39, 5, 4, 12, 33, 41, 1, 16, 21, 8, 44, 34, 6, 13, 27, 55, 42, 48, 3, 31, 26, 36, 15, 51
10, 25, 15, 44, 7, 42, 14, 48, 2, 8, 0, 54, 29, 18, 27, 24, 38, 49, 45, 13, 40, 32, 43, 33, 52, 12, 53, 21, 23, 6, 9, 41, 39, 20, 34, 36, 28, 50, 17, 19, 3, 35, 30, 55, 16, 46, 22, 51, 47, 4, 1, 26, 31, 5, 11, 37
52, 30, 11, 55, 42, 28, 51, 35, 9, 15, 29, 22, 16, 49, 39, 45, 47, 23, 27, 1, 4, 26, 12, 3, 31, 0, 13, 48, 14, 33, 17, 8, 37, 10, 40, 41, 54, 53, 6, 2, 21, 18, 19, 5, 38, 7, 24, 44, 50, 25, 34, 32, 36, 20, 46, 43
24, 34, 50, 31, 21, 15, 33, 37, 55, 44, 32, 23, 53, 5, 14, 42, 3, 4, 11, 13, 17, 27, 43, 12, 19, 1, 30, 51, 54, 8, 25, 9, 48, 38, 46, 7, 47, 20, 0, 49, 22, 16, 28, 2, 26, 41, 39, 52, 35, 45, 18, 36, 29, 6, 10, 40
23, 10, 52, 34, 38, 35, 16, 51, 6, 7, 53, 12, 25, 45, 17, 0, 13, 50, 55, 43, 33, 48, 44, 40, 47, 32, 24, 15, 54, 9, 46, 27, 2, 19, 22, 37, 49, 4, 36, 28, 18, 29, 21, 11, 20, 14, 30, 39, 8, 42, 1, 41, 26, 31, 3, 5
Pocket:
41, 33, 30, 21, 10, 6, 7, 12, 32, 23, 17, 8, 34, 51, 42, 44, 2, 25, 27, 54, 31, 48, 19, 18, 40, 29, 43, 3, 4, 52, 45, 13, 24, 46, 55, 50, 39, 49, 14, 36, 28, 37, 11, 15, 9, 20, 38, 0, 16, 1, 53, 22, 26, 35, 5, 47
27, 14, 6, 17, 20, 32, 29, 13, 19, 16, 26, 7, 0, 30, 21, 10, 12, 11, 37, 45, 53, 47, 33, 2, 46, 15, 34, 24, 54, 28, 51, 40, 23, 39, 49, 43, 25, 8, 41, 22, 3, 55, 50, 44, 1, 5, 36, 48, 38, 4, 35, 52, 18, 31, 9, 42
54, 55, 45, 21, 9, 13, 43, 31, 12, 37, 3, 36, 30, 40, 23, 4, 10, 27, 38, 33, 22, 34, 19, 7, 52, 41, 46, 0, 11, 17, 53, 32, 48, 26, 6, 24, 35, 16, 14, 18, 1, 5, 2, 29, 39, 28, 49, 44, 15, 50, 20, 25, 42, 51, 8, 47
31, 16, 28, 6, 41, 2, 25, 9, 0, 12, 49, 7, 27, 54, 26, 5, 35, 10, 14, 48, 17, 36, 11, 53, 8, 39, 52, 34, 13, 38, 45, 55, 50, 18, 42, 22, 32, 40, 44, 19, 51, 23, 21, 46, 4, 20, 29, 33, 24, 47, 30, 15, 3, 43, 1, 37
12, 8, 30, 14, 24, 26, 4, 42, 11, 7, 6, 2, 40, 44, 10, 31, 17, 34, 45, 50, 0, 47, 32, 52, 39, 20, 49, 33, 18, 46, 1, 37, 41, 13, 19, 9, 28, 38, 5, 15, 48, 21, 51, 55, 23, 43, 16, 29, 54, 27, 22, 35, 53, 3, 25, 36
42, 31, 1, 18, 29, 38, 24, 19, 16, 10, 36, 45, 33, 21, 50, 12, 32, 5, 14, 28, 9, 43, 44, 41, 0, 30, 47, 11, 20, 4, 46, 27, 3, 7, 8, 52, 25, 13, 39, 55, 34, 15, 37, 53, 2, 26, 51, 49, 6, 22, 48, 17, 23, 35, 40, 54
17, 38, 18, 25, 12, 55, 40, 48, 36, 33, 27, 5, 6, 7, 4, 44, 3, 41, 35, 32, 11, 9, 15, 52, 53, 22, 50, 26, 47, 10, 37, 46, 23, 21, 8, 31, 34, 39, 45, 14, 16, 20, 19, 30, 51, 2, 24, 28, 0, 29, 54, 43, 1, 49, 13, 42
52, 36, 44, 9, 54, 25, 20, 28, 18, 24, 49, 30, 41, 43, 39, 19, 6, 33, 40, 29, 0, 34, 55, 1, 22, 32, 26, 16, 47, 4, 50, 21, 3, 2, 12, 14, 17, 51, 37, 46, 10, 23, 38, 11, 8, 13, 53, 35, 45, 7, 42, 31, 48, 27, 15, 5
4, 45, 32, 34, 28, 55, 27, 31, 8, 17, 54, 21, 2, 14, 20, 44, 3, 46, 26, 19, 0, 16, 11, 51, 6, 39, 38, 9, 29, 7, 41, 22, 52, 40, 10, 43, 33, 1, 35, 42, 18, 36, 37, 47, 49, 12, 13, 23, 25, 48, 30, 15, 5, 24, 53, 50
16, 20, 41, 39, 44, 40, 37, 28, 31, 10, 46, 49, 9, 3, 14, 18, 45, 51, 25, 33, 8, 13, 24, 55, 30, 15, 6, 1, 23, 21, 26, 19, 27, 17, 2, 34, 35, 29, 53, 48, 47, 32, 36, 22, 0, 54, 5, 4, 43, 50, 12, 42, 52, 38, 7, 11
Pocket:
44, 53, 49, 1, 45, 46, 30, 8, 3, 2, 28, 42, 15, 47, 41, 9, 50, 37, 22, 18, 23, 13, 54, 35, 11, 34, 14, 39, 26, 20, 5, 51, 25, 6, 36, 24, 40, 0, 19, 7, 4, 10, 33, 12, 52, 27, 16, 21, 55, 29, 32, 17, 43, 38, 31, 48
19, 39, 7, 6, 25, 23, 36, 12, 33, 28, 14, 1, 46, 0, 45, 29, 41, 3, 38, 5, 26, 40, 22, 51, 54, 48, 15, 13, 9, 55, 27, 43, 31, 20, 47, 35, 53, 24, 16, 17, 11, 18, 30, 10, 42, 52, 37, 2, 8, 49, 34, 21, 50, 4, 44, 32
46, 45, 40, 3, 20, 29, 15, 5, 25, 26, 28, 30, 23, 35, 17, 19, 18, 48, 16, 7, 43, 33, 9, 41, 2, 36, 44, 42, 27, 12, 13, 51, 55, 22, 32, 31, 38, 49, 54, 37, 14, 11, 4, 53, 50, 39, 34, 24, 10, 1, 21, 8, 6, 52, 0, 47
19, 30, 5, 28, 52, 1, 50, 9, 51, 36, 44, 33, 21, 41, 12, 13, 11, 17, 35, 3, 15, 7, 43, 54, 53, 27, 24, 31, 2, 4, 6, 29, 25, 46, 26, 23, 0, 37, 48, 20, 42, 32, 38, 45, 40, 8, 39, 18, 22, 47, 14, 55, 10, 49, 16, 34
28, 29, 3, 20, 42, 38, 12, 24, 36, 23, 34, 47, 39, 15, 33, 8, 48, 41, 54, 26, 7, 52, 9, 21, 13, 35, 6, 10, 51, 14, 31, 2, 25, 44, 16, 19, 53, 46, 11, 18, 4, 45, 30, 1, 0, 5, 50, 43, 40, 22, 17, 55, 32, 49, 27, 37
15, 4, 32, 36, 45, 41, 22, 48, 9, 5, 0, 35, 3, 11, 33, 43, 24, 19, 16, 38, 52, 13, 28, 30, 55, 42, 31, 50, 40, 54, 17, 2, 37, 49, 1, 8, 27, 51, 34, 6, 10, 25, 46, 7, 53, 21, 39, 14, 47, 44, 12, 26, 20, 18, 23, 29
32, 52, 26, 54, 19, 13, 2, 29, 45, 36, 43, 23, 4, 40, 27, 17, 11, 37, 55, 14, 33, 34, 38, 22, 15, 24, 18, 42, 12, 51, 3, 47, 25, 21, 10, 46, 16, 0, 48, 6, 20, 53, 7, 49, 8, 31, 39, 44, 28, 1, 30, 9, 41, 50, 5, 35
23, 11, 4, 15, 26, 42, 49, 13, 48, 38, 47, 18, 3, 14, 34, 41, 39, 24, 20, 46, 8, 30, 22, 32, 44, 12, 28, 21, 1, 51, 16, 6, 50, 29, 45, 7, 54, 37, 40, 10, 31, 5, 25, 2, 36, 35, 27, 33, 53, 19, 0, 9, 17, 52, 43, 55
39, 33, 6, 45, 13, 37, 52, 53, 23, 1, 41, 50, 5, 11, 40, 51, 20, 24, 42, 10, 22, 7, 46, 14, 15, 4, 25, 48, 8, 18, 3, 31, 47, 2, 32, 28, 26, 17, 19, 43, 44, 9, 36, 21, 29, 49, 12, 38, 54, 0, 16, 27, 35, 55, 30, 34
6, 41, 22, 38, 43, 8, 45, 13, 39, 26, 18, 40, 54, 17, 14, 16, 15, 19, 32, 36, 2, 12, 35, 30, 55, 28, 33, 5, 49, 25, 53, 0, 23, 37, 1, 47, 50, 34, 31, 52, 24, 9, 46, 29, 48, 44, 51, 21, 7, 10, 3, 27, 20, 42, 11, 4
Pocket:
44, 40, 19, 15, 23, 45, 2, 9, 48, 35, 42, 47, 7, 34, 12, 49, 28, 33, 30, 29, 53, 6, 20, 31, 25, 1, 38, 3, 37, 36, 18, 46, 26, 43, 41, 16, 8, 54, 10, 17, 39, 50, 52, 0, 13, 22, 21, 4, 5, 51, 32, 24, 11, 27, 14, 55
26, 54, 43, 31, 52, 41, 8, 20, 47, 35, 24, 16, 51, 1, 18, 9, 46, 3, 42, 50, 7, 0, 34, 12, 36, 27, 17, 15, 19, 39, 4, 23, 10, 44, 25, 53, 11, 40, 32, 30, 37, 14, 33, 48, 38, 49, 29, 21, 55, 13, 5, 22, 45, 2, 28, 6
30, 6, 1, 12, 14, 39, 8, 10, 9, 36, 48, 20, 21, 4, 31, 41, 26, 42, 33, 47, 17, 52, 49, 2, 5, 23, 19, 15, 54, 25, 38, 51, 29, 0, 50, 45, 16, 34, 44, 22, 55, 11, 43, 40, 35, 32, 13, 3, 24, 7, 53, 18, 28, 27, 37, 46
22, 0, 41, 29, 53, 30, 11, 43, 34, 35, 9, 31, 1, 18, 40, 37, 50, 32, 52, 36, 25, 19, 5, 49, 4, 17, 23, 33, 20, 2, 55, 47, 8, 54, 38, 51, 16, 26, 3, 24, 45, 12, 44, 21, 46, 6, 42, 10, 39, 27, 28, 13, 7, 48, 14, 15
21, 23, 4, 37, 39, 16, 6, 22, 48, 1, 26, 41, 15, 29, 49, 28, 13, 18, 27, 0, 30, 51, 11, 25, 5, 7, 42, 9, 40, 45, 20, 47, 31, 12, 53, 44, 50, 2, 52, 32, 46, 10, 8, 36, 43, 24, 38, 35, 55, 33, 19, 17, 54, 14, 3, 34
1, 47, 48, 12, 10, 40, 23, 29, 22, 24, 19, 35, 51, 44, 33, 55, 26, 0, 46, 49, 11, 14, 28, 9, 43, 21, 6, 3, 16, 34, 37, 41, 39, 50, 13, 52, 20, 31, 5, 2, 38, 53, 17, 15, 42, 36, 54, 25, 8, 7, 4, 30, 18, 32, 45, 27
17, 37, 23, 9, 0, 13, 12, 42, 38, 53, 25, 31, 29, 2, 14, 18, 27, 43, 30, 44, 52, 48, 36, 45, 20, 21, 41, 28, 19, 46, 33, 3, 7, 24, 32, 54, 22, 39, 8, 50, 1, 15, 10, 6, 40, 35, 55, 16, 5, 47, 4, 49, 51, 26, 11, 34
11, 42, 48, 43, 0, 6, 39, 47, 23, 3, 37, 53, 29, 41, 2, 24, 18, 8, 51, 27, 54, 21, 20, 13, 38, 16, 55, 9, 34, 45, 52, 1, 4, 5, 44, 7, 35, 46, 10, 31, 26, 25, 30, 14, 36, 22, 17, 33, 15, 28, 50, 40, 32, 49, 12, 19
16, 53, 33, 0, 5, 40, 13, 44, 50, 8, 31, 36, 20, 41, 54, 23, 49, 3, 34, 18, 48, 11, 9, 42, 46, 2, 37, 47, 30, 14, 25, 17, 27, 7, 26, 4, 6, 38, 15, 51, 55, 32, 21, 28, 45, 19, 24, 52, 43, 12, 35, 29, 1, 10, 22, 39
50, 10, 11, 29, 4, 46, 27, 13, 34, 16, 25, 36, 48, 28, 52, 0, 33, 30, 12, 31, 6, 41, 43, 21, 18, 22, 17, 49, 7, 15, 19, 3, 51, 42, 9, 35, 38, 24, 26, 54, 37, 23, 32, 39, 45, 2, 44, 5, 40, 20, 55, 1, 53, 8, 14, 47
Pocket:
30, 28, 32, 20, 51, 41, 36, 29, 24, 13, 46, 14, 10, 31, 37, 16, 4, 40, 34, 52, 50, 43, 44, 27, 25, 54, 15, 26, 1, 42, 23, 53, 39, 19, 47, 17, 48, 3, 49, 8, 9, 55, 0, 2, 21, 5, 45, 18, 22, 38, 7, 11, 12, 33, 35, 6
31, 6, 51, 32, 1, 53, 8, 52, 44, 25, 47, 20, 17, 43, 35, 39, 12, 45, 30, 18, 14, 27, 11, 24, 16, 42, 19, 26, 13, 34, 48, 22, 38, 46, 41, 29, 54, 9, 55, 15, 0, 23, 3, 40, 37, 21, 49, 10, 50, 4, 7, 33, 36, 28, 2, 5
21, 31, 36, 39, 28, 40, 43, 42, 54, 45, 35, 14, 41, 25, 8, 37, 2, 20, 7, 33, 51, 22, 6, 48, 5, 1, 47, 52, 50, 17, 26, 46, 24, 11, 13, 49, 16, 27, 23, 9, 38, 0, 4, 12, 53, 18, 10, 44, 55, 19, 15, 30, 29, 3, 34, 32
1, 41, 12, 5, 48, 26, 45, 46, 44, 37, 9, 17, 10, 51, 3, 20, 6, 42, 2, 7, 43, 47, 33, 40, 14, 55, 23, 36, 13, 54, 27, 52, 18, 16, 50, 31, 38, 30, 0, 8, 49, 25, 34, 19, 35, 29, 39, 32, 11, 15, 22, 24, 53, 21, 28, 4
9, 44, 2, 49, 29, 41, 17, 18, 32, 28, 53, 0, 43, 50, 1, 48, 46, 40, 27, 47, 21, 4, 19, 35, 22, 20, 7, 33, 52, 45, 11, 36, 26, 14, 51, 30, 39, 3, 55, 34, 16, 42, 12, 25, 6, 37, 5, 8, 24, 38, 31, 10, 13, 23, 15, 54
30, 49, 36, 34, 22, 39, 53, 10, 14, 42, 31, 18, 12, 2, 55, 48, 17, 33, 47, 21, 19, 4, 46, 6, 54, 8, 45, 29, 7, 20, 15, 27, 35, 40, 41, 13, 16, 25, 0, 23, 51, 50, 11, 26, 44, 5, 37, 32, 52, 3, 1, 24, 28, 43, 9, 38
9, 20, 18, 19, 12, 28, 5, 16, 11, 46, 25, 14, 55, 30, 24, 47, 10, 29, 32, 37, 44, 34, 42, 53, 39, 22, 13, 17, 45, 1, 3, 50, 27, 31, 26, 2, 6, 21, 40, 23, 43, 4, 52, 41, 38, 8, 48, 0, 36, 54, 15, 7, 51, 49, 35, 33
25, 35, 44, 19, 8, 26, 14, 30, 52, 13, 21, 29, 24, 37, 42, 51, 43, 40, 6, 16, 48, 36, 28, 18, 2, 12, 5, 34, 22, 7, 55, 11, 10, 49, 54, 50, 9, 17, 23, 3, 15, 4, 47, 20, 33, 53, 0, 27, 32, 1, 41, 46, 31, 39, 45, 38
19, 39, 12, 1, 10, 7, 5, 46, 54, 37, 38, 31, 55, 11, 25, 43, 35, 16, 53, 51, 29, 44, 36, 28, 30, 20, 15, 34, 27, 8, 33, 32, 24, 4, 48, 40, 2, 50, 17, 42, 13, 21, 49, 23, 3, 9, 14, 0, 18, 26, 22, 52, 6, 45, 47, 41
51, 17, 48, 7, 27, 28, 9, 49, 40, 24, 1, 41, 44, 20, 26, 2, 8, 50, 14, 47, 19, 10, 30, 22, 11, 39, 31, 18, 23, 12, 16, 33, 37, 52, 25, 4, 21, 38, 32, 54, 36, 5, 53, 15, 46, 34, 29, 3, 45, 43, 6, 42, 13, 0, 55, 35
Pocket:
17, 35, 12, 11, 4, 15, 0, 3, 16, 55, 19, 21, 13, 37, 39, 49, 51, 36, 23, 33, 6, 41, 54, 40, 29, 7, 32, 26, 52, 30, 14, 27, 20, 34, 25, 10, 9, 5, 2, 42, 48, 22, 50, 8, 46, 1, 43, 47, 28, 38, 45, 18, 31, 44, 24, 53
41, 17, 0, 46, 34, 3, 48, 27, 28, 47, 15, 16, 4, 44, 36, 7, 55, 25, 52, 8, 13, 22, 6, 30, 5, 38, 32, 1, 31, 23, 20, 39, 53, 26, 33, 49, 24, 11, 54, 42, 29, 50, 51, 18, 12, 14, 35, 19, 10, 21, 43, 2, 40, 37, 9, 45
50, 4, 14, 54, 19, 3, 24, 49, 26, 47, 31, 52, 35, 41, 53, 42, 23, 28, 16, 37, 8, 32, 11, 15, 51, 40, 2, 55, 33, 1, 20, 44, 21, 39, 48, 6, 9, 36, 7, 29, 38, 0, 18, 45, 25, 34, 43, 13, 5, 17, 12, 46, 10, 22, 27, 30
51, 50, 16, 27, 17, 4, 26, 11, 46, 25, 28, 24, 32, 9, 48, 14, 49, 36, 31, 10, 35, 6, 29, 39, 52, 3, 55, 40, 20, 15, 34, 43, 41, 21, 47, 22, 44, 54, 7, 12, 0, 45, 18, 8, 5, 1, 30, 33, 23, 19, 13, 42, 2, 38, 53, 37
10, 48, 8, 16, 45, 41, 39, 20, 35, 3, 21, 31, 51, 2, 26, 0, 9, 44, 4, 32, 55, 19, 7, 43, 11, 27, 24, 46, 42, 47, 6, 22, 38, 53, 1, 13, 54, 40, 23, 50, 33, 49, 30, 5, 28, 52, 25, 18, 36, 17, 37, 12, 14, 15, 29, 34
49, 2, 13, 32, 26, 16, 4, 20, 31, 3, 33, 39, 50, 27, 37, 45, 38, 24, 54, 28, 9, 46, 0, 40, 15, 11, 19, 48, 36, 1, 22, 44, 5, 18, 30, 34, 53, 6, 47, 42, 14, 12, 29, 10, 51, 25, 23, 17, 21, 43, 7, 41, 8, 35, 55, 52
15, 14, 38, 1, 4, 51, 35, 27, 54, 45, 50, 28, 49, 2, 30, 46, 13, 39, 25, 7, 3, 32, 37, 20, 18, 55, 10, 26, 5, 9, 16, 44, 24, 36, 40, 41, 17, 12, 6, 29, 52, 8, 11, 47, 43, 19, 21, 31, 48, 34, 33, 0, 42, 22, 23, 53
41, 0, 18, 27, 54, 7, 45, 28, 50, 47, 17, 6, 36, 12, 30, 34, 4, 35, 51, 24, 15, 52, 11, 53, 39, 8, 20, 13, 49, 14, 46, 33, 55, 19, 26, 23, 5, 40, 29, 9, 43, 31, 2, 22, 38, 16, 42, 37, 10, 48, 1, 32, 25, 21, 44, 3
6, 51, 28, 27, 37, 48, 41, 42, 38, 39, 7, 43, 24, 5, 30, 21, 36, 19, 49, 47, 45, 53, 50, 46, 17, 31, 4, 9, 52, 15, 22, 29, 32, 35, 33, 40, 44, 11, 26, 8, 3, 18, 34, 25, 2, 23, 20, 16, 54, 55, 13, 1, 12, 10, 0, 14
18, 50, 10, 6, 36, 40, 55, 0, 27, 4, 22, 49, 38, 12, 24, 43, 44, 17, 47, 31, 30, 1, 34, 41, 3, 46, 15, 39, 26, 35, 9, 42, 11, 2, 33, 45, 32, 14, 8, 13, 19, 53, 54, 16, 7, 25, 37, 52, 5, 48, 20, 28, 29, 23, 51, 21
Pocket:
46, 38, 22, 47, 2, 25, 48, 34, 49, 42, 33, 26, 39, 37, 55, 11, 36, 13, 16, 41, 27, 54, 45, 31, 7, 50, 29, 15, 19, 52, 4, 8, 32, 17, 9, 28, 44, 3, 12, 43, 20, 40, 30, 35, 18, 5, 23, 10, 21, 0, 24, 51, 14, 1, 6, 53
45, 19, 16, 12, 53, 3, 29, 8, 22, 18, 11, 44, 55, 20, 33, 9, 36, 48, 15, 42, 2, 10, 41, 43, 30, 14, 47, 21, 35, 49, 40, 37, 28, 24, 6, 39, 34, 32, 52, 31, 1, 5, 0, 23, 46, 27, 38, 26, 50, 17, 7, 51, 4, 13, 25, 54
40, 34, 50, 15, 55, 24, 31, 1, 39, 45, 10, 43, 49, 54, 52, 5, 20, 46, 37, 25, 12, 48, 23, 28, 44, 9, 16, 4, 47, 26, 3, 36, 29, 14, 6, 41, 30, 22, 13, 8, 2, 18, 33, 19, 53, 51, 38, 35, 21, 42, 0, 27, 32, 17, 11, 7
4, 7, 9, 28, 42, 55, 11, 53, 33, 38, 43, 21, 30, 0, 23, 54, 6, 36, 5, 47, 16, 10, 29, 15, 19, 1, 50, 26, 37, 35, 12, 18, 8, 44, 13, 46, 51, 41, 32, 39, 2, 48, 31, 25, 49, 3, 45, 40, 17, 20, 22, 14, 27, 52, 24, 34
13, 3, 31, 5, 22, 30, 27, 28, 2, 54, 20, 37, 34, 11, 45, 21, 7, 23, 29, 39, 0, 16, 12, 55, 6, 50, 40, 32, 41, 24, 49, 53, 9, 44, 47, 46, 17, 42, 4, 26, 43, 35, 19, 18, 52, 33, 25, 8, 15, 1, 51, 36, 14, 48, 10, 38
38, 23, 9, 19, 48, 41, 12, 27, 35, 8, 51, 5, 55, 24, 33, 40, 28, 1, 6, 52, 47, 14, 21, 45, 22, 36, 53, 46, 17, 42, 18, 49, 16, 10, 0, 15, 34, 20, 54, 39, 3, 4, 25, 29, 7, 2, 13, 37, 50, 31, 44, 32, 11, 30, 26, 43
5, 34, 51, 53, 49, 24, 46, 1, 22, 38, 15, 33, 28, 48, 14, 31, 54, 55, 32, 20, 19, 42, 23, 16, 47, 29, 6, 27, 36, 26, 13, 41, 39, 4, 11, 2, 37, 52, 8, 7, 44, 35, 30, 43, 40, 50, 25, 12, 21, 10, 9, 17, 0, 45, 18, 3
47, 19, 42, 16, 12, 23, 29, 31, 44, 1, 20, 49, 7, 9, 52, 55, 6, 13, 43, 28, 26, 36, 8, 34, 3, 32, 37, 24, 41, 35, 11, 51, 15, 54, 30, 39, 17, 40, 18, 25, 45, 38, 5, 14, 2, 53, 10, 21, 22, 50, 48, 0, 27, 46, 4, 33
33, 42, 51, 30, 52, 17, 40, 19, 10, 24, 11, 14, 2, 13, 21, 20, 41, 7, 12, 39, 28, 16, 15, 25, 31, 26, 22, 29, 6, 36, 44, 38, 4, 1, 27, 3, 35, 37, 5, 45, 47, 55, 50, 34, 9, 43, 49, 18, 0, 46, 8, 54, 48, 23, 53, 32
6, 31, 32, 15, 21, 11, 1, 16, 12, 48, 33, 9, 10, 39, 13, 19, 43, 47, 52, 7, 38, 23, 30, 40, 14, 37, 0, 55, 46, 49, 42, 45, 44, 27, 20, 3, 50, 4, 34, 53, 25, 41, 35, 17, 51, 29, 2, 28, 5, 24, 8, 26, 54, 22, 36, 18
Pocket:
8, 16, 51, 29, 26, 25, 44, 23, 22, 10, 36, 32, 5, 24, 37, 40, 42, 33, 15, 21, 55, 54, 41, 27, 38, 1, 50, 4, 7, 45, 48, 46, 19, 34, 39, 0, 2, 14, 17, 28, 49, 52, 47, 20, 18, 30, 12, 9, 11, 43, 13, 6, 3, 31, 35, 53
36, 8, 47, 12, 16, 5, 18, 49, 24, 31, 30, 43, 27, 51, 38, 52, 40, 22, 23, 55, 42, 3, 14, 4, 41, 19, 33, 11, 13, 35, 39, 28, 54, 20, 44, 2, 45, 10, 48, 32, 50, 25, 53, 15, 1, 34, 37, 21, 17, 6, 9, 0, 29, 7, 26, 46
49, 7, 31, 1, 41, 16, 10, 50, 32, 17, 47, 23, 5, 33, 15, 37, 6, 45, 38, 24, 53, 8, 13, 51, 46, 12, 44, 0, 27, 22, 52, 21, 3, 11, 43, 28, 48, 14, 36, 18, 34, 55, 39, 9, 30, 35, 54, 26, 4, 42, 19, 2, 40, 29, 25, 20
34, 18, 49, 46, 30, 42, 17, 5, 55, 52, 11, 6, 37, 27, 48, 31, 29, 13, 23, 22, 8, 3, 33, 1, 45, 2, 44, 21, 26, 12, 4, 24, 41, 54, 50, 14, 16, 39, 51, 36, 38, 19, 10, 28, 25, 15, 43, 20, 40, 47, 35, 0, 32, 53, 7, 9
12, 19, 22, 9, 32, 45, 30, 42, 26, 33, 24, 4, 28, 51, 1, 10, 34, 31, 54, 25, 20, 18, 2, 38, 44, 17, 39, 5, 37, 14, 11, 3, 29, 35, 7, 49, 27, 53, 16, 41, 43, 36, 15, 40, 46, 8, 48, 0, 6, 50, 21, 23, 52, 55, 13, 47
37, 11, 27, 2, 4, 8, 39, 19, 16, 5, 20, 12, 33, 48, 1, 38, 14, 10, 24, 40, 7, 0, 23, 6, 17, 3, 41, 22, 36, 25, 26, 42, 18, 52, 13, 35, 46, 43, 45, 29, 15, 54, 32, 21, 47, 30, 51, 34, 50, 28, 44, 9, 53, 31, 49, 55
16, 55, 13, 14, 43, 46, 30, 39, 54, 9, 18, 15, 38, 32, 4, 26, 47, 17, 31, 44, 28, 24, 50, 0, 35, 41, 33, 27, 42, 25, 37, 6, 51, 29, 45, 1, 5, 12, 11, 7, 52, 49, 10, 53, 40, 22, 48, 19, 23, 36, 21, 34, 3, 8, 20, 2
45, 52, 5, 41, 51, 53, 44, 1, 24, 9, 17, 8, 19, 32, 2, 18, 38, 21, 40, 22, 15, 55, 4, 0, 23, 54, 35, 6, 7, 34, 36, 33, 20, 13, 30, 50, 12, 29, 28, 31, 10, 39, 49, 11, 25, 16, 47, 14, 43, 37, 48, 42, 46, 26, 27, 3
2, 53, 49, 21, 51, 15, 23, 12, 18, 8, 32, 48, 13, 34, 54, 26, 35, 0, 3, 16, 33, 28, 55, 47, 7, 44, 50, 52, 43, 29, 30, 41, 11, 24, 6, 19, 14, 31, 38, 10, 46, 20, 25, 37, 9, 42, 4, 1, 17, 5, 45, 36, 27, 22, 40, 39
41, 28, 45, 30, 40, 34, 43, 5, 26, 25, 4, 27, 29, 2, 51, 48, 39, 9, 49, 8, 17, 18, 16, 50, 10, 23, 12, 7, 53, 35, 33, 46, 21, 13, 15, 20, 36, 37, 1, 19, 11, 42, 32, 3, 55, 0, 24, 44, 52, 14, 47, 54, 6, 38, 22, 31
