Pocket:
0, 27, 23, 33, 26, 6, 35, 24, 21, 13, 20, 17, 5, 16, 7, 14, 25, 8, 31, 19, 9, 15, 4, 1, 29, 18, 34, 12, 11, 2, 28, 10, 30, 3, 22, 32
16, 32, 3, 10, 20, 24, 25, 17, 0, 6, 30, 26, 29, 22, 1, 33, 12, 27, 4, 31, 11, 18, 8, 35, 14, 23, 19, 5, 34, 7, 28, 2, 15, 21, 9, 13
6, 27, 2, 32, 7, 30, 4, 26, 17, 9, 29, 33, 5, 14, 28, 10, 11, 0, 31, 23, 24, 1, 25, 34, 22, 35, 18, 13, 16, 20, 3, 8, 12, 19, 21, 15
21, 17, 25, 16, 1, 33, 23, 18, 28, 7, 5, 0, 13, 3, 22, 4, 27, 26, 8, 31, 2, 9, 6, 10, 14, 30, 32, 19, 20, 24, 15, 12, 11, 35, 29, 34
13, 35, 19, 20, 6, 25, 7, 33, 12, 24, 0, 34, 4, 18, 27, 31, 28, 21, 30, 26, 14, 1, 23, 8, 2, 11, 15, 17, 32, 3, 10, 29, 5, 16, 22, 9
25, 24, 7, 1, 18, 4, 34, 10, 17, 11, 14, 28, 16, 12, 35, 2, 32, 19, 26, 8, 3, 27, 22, 30, 0, 5, 13, 23, 33, 21, 29, 9, 20, 6, 31, 15
28, 20, 7, 30, 26, 22, 15, 1, 0, 25, 19, 21, 6, 34, 33, 29, 12, 4, 24, 27, 8, 13, 3, 17, 5, 14, 16, 2, 10, 11, 18, 23, 35, 32, 9, 31
30, 12, 1, 19, 24, 33, 6, 27, 34, 5, 16, 13, 2, 3, 25, 29, 32, 14, 10, 20, 23, 4, 26, 9, 31, 0, 28, 8, 11, 35, 22, 7, 21, 15, 18, 17
18, 20, 4, 34, 10, 11, 5, 2, 30, 26, 3, 7, 6, 12, 8, 33, 21, 27, 16, 25, 31, 32, 14, 9, 15, 17, 28, 13, 24, 35, 19, 1, 29, 23, 0, 22
17, 28, 8, 25, 23, 7, 9, 35, 0, 11, 30, 26, 32, 13, 6, 2, 10, 31, 12, 22, 14, 4, 5, 29, 21, 24, 27, 15, 34, 1, 19, 18, 16, 33, 3, 20
Pocket:
24, 9, 23, 27, 19, 29, 16, 5, 15, 11, 0, 32, 3, 21, 1, 13, 22, 8, 2, 12, 10, 25, 14, 20, 7, 30, 26, 28, 4, 18, 34, 17, 6, 31, 35, 33
3, 32, 31, 24, 12, 34, 11, 10, 1, 19, 16, 27, 0, 20, 7, 26, 35, 33, 21, 6, 25, 8, 22, 4, 30, 13, 18, 28, 15, 9, 23, 29, 2, 14, 17, 5
1, 19, 16, 32, 31, 8, 18, 34, 15, 29, 28, 17, 9, 11, 27, 3, 24, 2, 23, 33, 4, 30, 7, 5, 0, 22, 14, 25, 10, 21, 12, 35, 20, 6, 26, 13
15, 13, 24, 5, 8, 33, 34, 30, 7, 10, 0, 12, 3, 6, 25, 11, 20, 31, 18, 27, 16, 21, 2, 1, 28, 23, 4, 26, 19, 32, 35, 14, 9, 22, 29, 17
18, 20, 4, 34, 10, 11, 5, 2, 30, 26, 3, 7, 6, 12, 8, 33, 21, 27, 16, 25, 31, 32, 14, 9, 15, 17, 28, 13, 24, 35, 19, 1, 29, 23, 0, 22
27, 18, 22, 0, 11, 2, 9, 35, 16, 26, 30, 32, 28, 29, 14, 5, 23, 10, 20, 34, 21, 3, 8, 24, 7, 33, 17, 13, 1, 31, 25, 6, 19, 4, 12, 15
33, 29, 35, 14, 6, 17, 31, 5, 16, 3, 0, 30, 9, 15, 23, 12, 2, 28, 10, 13, 18, 26, 24, 25, 1, 4, 8, 22, 19, 32, 34, 21, 20, 11, 7, 27
0, 9, 18, 29, 15, 1, 23, 19, 17, 6, 34, 12, 8, 21, 11, 13, 7, 24, 4, 30, 5, 32, 25, 16, 28, 3, 27, 14, 35, 26, 10, 33, 22, 2, 31, 20
32, 33, 31, 10, 23, 29, 12, 9, 14, 1, 18, 3, 13, 7, 35, 15, 8, 5, 30, 21, 25, 0, 17, 34, 19, 28, 11, 27, 6, 2, 24, 26, 16, 20, 22, 4
19, 2, 16, 29, 9, 3, 20, 28, 12, 4, 8, 35, 18, 32, 34, 25, 24, 17, 11, 7, 0, 30, 27, 5, 22, 33, 21, 1, 26, 15, 6, 14, 13, 10, 23, 31
Pocket:
12, 7, 20, 10, 34, 30, 27, 3, 23, 33, 24, 14, 13, 11, 5, 22, 4, 32, 35, 29, 16, 19, 6, 17, 9, 25, 28, 1, 31, 26, 15, 21, 18, 2, 8, 0
14, 26, 27, 15, 16, 35, 29, 25, 24, 18, 21, 32, 22, 0, 17, 11, 20, 28, 5, 10, 2, 8, 23, 9, 7, 12, 33, 34, 1, 6, 4, 30, 19, 13, 31, 3
6, 30, 20, 26, 1, 32, 21, 33, 5, 29, 31, 19, 22, 17, 15, 24, 27, 10, 13, 34, 2, 0, 35, 28, 23, 3, 12, 11, 9, 8, 7, 14, 16, 18, 25, 4
22, 32, 11, 29, 23, 31, 33, 5, 27, 17, 26, 20, 24, 2, 13, 35, 12, 7, 9, 14, 0, 34, 3, 30, 19, 10, 25, 6, 1, 21, 16, 8, 4, 28, 18, 15
21, 17, 25, 16, 1, 33, 23, 18, 28, 7, 5, 0, 13, 3, 22, 4, 27, 26, 8, 31, 2, 9, 6, 10, 14, 30, 32, 19, 20, 24, 15, 12, 11, 35, 29, 34
23, 15, 35, 0, 2, 9, 25, 16, 31, 30, 19, 22, 18, 27, 26, 1, 4, 21, 11, 17, 34, 32, 8, 7, 3, 24, 20, 5, 14, 33, 28, 12, 10, 6, 13, 29
13, 20, 15, 5, 4, 22, 2, 33, 35, 7, 26, 21, 12, 10, 27, 8, 11, 28, 23, 0, 32, 14, 6, 30, 3, 17, 16, 1, 9, 19, 18, 25, 29, 31, 24, 34
5, 22, 1, 34, 27, 29, 17, 7, 24, 9, 23, 16, 8, 25, 35, 13, 12, 10, 15, 32, 18, 28, 26, 3, 4, 19, 20, 14, 2, 11, 6, 33, 0, 31, 30, 21
21, 11, 27, 5, 28, 34, 1, 17, 26, 2, 33, 10, 7, 18, 19, 6, 23, 9, 20, 13, 22, 4, 12, 0, 14, 32, 29, 15, 16, 24, 31, 30, 35, 3, 25, 8
29, 19, 24, 25, 4, 32, 10, 23, 6, 34, 9, 1, 28, 15, 7, 17, 16, 18, 8, 26, 27, 11, 0, 20, 21, 35, 5, 14, 12, 3, 22, 33, 13, 31, 30, 2
Pocket:
4, 0, 32, 5, 16, 12, 19, 21, 3, 17, 18, 24, 9, 33, 22, 25, 27, 30, 8, 26, 14, 10, 28, 15, 35, 1, 13, 6, 2, 11, 29, 7, 20, 31, 34, 23
26, 6, 23, 28, 24, 16, 8, 32, 34, 0, 30, 5, 31, 11, 14, 21, 12, 19, 9, 29, 18, 17, 1, 3, 25, 22, 10, 33, 27, 2, 13, 35, 20, 7, 4, 15
25, 18, 0, 11, 14, 26, 35, 7, 28, 24, 10, 4, 33, 21, 2, 23, 19, 32, 8, 16, 27, 20, 31, 12, 22, 34, 13, 9, 6, 17, 15, 29, 30, 3, 5, 1
20, 23, 17, 7, 15, 12, 22, 28, 21, 14, 33, 31, 6, 32, 18, 13, 26, 4, 10, 19, 27, 25, 34, 0, 16, 35, 5, 11, 29, 2, 9, 1, 3, 8, 24, 30
27, 3, 14, 18, 10, 8, 12, 16, 2, 29, 25, 11, 21, 24, 0, 22, 13, 30, 35, 4, 23, 7, 19, 1, 6, 5, 20, 33, 28, 15, 17, 26, 32, 34, 9, 31
32, 31, 23, 9, 0, 30, 19, 29, 6, 12, 13, 27, 26, 1, 24, 11, 18, 22, 33, 34, 15, 5, 20, 8, 17, 7, 14, 28, 2, 25, 4, 3, 10, 21, 35, 16
30, 12, 1, 19, 24, 33, 6, 27, 34, 5, 16, 13, 2, 3, 25, 29, 32, 14, 10, 20, 23, 4, 26, 9, 31, 0, 28, 8, 11, 35, 22, 7, 21, 15, 18, 17
34, 32, 17, 23, 14, 7, 26, 15, 31, 1, 22, 30, 5, 19, 20, 33, 3, 25, 24, 4, 29, 0, 13, 2, 12, 8, 27, 11, 10, 21, 6, 18, 35, 9, 28, 16
24, 7, 28, 16, 8, 5, 1, 6, 12, 32, 34, 2, 30, 22, 23, 15, 25, 13, 14, 26, 9, 31, 35, 21, 10, 3, 18, 33, 29, 17, 19, 4, 0, 20, 27, 11
34, 14, 10, 8, 6, 1, 5, 35, 2, 30, 33, 18, 9, 26, 27, 17, 16, 28, 7, 15, 32, 11, 31, 13, 0, 25, 24, 3, 20, 22, 4, 23, 29, 19, 12, 21
Pocket:
9, 12, 4, 8, 13, 28, 31, 35, 21, 17, 25, 6, 20, 7, 3, 14, 22, 30, 2, 15, 19, 29, 33, 32, 5, 0, 16, 11, 34, 26, 27, 10, 18, 23, 24, 1
30, 5, 15, 35, 4, 23, 22, 3, 1, 0, 9, 2, 19, 13, 18, 29, 34, 10, 11, 17, 21, 6, 32, 33, 7, 31, 12, 16, 20, 28, 24, 27, 25, 8, 14, 26
27, 33, 10, 2, 17, 31, 23, 32, 14, 21, 12, 26, 30, 5, 9, 0, 7, 29, 20, 16, 35, 11, 15, 3, 28, 1, 6, 18, 34, 4, 19, 8, 24, 25, 13, 22
1, 19, 15, 2, 34, 24, 9, 25, 7, 0, 28, 6, 35, 26, 31, 14, 32, 30, 13, 8, 4, 5, 21, 16, 29, 12, 33, 11, 22, 23, 20, 27, 17, 10, 18, 3
6, 34, 8, 24, 35, 31, 0, 3, 18, 4, 14, 11, 7, 25, 19, 1, 30, 15, 20, 28, 32, 5, 26, 9, 10, 21, 2, 16, 29, 12, 33, 22, 13, 23, 27, 17
11, 24, 4, 30, 20, 19, 16, 12, 26, 28, 18, 29, 32, 25, 13, 8, 33, 21, 6, 34, 0, 15, 2, 23, 35, 1, 9, 7, 5, 31, 17, 10, 27, 3, 14, 22
20, 4, 14, 19, 3, 8, 1, 25, 0, 12, 26, 33, 7, 31, 23, 13, 24, 34, 28, 5, 16, 17, 10, 9, 29, 30, 32, 15, 35, 2, 21, 18, 11, 27, 22, 6
31, 34, 13, 27, 12, 18, 9, 20, 4, 32, 7, 8, 21, 26, 10, 5, 14, 25, 22, 0, 6, 17, 29, 15, 2, 23, 1, 35, 33, 24, 3, 28, 16, 19, 11, 30
12, 7, 10, 17, 31, 33, 23, 18, 0, 4, 29, 6, 26, 15, 19, 30, 1, 28, 2, 34, 3, 11, 21, 14, 27, 16, 9, 35, 8, 20, 24, 13, 22, 5, 25, 32
22, 26, 24, 33, 28, 5, 15, 23, 20, 16, 9, 32, 18, 7, 1, 34, 6, 19, 25, 0, 14, 27, 12, 31, 8, 35, 29, 4, 10, 11, 30, 13, 17, 2, 21, 3
Pocket:
14, 24, 11, 3, 23, 34, 6, 22, 29, 28, 17, 21, 26, 9, 7, 0, 15, 32, 33, 8, 27, 1, 20, 35, 13, 25, 2, 18, 4, 10, 5, 16, 30, 31, 19, 12
15, 31, 2, 18, 8, 0, 6, 28, 25, 14, 3, 10, 35, 19, 5, 7, 24, 1, 21, 13, 12, 17, 27, 22, 32, 33, 16, 4, 9, 30, 20, 26, 29, 34, 23, 11
12, 29, 20, 0, 31, 27, 10, 34, 26, 33, 30, 28, 16, 7, 32, 19, 6, 35, 11, 21, 22, 25, 8, 18, 1, 14, 13, 9, 23, 4, 3, 24, 15, 2, 17, 5
0, 32, 26, 23, 21, 4, 15, 31, 1, 16, 12, 9, 18, 11, 29, 10, 17, 24, 30, 6, 25, 8, 35, 2, 5, 22, 19, 3, 20, 27, 14, 13, 7, 33, 34, 28
23, 25, 1, 8, 27, 7, 30, 2, 6, 33, 21, 12, 5, 20, 34, 19, 31, 17, 4, 14, 22, 10, 16, 15, 28, 3, 35, 26, 24, 29, 9, 13, 32, 0, 18, 11
20, 21, 15, 4, 33, 7, 34, 26, 22, 28, 2, 3, 23, 10, 24, 31, 14, 1, 35, 16, 29, 8, 32, 11, 30, 25, 6, 27, 18, 0, 17, 19, 12, 5, 13, 9
24, 3, 17, 8, 27, 9, 11, 12, 21, 1, 29, 30, 6, 7, 22, 16, 13, 2, 33, 5, 15, 10, 18, 20, 28, 35, 14, 32, 34, 4, 0, 19, 25, 31, 23, 26
34, 1, 32, 26, 9, 23, 20, 35, 6, 31, 8, 29, 4, 18, 0, 15, 2, 3, 30, 33, 12, 5, 28, 25, 7, 27, 11, 21, 16, 10, 19, 22, 13, 24, 14, 17
16, 0, 29, 1, 11, 31, 35, 25, 21, 34, 17, 9, 15, 33, 7, 10, 12, 6, 26, 4, 19, 30, 23, 14, 27, 13, 8, 3, 2, 32, 20, 22, 24, 28, 18, 5
9, 34, 31, 20, 7, 16, 27, 12, 11, 18, 21, 26, 4, 32, 22, 15, 14, 19, 1, 13, 17, 25, 24, 2, 3, 0, 30, 33, 23, 10, 29, 35, 28, 6, 8, 5
Pocket:
20, 0, 17, 24, 25, 35, 3, 27, 13, 30, 22, 8, 33, 29, 10, 26, 5, 32, 19, 31, 16, 15, 14, 9, 34, 21, 7, 1, 23, 12, 6, 28, 4, 2, 18, 11
2, 34, 7, 18, 19, 11, 20, 31, 27, 25, 21, 14, 3, 26, 28, 12, 24, 29, 9, 0, 32, 23, 10, 15, 35, 22, 1, 13, 4, 8, 16, 6, 5, 17, 30, 33
16, 5, 9, 6, 4, 27, 15, 14, 2, 7, 24, 20, 35, 32, 34, 11, 26, 25, 1, 10, 0, 23, 12, 13, 3, 29, 18, 31, 8, 22, 30, 19, 28, 21, 17, 33
17, 26, 29, 27, 9, 28, 4, 14, 12, 16, 7, 5, 10, 6, 23, 13, 25, 15, 33, 21, 32, 2, 24, 19, 34, 30, 31, 8, 20, 35, 0, 18, 1, 22, 11, 3
7, 6, 30, 25, 35, 0, 17, 20, 31, 12, 15, 34, 14, 10, 4, 13, 33, 21, 22, 24, 28, 18, 1, 2, 3, 16, 23, 26, 27, 9, 5, 11, 19, 29, 8, 32
7, 25, 26, 34, 30, 20, 27, 33, 35, 9, 12, 0, 28, 22, 15, 4, 31, 23, 32, 19, 14, 3, 17, 2, 10, 13, 11, 8, 6, 21, 18, 16, 29, 24, 1, 5
31, 20, 28, 30, 6, 19, 15, 0, 12, 10, 26, 14, 8, 33, 13, 29, 25, 27, 11, 18, 34, 32, 16, 35, 9, 7, 5, 23, 24, 4, 22, 21, 17, 1, 3, 2
11, 27, 23, 35, 28, 8, 29, 12, 13, 22, 17, 34, 9, 30, 31, 6, 14, 20, 26, 19, 21, 3, 25, 16, 32, 33, 4, 7, 15, 24, 2, 0, 18, 1, 10, 5
25, 35, 2, 0, 15, 30, 14, 31, 17, 4, 12, 9, 32, 1, 28, 24, 26, 29, 10, 6, 5, 11, 27, 3, 33, 19, 13, 20, 7, 18, 34, 16, 23, 21, 8, 22
3, 28, 15, 14, 20, 32, 31, 8, 1, 16, 13, 5, 11, 2, 12, 9, 17, 35, 22, 33, 26, 23, 18, 27, 25, 19, 0, 29, 30, 24, 6, 7, 21, 10, 4, 34
Pocket:
14, 18, 20, 16, 3, 25, 5, 31, 4, 32, 2, 34, 17, 6, 21, 26, 0, 12, 22, 13, 7, 15, 27, 11, 1, 33, 30, 24, 10, 23, 29, 8, 19, 9, 28, 35
12, 35, 7, 23, 31, 22, 17, 24, 0, 10, 1, 8, 27, 9, 33, 16, 32, 30, 2, 4, 29, 25, 6, 26, 5, 34, 19, 28, 18, 15, 21, 20, 3, 11, 14, 13
20, 8, 19, 10, 13, 22, 26, 34, 5, 0, 2, 27, 33, 12, 35, 32, 15, 29, 28, 17, 25, 30, 3, 9, 16, 7, 23, 24, 18, 11, 31, 6, 1, 14, 21, 4
22, 17, 1, 13, 6, 15, 3, 35, 4, 23, 10, 12, 19, 31, 8, 18, 2, 7, 14, 30, 34, 33, 11, 25, 21, 16, 20, 29, 28, 5, 9, 24, 27, 0, 26, 32
14, 21, 5, 8, 28, 26, 27, 16, 12, 23, 7, 4, 9, 33, 24, 10, 0, 35, 11, 34, 32, 31, 29, 25, 3, 22, 18, 6, 1, 2, 20, 13, 19, 15, 30, 17
13, 1, 32, 7, 16, 14, 0, 26, 12, 11, 21, 9, 4, 30, 29, 22, 15, 24, 34, 20, 5, 33, 2, 25, 8, 19, 18, 27, 23, 10, 31, 35, 17, 3, 28, 6
26, 7, 29, 19, 10, 25, 34, 15, 27, 20, 6, 8, 2, 17, 23, 11, 1, 32, 9, 14, 5, 4, 28, 33, 16, 0, 18, 31, 21, 12, 22, 3, 13, 30, 35, 24
6, 26, 21, 23, 5, 7, 20, 2, 11, 25, 18, 0, 19, 10, 28, 24, 35, 13, 33, 15, 32, 17, 1, 8, 4, 9, 22, 3, 27, 34, 16, 14, 29, 30, 31, 12
6, 27, 15, 26, 28, 35, 14, 10, 18, 5, 3, 29, 24, 30, 8, 0, 34, 25, 2, 1, 16, 23, 7, 13, 9, 12, 19, 21, 17, 20, 32, 33, 22, 11, 31, 4
33, 35, 20, 1, 6, 24, 9, 7, 15, 28, 26, 5, 0, 19, 25, 4, 29, 12, 23, 18, 10, 14, 17, 31, 32, 21, 22, 8, 2, 16, 3, 11, 13, 30, 27, 34
Pocket:
6, 33, 23, 26, 4, 32, 1, 7, 22, 8, 0, 9, 28, 11, 25, 15, 3, 14, 12, 24, 5, 20, 34, 27, 21, 35, 10, 2, 17, 29, 13, 19, 18, 30, 16, 31
2, 22, 13, 31, 29, 21, 6, 18, 3, 9, 8, 26, 30, 0, 5, 24, 33, 10, 12, 4, 15, 14, 27, 25, 16, 7, 35, 11, 1, 23, 19, 28, 34, 17, 20, 32
8, 18, 7, 30, 16, 17, 14, 9, 21, 33, 13, 12, 10, 23, 5, 3, 24, 32, 2, 27, 6, 15, 0, 28, 11, 1, 29, 26, 4, 31, 35, 20, 34, 25, 19, 22
14, 23, 12, 6, 30, 7, 16, 22, 21, 15, 26, 3, 9, 5, 2, 33, 27, 13, 32, 31, 0, 11, 20, 8, 35, 19, 34, 28, 29, 18, 24, 17, 4, 25, 10, 1
3, 32, 0, 22, 21, 24, 31, 8, 17, 25, 23, 9, 19, 33, 34, 26, 6, 2, 10, 11, 4, 14, 16, 1, 29, 12, 15, 30, 5, 18, 27, 13, 20, 28, 35, 7
28, 2, 15, 13, 7, 23, 29, 35, 0, 26, 20, 21, 8, 18, 34, 5, 33, 32, 11, 10, 24, 3, 30, 14, 25, 19, 16, 1, 17, 31, 6, 22, 9, 27, 4, 12
8, 16, 7, 21, 10, 1, 4, 35, 13, 22, 34, 28, 0, 26, 6, 9, 15, 11, 5, 12, 24, 14, 3, 31, 20, 27, 2, 30, 32, 33, 18, 25, 29, 23, 19, 17
31, 21, 8, 15, 14, 6, 20, 30, 17, 5, 10, 1, 9, 11, 7, 25, 22, 19, 27, 0, 28, 29, 12, 3, 24, 4, 13, 33, 26, 34, 35, 2, 16, 18, 23, 32
24, 12, 16, 19, 6, 22, 29, 11, 32, 3, 21, 1, 9, 33, 7, 5, 20, 13, 31, 25, 4, 27, 8, 28, 26, 18, 23, 0, 34, 17, 15, 14, 2, 35, 30, 10
9, 8, 30, 1, 7, 13, 31, 20, 27, 18, 6, 35, 14, 4, 28, 2, 17, 12, 21, 11, 15, 16, 10, 33, 23, 0, 5, 32, 25, 26, 3, 29, 24, 22, 19, 34
Pocket:
3, 11, 12, 10, 28, 4, 23, 25, 31, 22, 16, 20, 27, 13, 21, 17, 2, 33, 34, 26, 24, 8, 32, 6, 29, 1, 30, 0, 14, 15, 19, 9, 35, 18, 5, 7
0, 31, 1, 25, 27, 20, 17, 4, 22, 2, 3, 9, 33, 34, 14, 11, 26, 29, 18, 7, 6, 28, 13, 10, 15, 12, 19, 32, 16, 21, 35, 24, 5, 8, 23, 30
5, 14, 24, 2, 15, 3, 28, 31, 12, 18, 34, 26, 4, 1, 21, 0, 13, 33, 17, 32, 29, 25, 22, 9, 19, 10, 30, 16, 23, 20, 7, 6, 35, 11, 27, 8
28, 33, 18, 11, 16, 25, 34, 1, 29, 27, 13, 5, 32, 12, 30, 35, 23, 9, 7, 31, 6, 2, 19, 21, 20, 10, 17, 8, 24, 0, 4, 14, 3, 26, 22, 15
5, 18, 26, 25, 20, 11, 22, 9, 2, 13, 10, 0, 32, 34, 21, 14, 23, 28, 33, 19, 24, 6, 12, 27, 29, 7, 3, 35, 8, 17, 31, 1, 30, 16, 4, 15
7, 5, 3, 19, 24, 22, 6, 20, 9, 2, 25, 4, 12, 26, 10, 18, 29, 34, 0, 11, 28, 8, 32, 33, 21, 16, 1, 15, 31, 23, 13, 30, 14, 27, 17, 35
20, 3, 6, 21, 10, 7, 0, 25, 15, 34, 35, 2, 31, 8, 16, 29, 23, 4, 5, 13, 26, 33, 11, 27, 24, 12, 1, 18, 9, 17, 32, 28, 19, 22, 30, 14
9, 31, 21, 2, 17, 23, 22, 5, 0, 33, 20, 18, 6, 27, 25, 4, 32, 28, 10, 26, 19, 7, 35, 15, 12, 13, 11, 3, 24, 1, 30, 34, 8, 14, 16, 29
17, 14, 2, 34, 23, 10, 26, 22, 8, 21, 13, 33, 18, 30, 1, 16, 20, 31, 24, 19, 6, 4, 28, 35, 9, 25, 7, 11, 29, 0, 27, 15, 3, 32, 12, 5
18, 12, 10, 9, 4, 16, 6, 8, 27, 26, 25, 0, 35, 33, 30, 3, 1, 28, 34, 22, 21, 17, 23, 14, 24, 7, 13, 20, 29, 15, 32, 19, 31, 5, 11, 2
Pocket:
17, 19, 11, 30, 24, 34, 6, 20, 10, 2, 33, 35, 31, 27, 7, 18, 23, 29, 15, 16, 21, 9, 12, 32, 0, 8, 26, 14, 1, 5, 3, 13, 22, 25, 4, 28
6, 5, 15, 2, 16, 23, 24, 12, 35, 11, 28, 21, 25, 29, 33, 20, 34, 10, 27, 32, 31, 18, 19, 7, 4, 3, 26, 30, 1, 14, 0, 22, 9, 13, 17, 8
24, 17, 29, 18, 6, 22, 21, 9, 32, 12, 28, 1, 16, 27, 34, 13, 3, 35, 0, 14, 26, 33, 31, 7, 23, 19, 25, 8, 11, 5, 10, 4, 2, 20, 15, 30
23, 8, 3, 13, 7, 31, 0, 30, 12, 14, 15, 29, 26, 16, 4, 6, 28, 11, 33, 32, 18, 17, 22, 1, 5, 35, 2, 24, 20, 27, 19, 25, 21, 10, 34, 9
27, 34, 7, 20, 26, 33, 24, 31, 14, 32, 16, 30, 10, 8, 22, 19, 23, 13, 1, 18, 17, 21, 2, 28, 15, 35, 6, 3, 29, 25, 12, 4, 5, 9, 11, 0
9, 17, 26, 8, 6, 14, 21, 5, 20, 10, 27, 16, 31, 4, 0, 22, 15, 12, 24, 25, 19, 29, 32, 35, 11, 30, 34, 3, 2, 33, 7, 28, 1, 13, 18, 23
16, 13, 1, 12, 8, 25, 27, 33, 29, 32, 6, 18, 7, 21, 4, 10, 15, 3, 26, 23, 17, 22, 30, 14, 2, 9, 20, 34, 24, 35, 31, 11, 28, 5, 19, 0
24, 14, 28, 12, 34, 33, 15, 30, 1, 20, 0, 25, 2, 16, 13, 18, 10, 29, 27, 19, 8, 7, 3, 21, 9, 23, 32, 17, 4, 11, 5, 6, 35, 31, 22, 26
33, 1, 18, 17, 32, 25, 20, 10, 11, 7, 19, 3, 9, 31, 4, 22, 28, 26, 35, 24, 29, 16, 23, 2, 34, 27, 5, 14, 6, 30, 15, 0, 21, 12, 8, 13
7, 2, 31, 20, 14, 32, 3, 8, 9, 25, 19, 6, 18, 23, 5, 10, 26, 27, 17, 13, 30, 1, 35, 33, 22, 4, 15, 0, 16, 28, 21, 24, 12, 29, 34, 11
Pocket:
22, 8, 20, 26, 2, 25, 16, 28, 10, 4, 29, 21, 0, 24, 18, 33, 1, 35, 15, 30, 27, 31, 3, 11, 12, 32, 19, 6, 17, 5, 23, 9, 7, 14, 34, 13
4, 3, 1, 2, 23, 35, 9, 25, 26, 11, 5, 20, 32, 12, 17, 13, 33, 27, 7, 14, 21, 18, 30, 29, 19, 16, 34, 0, 31, 10, 8, 6, 15, 24, 22, 28
25, 14, 0, 35, 23, 32, 4, 24, 29, 10, 30, 11, 17, 26, 34, 1, 15, 6, 5, 12, 19, 3, 16, 9, 28, 33, 27, 22, 21, 31, 7, 18, 13, 8, 2, 20
26, 9, 21, 25, 6, 34, 18, 24, 2, 16, 8, 23, 20, 27, 14, 17, 30, 19, 15, 31, 0, 7, 5, 12, 1, 22, 32, 4, 29, 11, 33, 35, 10, 3, 13, 28
13, 25, 4, 9, 15, 26, 23, 21, 29, 27, 33, 28, 3, 32, 35, 7, 22, 0, 5, 17, 24, 34, 10, 16, 12, 19, 1, 20, 8, 6, 11, 2, 31, 14, 30, 18
13, 10, 3, 12, 17, 2, 26, 27, 15, 24, 35, 5, 31, 4, 18, 25, 32, 1, 28, 33, 7, 11, 16, 23, 29, 9, 21, 0, 30, 22, 19, 6, 8, 14, 34, 20
24, 8, 17, 28, 26, 31, 4, 20, 29, 32, 6, 30, 35, 19, 13, 1, 0, 5, 25, 3, 9, 16, 22, 15, 14, 7, 18, 11, 21, 23, 2, 27, 34, 33, 12, 10
27, 4, 35, 18, 10, 21, 20, 25, 33, 22, 32, 30, 26, 24, 17, 16, 9, 7, 28, 1, 34, 19, 5, 6, 3, 12, 14, 23, 29, 11, 0, 15, 2, 13, 31, 8
24, 1, 3, 29, 20, 15, 35, 22, 18, 16, 2, 7, 19, 34, 10, 0, 33, 31, 27, 6, 17, 4, 5, 9, 14, 26, 23, 8, 25, 28, 11, 21, 32, 12, 13, 30
12, 11, 22, 23, 0, 30, 4, 33, 29, 15, 24, 32, 21, 10, 9, 34, 27, 2, 7, 31, 16, 35, 6, 13, 25, 19, 14, 1, 3, 26, 28, 18, 17, 5, 8, 20
Pocket:
24, 29, 22, 21, 8, 27, 35, 16, 14, 6, 10, 20, 17, 33, 7, 2, 28, 30, 0, 11, 1, 15, 25, 18, 23, 26, 4, 31, 32, 9, 13, 12, 34, 5, 3, 19
13, 34, 8, 14, 21, 15, 4, 0, 16, 3, 20, 25, 17, 35, 29, 10, 24, 7, 27, 31, 18, 19, 5, 2, 30, 32, 26, 11, 6, 22, 12, 33, 1, 9, 28, 23
31, 32, 29, 15, 9, 22, 6, 4, 33, 7, 34, 2, 21, 11, 8, 25, 10, 12, 5, 14, 27, 26, 0, 1, 19, 20, 23, 24, 3, 35, 30, 28, 16, 13, 18, 17
34, 24, 13, 18, 16, 8, 20, 12, 25, 29, 7, 27, 17, 1, 9, 6, 21, 0, 31, 5, 15, 23, 28, 19, 32, 2, 35, 30, 26, 3, 10, 11, 33, 22, 14, 4
11, 33, 28, 21, 26, 32, 13, 29, 1, 22, 6, 24, 0, 30, 25, 4, 8, 7, 18, 27, 31, 3, 17, 14, 12, 15, 34, 5, 19, 35, 16, 2, 23, 10, 9, 20
3, 25, 26, 11, 13, 34, 4, 9, 19, 35, 8, 0, 21, 16, 27, 12, 18, 6, 2, 29, 15, 1, 22, 32, 5, 31, 30, 28, 17, 24, 20, 33, 10, 14, 23, 7
18, 31, 0, 16, 19, 11, 30, 13, 9, 2, 35, 20, 22, 26, 8, 33, 3, 24, 29, 25, 15, 10, 21, 5, 7, 4, 32, 6, 14, 34, 28, 23, 27, 12, 1, 17
15, 11, 13, 20, 34, 23, 10, 19, 16, 7, 24, 14, 17, 2, 30, 27, 29, 33, 12, 18, 0, 25, 21, 4, 8, 5, 1, 32, 22, 3, 9, 6, 26, 31, 35, 28
8, 6, 27, 15, 5, 13, 34, 30, 1, 21, 17, 11, 35, 32, 31, 18, 7, 22, 14, 24, 0, 20, 4, 2, 16, 9, 19, 10, 33, 25, 23, 29, 12, 26, 3, 28
17, 34, 26, 32, 29, 33, 5, 27, 7, 11, 0, 13, 8, 28, 9, 3, 35, 23, 12, 19, 15, 31, 24, 18, 20, 2, 25, 14, 6, 16, 10, 21, 22, 4, 30, 1