Pocket:
10, 14, 15, 28, 20, 16, 4, 33, 31, 11, 27, 12, 5, 8, 18, 34, 21, 1, 6, 22, 29, 25, 2, 13, 26, 24, 32, 30, 0, 19, 7, 9, 3, 35, 23, 17
14, 28, 30, 18, 3, 24, 16, 35, 6, 32, 0, 26, 22, 34, 15, 4, 8, 17, 31, 23, 20, 21, 33, 13, 1, 2, 9, 27, 12, 29, 11, 19, 25, 7, 10, 5
12, 19, 0, 26, 33, 9, 1, 24, 7, 15, 34, 28, 35, 22, 5, 16, 18, 21, 27, 20, 29, 17, 13, 8, 10, 11, 2, 4, 30, 25, 6, 31, 14, 32, 23, 3
3, 15, 0, 32, 26, 11, 7, 33, 31, 14, 12, 9, 4, 10, 13, 16, 19, 35, 22, 23, 29, 28, 6, 27, 2, 34, 17, 8, 24, 25, 1, 30, 5, 18, 21, 20
32, 8, 21, 31, 2, 23, 17, 13, 10, 14, 25, 9, 26, 0, 35, 11, 4, 7, 1, 30, 28, 16, 27, 20, 22, 12, 5, 6, 18, 19, 3, 15, 24, 34, 29, 33
19, 33, 8, 10, 20, 15, 28, 7, 29, 32, 12, 4, 21, 23, 24, 34, 0, 18, 9, 17, 11, 13, 22, 26, 27, 14, 16, 2, 31, 1, 3, 25, 35, 30, 6, 5
20, 34, 19, 7, 29, 33, 9, 8, 15, 6, 25, 24, 1, 12, 4, 30, 32, 27, 22, 26, 14, 16, 3, 11, 13, 0, 31, 23, 35, 21, 17, 10, 28, 18, 5, 2
1, 8, 13, 11, 25, 27, 21, 3, 22, 20, 17, 31, 10, 18, 2, 29, 9, 33, 14, 28, 34, 0, 16, 26, 6, 19, 7, 35, 12, 23, 5, 4, 32, 30, 15, 24
21, 28, 4, 34, 2, 32, 18, 15, 5, 16, 27, 14, 29, 9, 26, 17, 1, 3, 31, 30, 0, 22, 12, 10, 23, 7, 8, 25, 20, 24, 35, 19, 6, 11, 13, 33
15, 2, 34, 13, 35, 31, 25, 27, 7, 24, 0, 12, 32, 29, 33, 16, 4, 5, 20, 30, 23, 18, 26, 28, 1, 19, 22, 6, 10, 17, 11, 9, 8, 3, 14, 21
Pocket:
21, 20, 30, 35, 14, 29, 27, 4, 1, 15, 7, 16, 22, 17, 5, 28, 0, 3, 13, 26, 2, 18, 32, 10, 33, 11, 24, 25, 23, 8, 34, 19, 6, 31, 9, 12
16, 28, 26, 27, 2, 21, 35, 22, 8, 25, 0, 33, 7, 10, 11, 12, 13, 14, 29, 24, 5, 6, 4, 32, 18, 9, 1, 23, 19, 31, 20, 3, 34, 15, 17, 30
29, 10, 35, 15, 8, 26, 30, 2, 33, 14, 21, 32, 4, 34, 7, 5, 25, 22, 24, 6, 19, 28, 31, 23, 17, 12, 16, 0, 27, 3, 18, 9, 11, 13, 20, 1
8, 26, 31, 28, 19, 4, 7, 20, 18, 34, 9, 10, 3, 21, 25, 1, 29, 6, 14, 35, 2, 16, 12, 5, 27, 11, 17, 24, 33, 23, 15, 13, 0, 30, 32, 22
15, 4, 7, 26, 16, 17, 9, 2, 8, 32, 22, 6, 3, 5, 31, 34, 24, 14, 10, 33, 18, 20, 12, 11, 35, 25, 0, 28, 19, 1, 21, 13, 23, 30, 27, 29
3, 15, 0, 32, 26, 11, 7, 33, 31, 14, 12, 9, 4, 10, 13, 16, 19, 35, 22, 23, 29, 28, 6, 27, 2, 34, 17, 8, 24, 25, 1, 30, 5, 18, 21, 20
24, 0, 6, 2, 32, 26, 35, 3, 9, 34, 1, 13, 20, 7, 4, 22, 27, 28, 33, 5, 18, 23, 30, 16, 12, 14, 21, 19, 25, 29, 17, 11, 31, 8, 15, 10
5, 19, 1, 7, 17, 15, 25, 27, 8, 21, 29, 31, 33, 4, 34, 28, 2, 18, 14, 3, 32, 0, 12, 22, 26, 23, 9, 35, 16, 20, 24, 13, 30, 6, 10, 11
0, 17, 22, 2, 20, 7, 31, 6, 21, 8, 30, 12, 9, 25, 27, 11, 23, 5, 33, 34, 1, 18, 35, 32, 10, 13, 24, 15, 19, 14, 3, 16, 29, 26, 4, 28
23, 24, 34, 33, 32, 12, 9, 14, 6, 27, 28, 0, 19, 13, 10, 1, 16, 20, 35, 31, 21, 30, 2, 18, 26, 29, 22, 11, 5, 17, 15, 4, 7, 25, 8, 3
Pocket:
19, 21, 35, 11, 26, 31, 29, 9, 32, 34, 16, 18, 4, 27, 22, 0, 25, 33, 5, 1, 3, 28, 17, 14, 2, 15, 12, 7, 13, 20, 8, 30, 6, 24, 23, 10
15, 24, 18, 19, 33, 29, 3, 32, 20, 34, 17, 35, 1, 9, 10, 11, 14, 31, 16, 27, 4, 22, 30, 28, 6, 2, 0, 25, 12, 13, 26, 23, 7, 5, 8, 21
20, 34, 19, 7, 29, 33, 9, 8, 15, 6, 25, 24, 1, 12, 4, 30, 32, 27, 22, 26, 14, 16, 3, 11, 13, 0, 31, 23, 35, 21, 17, 10, 28, 18, 5, 2
17, 32, 35, 11, 8, 28, 12, 4, 30, 19, 16, 14, 33, 29, 23, 10, 15, 34, 13, 20, 18, 3, 24, 1, 5, 2, 25, 7, 22, 31, 27, 26, 21, 0, 6, 9
30, 1, 12, 35, 17, 31, 11, 3, 25, 29, 28, 8, 32, 0, 21, 18, 6, 13, 33, 2, 23, 22, 26, 19, 16, 5, 9, 34, 4, 24, 27, 14, 15, 7, 20, 10
12, 30, 25, 4, 21, 7, 6, 35, 34, 32, 27, 17, 1, 28, 10, 23, 15, 33, 20, 8, 5, 16, 0, 22, 19, 24, 14, 18, 9, 26, 31, 2, 29, 11, 13, 3
32, 1, 22, 33, 3, 30, 8, 4, 5, 10, 29, 7, 17, 35, 19, 6, 14, 15, 26, 23, 16, 24, 12, 21, 18, 0, 2, 20, 28, 27, 11, 13, 25, 31, 34, 9
24, 26, 27, 20, 21, 13, 3, 22, 0, 14, 9, 25, 33, 4, 28, 30, 19, 31, 8, 11, 35, 5, 16, 29, 10, 34, 23, 12, 17, 15, 1, 7, 32, 6, 18, 2
20, 3, 15, 5, 7, 9, 19, 24, 30, 4, 16, 6, 0, 1, 33, 12, 26, 11, 10, 28, 21, 22, 18, 8, 13, 27, 2, 31, 25, 35, 32, 34, 29, 17, 14, 23
9, 20, 23, 30, 3, 26, 1, 12, 34, 19, 35, 16, 6, 29, 13, 27, 33, 0, 5, 18, 10, 31, 7, 24, 21, 8, 2, 25, 11, 4, 15, 32, 22, 28, 17, 14
Pocket:
10, 14, 15, 28, 20, 16, 4, 33, 31, 11, 27, 12, 5, 8, 18, 34, 21, 1, 6, 22, 29, 25, 2, 13, 26, 24, 32, 30, 0, 19, 7, 9, 3, 35, 23, 17
34, 15, 13, 5, 30, 10, 35, 12, 27, 8, 7, 17, 3, 20, 29, 21, 16, 18, 11, 9, 33, 28, 23, 0, 6, 25, 4, 24, 31, 14, 1, 26, 32, 19, 2, 22
26, 3, 28, 25, 0, 30, 35, 31, 9, 6, 14, 4, 23, 34, 10, 13, 7, 19, 17, 32, 15, 22, 29, 33, 1, 11, 8, 24, 2, 21, 27, 20, 18, 5, 12, 16
2, 3, 35, 13, 25, 33, 15, 22, 24, 27, 20, 9, 26, 11, 12, 16, 32, 28, 34, 31, 0, 30, 6, 17, 5, 19, 8, 14, 23, 29, 21, 1, 7, 18, 10, 4
17, 26, 34, 5, 27, 12, 35, 0, 15, 14, 2, 30, 10, 11, 7, 6, 4, 25, 33, 28, 31, 3, 22, 8, 9, 18, 1, 13, 24, 19, 29, 23, 20, 21, 16, 32
30, 32, 24, 5, 26, 6, 13, 28, 11, 20, 19, 29, 16, 8, 18, 7, 21, 22, 34, 27, 14, 3, 2, 10, 35, 25, 1, 33, 17, 15, 23, 12, 9, 0, 4, 31
9, 31, 10, 28, 21, 7, 22, 19, 2, 32, 29, 35, 14, 16, 4, 26, 15, 13, 8, 1, 18, 5, 34, 24, 23, 30, 6, 27, 11, 12, 3, 17, 25, 20, 33, 0
24, 23, 12, 30, 21, 31, 3, 10, 0, 35, 1, 32, 9, 4, 16, 5, 34, 17, 11, 28, 15, 14, 27, 22, 20, 8, 29, 18, 25, 33, 13, 2, 6, 26, 7, 19
26, 9, 33, 30, 27, 2, 3, 18, 1, 10, 16, 0, 29, 25, 35, 20, 32, 11, 19, 6, 4, 5, 7, 24, 13, 15, 14, 17, 21, 34, 22, 23, 8, 12, 31, 28
19, 17, 13, 14, 11, 8, 18, 2, 0, 4, 31, 5, 23, 9, 30, 1, 12, 27, 16, 7, 35, 20, 32, 34, 26, 15, 33, 25, 21, 29, 3, 6, 10, 24, 28, 22
Pocket:
7, 35, 27, 20, 26, 5, 4, 8, 12, 1, 9, 2, 3, 19, 13, 18, 30, 25, 34, 6, 31, 32, 14, 23, 0, 11, 21, 15, 10, 29, 22, 16, 28, 24, 33, 17
21, 32, 2, 12, 0, 16, 29, 24, 23, 28, 13, 22, 7, 5, 6, 30, 10, 8, 1, 34, 11, 19, 3, 20, 27, 9, 17, 25, 14, 35, 15, 31, 33, 26, 4, 18
2, 22, 15, 6, 27, 32, 12, 35, 20, 19, 24, 4, 18, 7, 16, 5, 3, 23, 25, 30, 28, 1, 21, 26, 0, 13, 8, 29, 17, 33, 34, 10, 11, 14, 31, 9
7, 2, 27, 30, 18, 26, 28, 13, 34, 29, 0, 35, 15, 8, 4, 22, 33, 25, 5, 23, 17, 6, 21, 12, 16, 9, 1, 14, 11, 31, 32, 20, 24, 19, 3, 10
23, 6, 0, 33, 4, 11, 2, 14, 29, 22, 18, 3, 19, 35, 26, 30, 12, 28, 15, 10, 21, 27, 20, 25, 7, 8, 34, 17, 31, 16, 9, 24, 5, 13, 32, 1
19, 3, 6, 23, 1, 30, 34, 27, 35, 0, 14, 10, 31, 21, 5, 2, 24, 18, 15, 25, 26, 28, 13, 33, 8, 32, 22, 12, 29, 20, 11, 7, 17, 4, 16, 9
24, 16, 26, 32, 21, 7, 19, 9, 1, 2, 20, 13, 30, 6, 25, 5, 17, 12, 22, 35, 15, 27, 14, 18, 4, 3, 23, 0, 10, 28, 33, 8, 34, 11, 29, 31
24, 23, 4, 7, 5, 10, 30, 21, 1, 17, 12, 3, 2, 35, 14, 19, 0, 25, 15, 11, 13, 9, 18, 6, 20, 28, 34, 26, 29, 27, 33, 22, 32, 8, 16, 31
16, 33, 2, 27, 17, 10, 23, 21, 13, 35, 18, 4, 9, 11, 24, 19, 22, 20, 26, 25, 5, 29, 12, 28, 0, 14, 31, 8, 34, 6, 7, 30, 1, 15, 3, 32
23, 5, 17, 22, 9, 4, 7, 33, 16, 18, 30, 31, 21, 1, 15, 19, 24, 11, 0, 20, 34, 8, 12, 6, 29, 13, 2, 10, 35, 25, 28, 32, 27, 3, 26, 14
Pocket:
20, 2, 29, 1, 13, 24, 34, 21, 6, 31, 9, 33, 11, 10, 8, 0, 25, 7, 18, 15, 32, 27, 30, 26, 12, 4, 23, 3, 14, 17, 35, 28, 5, 16, 19, 22
23, 33, 22, 24, 30, 0, 8, 11, 18, 5, 26, 32, 27, 13, 25, 20, 19, 12, 6, 34, 2, 16, 3, 21, 7, 10, 1, 15, 14, 31, 28, 29, 17, 4, 9, 35
28, 9, 8, 35, 14, 1, 31, 17, 33, 27, 21, 2, 12, 0, 13, 16, 10, 19, 5, 18, 22, 32, 15, 24, 34, 7, 4, 6, 23, 29, 11, 3, 26, 25, 30, 20
14, 34, 21, 12, 25, 0, 13, 4, 11, 15, 18, 19, 7, 1, 23, 6, 29, 17, 3, 10, 35, 20, 31, 27, 16, 22, 5, 9, 33, 8, 2, 32, 26, 30, 24, 28
12, 27, 10, 33, 26, 34, 28, 15, 8, 17, 32, 0, 25, 5, 19, 24, 1, 11, 23, 20, 18, 35, 31, 4, 30, 13, 9, 22, 6, 21, 16, 29, 2, 3, 7, 14
21, 24, 4, 25, 10, 15, 11, 8, 12, 35, 17, 31, 18, 0, 7, 6, 16, 28, 29, 1, 23, 32, 34, 27, 20, 3, 22, 13, 14, 30, 26, 33, 5, 19, 9, 2
17, 25, 19, 24, 28, 6, 23, 2, 18, 20, 34, 4, 32, 12, 15, 21, 33, 7, 16, 8, 22, 0, 11, 35, 13, 31, 30, 14, 1, 27, 3, 29, 26, 10, 9, 5
4, 31, 29, 32, 7, 33, 20, 15, 30, 35, 2, 18, 19, 6, 17, 0, 34, 3, 11, 22, 12, 14, 10, 9, 26, 5, 21, 8, 1, 13, 16, 23, 28, 25, 24, 27
6, 27, 32, 15, 9, 0, 16, 4, 10, 35, 17, 23, 2, 11, 7, 29, 31, 8, 20, 14, 12, 5, 19, 1, 30, 28, 34, 26, 18, 22, 13, 24, 33, 3, 25, 21
34, 28, 17, 27, 32, 30, 8, 13, 9, 26, 15, 10, 16, 6, 20, 7, 4, 1, 2, 29, 12, 23, 18, 14, 21, 3, 35, 0, 22, 31, 11, 33, 24, 19, 5, 25
Pocket:
7, 35, 27, 20, 26, 5, 4, 8, 12, 1, 9, 2, 3, 19, 13, 18, 30, 25, 34, 6, 31, 32, 14, 23, 0, 11, 21, 15, 10, 29, 22, 16, 28, 24, 33, 17
21, 32, 2, 12, 0, 16, 29, 24, 23, 28, 13, 22, 7, 5, 6, 30, 10, 8, 1, 34, 11, 19, 3, 20, 27, 9, 17, 25, 14, 35, 15, 31, 33, 26, 4, 18
2, 22, 15, 6, 27, 32, 12, 35, 20, 19, 24, 4, 18, 7, 16, 5, 3, 23, 25, 30, 28, 1, 21, 26, 0, 13, 8, 29, 17, 33, 34, 10, 11, 14, 31, 9
7, 2, 27, 30, 18, 26, 28, 13, 34, 29, 0, 35, 15, 8, 4, 22, 33, 25, 5, 23, 17, 6, 21, 12, 16, 9, 1, 14, 11, 31, 32, 20, 24, 19, 3, 10
23, 6, 0, 33, 4, 11, 2, 14, 29, 22, 18, 3, 19, 35, 26, 30, 12, 28, 15, 10, 21, 27, 20, 25, 7, 8, 34, 17, 31, 16, 9, 24, 5, 13, 32, 1
19, 3, 6, 23, 1, 30, 34, 27, 35, 0, 14, 10, 31, 21, 5, 2, 24, 18, 15, 25, 26, 28, 13, 33, 8, 32, 22, 12, 29, 20, 11, 7, 17, 4, 16, 9
24, 16, 26, 32, 21, 7, 19, 9, 1, 2, 20, 13, 30, 6, 25, 5, 17, 12, 22, 35, 15, 27, 14, 18, 4, 3, 23, 0, 10, 28, 33, 8, 34, 11, 29, 31
24, 23, 4, 7, 5, 10, 30, 21, 1, 17, 12, 3, 2, 35, 14, 19, 0, 25, 15, 11, 13, 9, 18, 6, 20, 28, 34, 26, 29, 27, 33, 22, 32, 8, 16, 31
16, 33, 2, 27, 17, 10, 23, 21, 13, 35, 18, 4, 9, 11, 24, 19, 22, 20, 26, 25, 5, 29, 12, 28, 0, 14, 31, 8, 34, 6, 7, 30, 1, 15, 3, 32
23, 5, 17, 22, 9, 4, 7, 33, 16, 18, 30, 31, 21, 1, 15, 19, 24, 11, 0, 20, 34, 8, 12, 6, 29, 13, 2, 10, 35, 25, 28, 32, 27, 3, 26, 14
Pocket:
3, 28, 15, 23, 29, 16, 7, 13, 27, 12, 5, 34, 24, 8, 21, 33, 6, 26, 14, 9, 31, 22, 10, 32, 2, 4, 30, 17, 18, 1, 0, 35, 20, 19, 11, 25
22, 31, 33, 25, 19, 8, 15, 28, 6, 32, 11, 16, 3, 35, 9, 21, 29, 27, 14, 23, 17, 10, 4, 34, 7, 30, 20, 0, 18, 12, 24, 5, 2, 26, 13, 1
12, 27, 17, 13, 26, 4, 35, 30, 32, 34, 0, 16, 28, 20, 19, 11, 3, 22, 29, 15, 2, 10, 31, 25, 9, 24, 5, 21, 8, 18, 14, 33, 6, 7, 1, 23
8, 30, 16, 5, 23, 25, 6, 19, 24, 1, 9, 4, 21, 13, 29, 26, 7, 34, 35, 14, 12, 3, 31, 11, 33, 18, 0, 28, 15, 22, 32, 27, 2, 20, 10, 17
25, 24, 2, 12, 32, 33, 7, 16, 22, 30, 23, 29, 3, 14, 20, 5, 17, 15, 6, 26, 11, 9, 4, 34, 10, 31, 8, 21, 0, 19, 28, 27, 1, 35, 13, 18
32, 6, 33, 29, 23, 12, 7, 17, 14, 1, 11, 25, 18, 3, 34, 27, 31, 4, 21, 0, 15, 2, 5, 9, 20, 35, 13, 30, 10, 19, 24, 8, 16, 22, 26, 28
8, 16, 17, 25, 14, 24, 3, 32, 31, 4, 1, 30, 29, 34, 23, 15, 2, 10, 7, 27, 20, 28, 26, 9, 33, 5, 11, 12, 0, 21, 22, 6, 19, 13, 18, 35
22, 18, 32, 9, 29, 14, 15, 20, 33, 31, 21, 0, 5, 19, 28, 3, 10, 16, 4, 8, 23, 26, 6, 13, 27, 25, 11, 2, 24, 34, 17, 1, 7, 30, 35, 12
24, 5, 27, 19, 8, 28, 34, 35, 17, 16, 4, 14, 12, 22, 20, 3, 30, 7, 10, 6, 1, 18, 31, 33, 15, 23, 32, 29, 21, 0, 13, 9, 2, 25, 11, 26
32, 13, 34, 30, 19, 25, 21, 10, 27, 29, 17, 24, 35, 11, 23, 2, 22, 15, 26, 31, 4, 3, 5, 16, 9, 0, 20, 6, 7, 28, 8, 18, 33, 12, 14, 1
Pocket:
25, 29, 23, 12, 11, 33, 6, 5, 18, 27, 1, 31, 32, 19, 9, 0, 15, 2, 22, 30, 10, 34, 24, 3, 4, 13, 26, 35, 8, 20, 21, 14, 28, 17, 7, 16
30, 19, 23, 33, 2, 32, 0, 4, 22, 16, 1, 10, 15, 17, 20, 18, 3, 9, 27, 14, 8, 13, 31, 34, 7, 21, 5, 29, 25, 24, 28, 35, 26, 12, 6, 11
30, 31, 3, 12, 4, 32, 0, 28, 21, 26, 1, 27, 15, 24, 17, 7, 20, 23, 9, 5, 18, 14, 29, 11, 19, 25, 22, 8, 35, 33, 13, 10, 16, 6, 34, 2
28, 19, 5, 32, 8, 18, 14, 7, 10, 29, 20, 25, 27, 15, 3, 1, 2, 33, 21, 30, 35, 16, 34, 26, 31, 24, 23, 13, 0, 4, 17, 12, 9, 11, 22, 6
10, 31, 17, 1, 16, 33, 7, 25, 20, 6, 21, 3, 32, 35, 18, 15, 0, 29, 27, 5, 13, 12, 22, 4, 2, 28, 11, 19, 26, 23, 9, 30, 24, 14, 34, 8
21, 1, 7, 18, 28, 4, 19, 14, 20, 8, 11, 32, 27, 26, 0, 10, 9, 31, 15, 3, 34, 2, 6, 23, 17, 16, 12, 29, 13, 24, 22, 5, 35, 30, 33, 25
13, 0, 21, 32, 28, 1, 8, 12, 2, 7, 20, 19, 33, 30, 34, 17, 3, 14, 18, 26, 25, 22, 23, 15, 16, 6, 11, 10, 5, 9, 4, 29, 24, 31, 27, 35
31, 9, 13, 3, 29, 33, 4, 28, 20, 35, 2, 25, 34, 5, 15, 0, 23, 22, 17, 12, 8, 19, 10, 26, 16, 21, 32, 11, 24, 1, 7, 18, 14, 30, 6, 27
8, 13, 21, 28, 32, 15, 14, 22, 4, 35, 19, 10, 29, 34, 12, 20, 9, 7, 3, 1, 11, 17, 2, 31, 16, 5, 33, 0, 6, 18, 26, 30, 27, 23, 24, 25
24, 15, 12, 13, 9, 28, 11, 23, 0, 1, 21, 14, 8, 4, 3, 30, 16, 27, 7, 22, 2, 18, 6, 34, 35, 32, 5, 19, 17, 31, 33, 10, 25, 20, 29, 26
Pocket:
6, 7, 11, 34, 2, 27, 16, 35, 3, 32, 26, 4, 13, 5, 12, 21, 15, 9, 18, 8, 14, 0, 22, 31, 29, 20, 30, 28, 10, 17, 24, 33, 1, 23, 19, 25
17, 23, 12, 32, 18, 2, 3, 26, 16, 9, 6, 34, 22, 13, 19, 20, 27, 15, 31, 30, 21, 24, 5, 1, 14, 4, 0, 11, 8, 25, 33, 10, 7, 35, 28, 29
5, 18, 8, 13, 34, 4, 29, 15, 17, 2, 10, 23, 30, 20, 1, 27, 35, 9, 14, 26, 25, 32, 31, 3, 19, 22, 24, 28, 12, 16, 0, 33, 6, 11, 7, 21
6, 35, 4, 2, 31, 26, 9, 17, 11, 19, 0, 1, 30, 24, 23, 29, 7, 32, 18, 3, 28, 8, 14, 27, 22, 16, 10, 33, 5, 20, 15, 34, 25, 13, 12, 21
26, 3, 1, 20, 30, 31, 22, 23, 18, 5, 15, 34, 29, 16, 9, 8, 10, 12, 19, 14, 33, 7, 32, 25, 13, 6, 28, 24, 11, 35, 27, 0, 21, 4, 2, 17
1, 27, 5, 32, 8, 25, 33, 22, 13, 18, 3, 29, 23, 24, 31, 9, 17, 15, 7, 26, 4, 16, 14, 6, 30, 12, 34, 35, 0, 21, 19, 28, 11, 10, 20, 2
22, 0, 4, 7, 12, 18, 8, 16, 21, 32, 20, 3, 13, 33, 27, 23, 19, 26, 6, 9, 17, 10, 24, 28, 5, 31, 1, 29, 25, 15, 2, 34, 11, 35, 14, 30
30, 12, 5, 14, 31, 25, 15, 22, 26, 32, 33, 19, 21, 27, 2, 18, 6, 0, 3, 10, 1, 16, 23, 35, 17, 20, 24, 7, 13, 11, 4, 29, 8, 28, 9, 34
19, 18, 5, 12, 27, 26, 22, 0, 23, 35, 33, 10, 31, 32, 6, 28, 1, 9, 21, 17, 30, 3, 16, 20, 7, 34, 4, 11, 2, 13, 24, 25, 14, 29, 8, 15
11, 16, 21, 30, 18, 3, 33, 20, 4, 1, 25, 14, 32, 13, 19, 35, 5, 34, 23, 22, 7, 8, 6, 0, 24, 15, 26, 28, 17, 2, 27, 10, 29, 31, 12, 9
Pocket:
30, 10, 0, 35, 12, 34, 25, 4, 13, 33, 23, 18, 17, 8, 6, 3, 1, 32, 26, 21, 29, 15, 27, 31, 11, 22, 7, 16, 20, 5, 9, 24, 19, 14, 2, 28
34, 9, 14, 0, 15, 3, 28, 2, 1, 24, 7, 33, 20, 13, 12, 23, 4, 35, 32, 31, 29, 19, 26, 11, 25, 17, 16, 22, 21, 18, 10, 30, 5, 27, 8, 6
12, 32, 3, 0, 1, 23, 21, 33, 19, 27, 14, 18, 5, 35, 28, 13, 10, 4, 31, 20, 6, 2, 15, 34, 26, 25, 7, 17, 24, 30, 11, 16, 29, 9, 8, 22
28, 23, 31, 6, 29, 9, 34, 24, 33, 17, 4, 32, 12, 0, 1, 7, 35, 5, 26, 27, 15, 8, 22, 21, 11, 20, 2, 14, 3, 19, 30, 25, 10, 16, 18, 13
20, 10, 5, 29, 18, 31, 30, 14, 9, 33, 17, 4, 25, 22, 24, 8, 15, 11, 19, 12, 0, 6, 35, 34, 23, 27, 16, 32, 28, 13, 21, 2, 7, 26, 3, 1
5, 25, 14, 4, 1, 9, 28, 3, 30, 29, 0, 35, 7, 15, 27, 2, 6, 22, 16, 26, 21, 32, 8, 10, 19, 34, 17, 31, 13, 11, 24, 20, 18, 33, 12, 23
17, 10, 15, 0, 22, 18, 12, 13, 7, 9, 26, 34, 27, 29, 5, 24, 23, 14, 28, 20, 33, 25, 21, 35, 16, 2, 6, 8, 30, 31, 11, 3, 19, 1, 32, 4
30, 32, 7, 16, 29, 18, 31, 14, 15, 1, 28, 22, 23, 20, 13, 11, 35, 5, 21, 12, 33, 9, 17, 19, 8, 10, 0, 4, 27, 2, 3, 6, 26, 25, 24, 34
0, 13, 22, 5, 2, 33, 14, 27, 30, 18, 11, 28, 16, 21, 23, 26, 34, 25, 17, 4, 1, 12, 10, 7, 20, 35, 9, 24, 32, 31, 6, 8, 19, 29, 3, 15
24, 14, 19, 29, 30, 15, 0, 8, 25, 20, 33, 26, 28, 2, 9, 6, 3, 31, 12, 1, 34, 11, 7, 4, 23, 13, 35, 32, 27, 21, 10, 18, 5, 17, 16, 22
Pocket:
30, 24, 23, 6, 13, 19, 5, 2, 8, 16, 27, 3, 14, 32, 33, 35, 4, 7, 29, 20, 0, 9, 17, 31, 34, 1, 28, 25, 22, 26, 11, 12, 10, 18, 15, 21
35, 20, 30, 10, 11, 14, 15, 19, 4, 17, 32, 6, 23, 5, 24, 16, 2, 12, 0, 7, 34, 21, 18, 1, 27, 29, 8, 28, 25, 22, 13, 33, 3, 31, 9, 26
16, 9, 27, 4, 35, 18, 2, 30, 17, 5, 33, 3, 12, 31, 25, 10, 24, 26, 13, 11, 0, 34, 21, 6, 28, 7, 1, 29, 22, 32, 15, 23, 20, 14, 8, 19
2, 31, 6, 27, 8, 24, 35, 25, 5, 9, 14, 17, 33, 29, 3, 19, 23, 16, 34, 30, 10, 12, 21, 13, 20, 7, 22, 28, 11, 0, 15, 32, 4, 26, 18, 1
26, 17, 24, 31, 1, 28, 10, 23, 5, 20, 21, 22, 18, 16, 34, 25, 0, 19, 27, 4, 29, 6, 3, 8, 12, 35, 11, 33, 2, 7, 13, 15, 32, 30, 14, 9
7, 28, 20, 23, 30, 24, 1, 26, 14, 2, 15, 18, 35, 9, 0, 27, 4, 12, 11, 19, 21, 31, 34, 25, 32, 5, 10, 13, 29, 8, 16, 22, 33, 3, 17, 6
18, 12, 6, 22, 8, 17, 29, 0, 31, 27, 15, 14, 13, 23, 10, 5, 25, 30, 24, 11, 26, 1, 32, 21, 9, 2, 34, 33, 20, 19, 28, 4, 35, 16, 3, 7
14, 19, 15, 23, 18, 27, 31, 20, 35, 22, 7, 5, 13, 6, 26, 17, 33, 11, 24, 25, 32, 8, 3, 4, 0, 34, 21, 9, 2, 10, 16, 30, 1, 29, 28, 12
0, 6, 21, 4, 2, 28, 8, 22, 27, 20, 16, 3, 19, 26, 33, 14, 34, 12, 32, 1, 15, 13, 25, 31, 24, 5, 35, 17, 30, 29, 11, 9, 7, 18, 10, 23
11, 30, 20, 19, 1, 5, 35, 2, 31, 33, 8, 21, 25, 28, 0, 4, 29, 17, 7, 10, 3, 12, 22, 9, 13, 23, 18, 14, 24, 27, 32, 15, 6, 26, 16, 34
Pocket:
14, 1, 35, 6, 3, 4, 31, 9, 27, 8, 24, 11, 23, 17, 22, 25, 32, 16, 28, 33, 19, 5, 20, 18, 34, 7, 26, 21, 15, 29, 13, 30, 2, 10, 0, 12
5, 1, 22, 19, 30, 32, 27, 14, 31, 13, 15, 26, 2, 6, 16, 35, 0, 18, 25, 24, 17, 20, 8, 34, 21, 12, 28, 33, 10, 9, 7, 23, 3, 11, 29, 4
17, 1, 29, 6, 10, 27, 30, 26, 4, 23, 34, 35, 13, 18, 7, 3, 31, 20, 15, 16, 21, 11, 9, 25, 14, 5, 32, 33, 28, 0, 12, 19, 8, 22, 2, 24
17, 19, 12, 11, 16, 0, 13, 30, 2, 31, 3, 26, 22, 10, 8, 9, 28, 5, 29, 7, 15, 21, 23, 35, 6, 24, 33, 20, 18, 32, 34, 1, 14, 27, 4, 25
35, 5, 25, 11, 14, 32, 16, 0, 4, 18, 8, 22, 12, 10, 13, 7, 21, 30, 20, 26, 34, 28, 3, 9, 24, 15, 33, 17, 27, 2, 19, 31, 1, 23, 6, 29
35, 12, 11, 2, 16, 5, 31, 0, 28, 10, 3, 14, 25, 24, 20, 26, 15, 21, 18, 4, 32, 23, 19, 6, 17, 34, 1, 7, 33, 29, 22, 8, 13, 30, 9, 27
22, 27, 28, 26, 2, 23, 10, 7, 4, 1, 20, 14, 9, 6, 29, 35, 32, 11, 0, 33, 21, 8, 15, 25, 18, 24, 31, 30, 5, 12, 17, 16, 34, 3, 13, 19
9, 2, 17, 30, 12, 26, 34, 28, 10, 3, 0, 7, 35, 6, 22, 5, 4, 25, 1, 27, 33, 13, 11, 32, 19, 15, 29, 14, 16, 18, 21, 20, 8, 23, 24, 31
27, 24, 6, 14, 17, 25, 23, 19, 7, 21, 31, 32, 26, 16, 18, 22, 3, 0, 35, 13, 28, 9, 11, 30, 29, 15, 1, 34, 10, 12, 33, 8, 20, 5, 2, 4
4, 21, 7, 32, 11, 18, 27, 6, 34, 0, 33, 28, 29, 35, 15, 26, 24, 25, 30, 2, 10, 3, 17, 8, 31, 13, 9, 14, 20, 16, 22, 1, 5, 19, 12, 23