Pocket:
34, 24, 21, 14, 18, 29, 15, 31, 17, 32, 3, 2, 19, 22, 5, 10, 8, 27, 6, 25, 20, 4, 23, 11, 9, 12, 16, 7, 26, 1, 28, 30, 13, 33, 35, 0
1, 8, 21, 16, 22, 17, 23, 30, 29, 34, 35, 27, 14, 10, 4, 24, 3, 31, 6, 25, 15, 0, 9, 7, 28, 20, 19, 13, 32, 12, 5, 11, 26, 18, 2, 33
4, 29, 10, 25, 24, 11, 20, 22, 27, 17, 16, 19, 26, 33, 0, 32, 2, 34, 8, 15, 21, 13, 12, 28, 6, 18, 1, 5, 3, 30, 31, 23, 7, 35, 9, 14
4, 14, 12, 7, 10, 28, 2, 33, 21, 5, 25, 24, 29, 35, 3, 13, 32, 0, 22, 17, 16, 19, 18, 1, 9, 27, 20, 23, 26, 6, 30, 34, 11, 31, 15, 8
21, 4, 19, 2, 1, 28, 12, 32, 18, 10, 14, 3, 5, 0, 34, 20, 6, 23, 24, 7, 33, 9, 35, 30, 25, 11, 22, 31, 13, 17, 16, 26, 15, 8, 27, 29
13, 29, 17, 33, 19, 16, 22, 24, 14, 0, 9, 8, 1, 26, 25, 12, 5, 27, 18, 3, 11, 21, 7, 10, 4, 28, 2, 6, 32, 15, 23, 30, 34, 31, 35, 20
28, 33, 14, 26, 5, 7, 20, 3, 9, 18, 32, 21, 30, 24, 29, 6, 12, 11, 25, 31, 15, 16, 22, 10, 4, 1, 23, 0, 34, 13, 8, 19, 2, 27, 17, 35
5, 1, 0, 25, 11, 33, 6, 29, 23, 32, 2, 9, 17, 15, 7, 27, 24, 22, 14, 12, 3, 19, 21, 31, 10, 20, 8, 4, 35, 13, 26, 30, 16, 18, 28, 34
13, 29, 18, 2, 17, 8, 20, 31, 1, 15, 21, 34, 28, 22, 30, 7, 6, 12, 11, 33, 10, 9, 5, 24, 16, 4, 35, 0, 19, 14, 23, 32, 25, 26, 27, 3
24, 22, 19, 5, 6, 7, 33, 16, 0, 18, 29, 14, 15, 2, 28, 9, 8, 31, 34, 25, 11, 3, 21, 10, 35, 13, 17, 32, 27, 1, 12, 4, 30, 20, 23, 26
Pocket:
30, 8, 33, 5, 2, 6, 1, 13, 23, 10, 31, 12, 3, 18, 17, 25, 11, 26, 24, 19, 15, 21, 0, 28, 34, 14, 35, 4, 16, 9, 27, 22, 20, 29, 32, 7
4, 26, 10, 33, 22, 27, 13, 24, 11, 28, 19, 0, 18, 6, 23, 34, 8, 31, 2, 9, 21, 1, 32, 29, 15, 20, 12, 30, 17, 16, 25, 35, 5, 14, 7, 3
29, 5, 18, 15, 12, 17, 8, 4, 24, 28, 34, 0, 6, 14, 19, 20, 23, 16, 2, 31, 35, 21, 3, 27, 1, 33, 13, 11, 9, 7, 22, 25, 26, 30, 10, 32
14, 28, 9, 10, 23, 31, 29, 17, 2, 26, 1, 22, 34, 25, 5, 20, 11, 16, 12, 18, 27, 24, 15, 35, 32, 6, 0, 8, 30, 3, 19, 21, 4, 33, 7, 13
33, 19, 34, 6, 31, 32, 3, 22, 11, 16, 28, 10, 23, 8, 35, 21, 1, 9, 5, 17, 7, 29, 20, 24, 15, 18, 26, 4, 2, 14, 13, 12, 30, 0, 25, 27
26, 31, 23, 34, 15, 19, 32, 10, 6, 2, 11, 33, 0, 24, 29, 4, 17, 1, 20, 14, 27, 35, 9, 12, 16, 22, 8, 25, 21, 3, 5, 18, 13, 28, 7, 30
18, 3, 7, 16, 5, 28, 6, 14, 1, 9, 29, 8, 19, 32, 21, 23, 11, 4, 12, 30, 26, 25, 20, 10, 34, 13, 2, 17, 35, 31, 27, 33, 22, 0, 24, 15
14, 10, 8, 21, 6, 19, 7, 13, 31, 4, 22, 3, 35, 29, 30, 20, 23, 15, 26, 27, 32, 33, 34, 1, 25, 0, 12, 24, 9, 5, 18, 28, 11, 17, 16, 2
4, 29, 10, 25, 24, 11, 20, 22, 27, 17, 16, 19, 26, 33, 0, 32, 2, 34, 8, 15, 21, 13, 12, 28, 6, 18, 1, 5, 3, 30, 31, 23, 7, 35, 9, 14
14, 8, 15, 25, 29, 26, 35, 9, 12, 1, 2, 11, 13, 34, 23, 30, 6, 31, 4, 3, 22, 18, 5, 7, 0, 20, 28, 33, 16, 32, 19, 10, 21, 24, 27, 17
Pocket:
8, 24, 14, 21, 22, 9, 27, 31, 3, 19, 6, 12, 16, 15, 26, 11, 7, 29, 18, 17, 1, 33, 10, 2, 35, 32, 4, 13, 28, 0, 5, 30, 34, 25, 23, 20
22, 11, 23, 30, 8, 31, 3, 6, 34, 7, 25, 32, 2, 26, 16, 18, 1, 12, 24, 0, 29, 9, 33, 15, 5, 20, 21, 17, 35, 19, 4, 10, 28, 14, 27, 13
32, 14, 1, 20, 23, 9, 21, 10, 33, 3, 5, 18, 31, 19, 6, 2, 16, 15, 11, 26, 30, 13, 8, 0, 29, 4, 24, 28, 34, 25, 17, 35, 12, 22, 7, 27
1, 8, 21, 16, 22, 17, 23, 30, 29, 34, 35, 27, 14, 10, 4, 24, 3, 31, 6, 25, 15, 0, 9, 7, 28, 20, 19, 13, 32, 12, 5, 11, 26, 18, 2, 33
16, 32, 3, 2, 21, 28, 15, 26, 22, 27, 7, 0, 18, 29, 13, 9, 14, 30, 11, 17, 24, 19, 12, 23, 25, 6, 8, 35, 4, 31, 20, 10, 33, 1, 34, 5
35, 31, 6, 10, 16, 33, 9, 27, 22, 18, 30, 34, 20, 17, 21, 8, 28, 15, 2, 32, 12, 14, 29, 26, 11, 4, 13, 3, 0, 7, 19, 23, 1, 5, 25, 24
22, 34, 17, 30, 19, 20, 33, 14, 6, 11, 29, 1, 26, 31, 32, 27, 9, 13, 0, 16, 4, 8, 25, 18, 5, 2, 24, 15, 28, 7, 3, 10, 12, 23, 35, 21
16, 1, 12, 31, 6, 10, 19, 29, 21, 13, 22, 8, 35, 9, 28, 14, 26, 32, 25, 17, 33, 7, 18, 20, 23, 0, 15, 30, 3, 27, 11, 34, 24, 2, 5, 4
6, 1, 9, 0, 32, 18, 25, 23, 28, 7, 3, 14, 35, 30, 26, 34, 19, 10, 16, 21, 29, 15, 5, 13, 31, 11, 2, 27, 24, 17, 12, 22, 33, 4, 8, 20
11, 10, 23, 29, 13, 1, 19, 32, 16, 24, 9, 5, 6, 28, 25, 17, 27, 33, 4, 3, 31, 18, 22, 26, 12, 35, 0, 20, 14, 7, 30, 15, 21, 34, 2, 8
Pocket:
4, 3, 17, 10, 34, 24, 19, 18, 15, 2, 1, 14, 23, 8, 21, 29, 32, 12, 33, 25, 30, 28, 6, 7, 13, 0, 35, 9, 16, 27, 20, 31, 5, 26, 22, 11
30, 29, 21, 6, 34, 9, 32, 2, 4, 31, 15, 7, 14, 19, 3, 28, 12, 10, 8, 1, 33, 26, 13, 22, 11, 23, 27, 16, 35, 24, 5, 18, 25, 0, 17, 20
20, 2, 15, 23, 35, 22, 6, 13, 29, 7, 5, 26, 24, 8, 11, 32, 3, 21, 12, 4, 10, 25, 18, 30, 1, 16, 0, 19, 34, 27, 28, 33, 31, 14, 9, 17
30, 13, 2, 16, 20, 7, 6, 4, 10, 31, 29, 5, 26, 14, 28, 25, 11, 1, 15, 24, 23, 19, 27, 35, 32, 12, 21, 0, 18, 8, 9, 22, 33, 3, 34, 17
3, 4, 26, 10, 12, 35, 15, 24, 17, 30, 21, 25, 27, 22, 23, 31, 13, 19, 9, 6, 11, 33, 1, 7, 0, 18, 2, 20, 32, 5, 28, 16, 14, 29, 34, 8
33, 9, 0, 28, 22, 27, 2, 12, 14, 5, 26, 16, 7, 31, 35, 13, 20, 18, 25, 8, 6, 29, 32, 17, 21, 1, 3, 24, 4, 30, 19, 15, 10, 34, 23, 11
23, 13, 1, 16, 25, 9, 19, 11, 31, 17, 32, 35, 15, 28, 12, 24, 30, 8, 21, 18, 0, 14, 22, 2, 6, 20, 34, 29, 10, 27, 5, 33, 7, 4, 3, 26
33, 2, 32, 29, 18, 16, 11, 35, 4, 14, 22, 8, 10, 3, 17, 6, 27, 23, 26, 1, 12, 30, 31, 13, 21, 19, 28, 7, 20, 9, 25, 15, 24, 0, 34, 5
24, 22, 19, 5, 6, 7, 33, 16, 0, 18, 29, 14, 15, 2, 28, 9, 8, 31, 34, 25, 11, 3, 21, 10, 35, 13, 17, 32, 27, 1, 12, 4, 30, 20, 23, 26
7, 21, 30, 5, 1, 14, 0, 16, 6, 8, 10, 27, 31, 35, 33, 32, 9, 2, 22, 29, 25, 28, 15, 11, 3, 4, 13, 26, 34, 17, 24, 19, 23, 20, 18, 12
Pocket:
14, 11, 16, 0, 20, 9, 35, 1, 10, 12, 17, 32, 5, 2, 29, 26, 30, 15, 8, 28, 33, 22, 19, 24, 13, 34, 6, 7, 21, 4, 23, 31, 3, 18, 25, 27
8, 32, 9, 3, 28, 10, 16, 31, 23, 14, 26, 35, 27, 6, 1, 13, 17, 5, 12, 11, 33, 20, 30, 18, 2, 7, 15, 0, 19, 4, 25, 29, 24, 21, 34, 22
34, 33, 22, 10, 5, 26, 14, 31, 12, 7, 19, 8, 35, 29, 3, 6, 17, 24, 28, 4, 13, 16, 11, 27, 18, 23, 21, 25, 30, 0, 9, 32, 1, 2, 15, 20
5, 3, 29, 13, 20, 1, 15, 19, 26, 2, 28, 17, 16, 24, 32, 31, 7, 30, 33, 22, 11, 12, 4, 27, 8, 14, 35, 25, 0, 9, 23, 34, 10, 18, 21, 6
0, 16, 7, 34, 32, 33, 31, 14, 21, 2, 10, 4, 20, 18, 23, 8, 35, 22, 25, 27, 17, 1, 12, 6, 13, 28, 3, 5, 11, 29, 30, 19, 26, 9, 24, 15
12, 11, 4, 3, 22, 0, 21, 31, 30, 23, 29, 9, 17, 24, 2, 19, 20, 5, 14, 26, 27, 25, 16, 7, 34, 28, 32, 8, 1, 35, 10, 13, 33, 18, 6, 15
12, 24, 5, 0, 35, 16, 21, 11, 7, 18, 4, 22, 6, 34, 23, 14, 9, 2, 27, 25, 13, 10, 1, 31, 28, 3, 17, 29, 26, 19, 15, 20, 30, 33, 8, 32
12, 4, 5, 27, 24, 1, 25, 13, 3, 34, 20, 26, 9, 2, 32, 35, 29, 11, 23, 30, 28, 14, 6, 10, 7, 19, 22, 15, 21, 18, 8, 0, 31, 16, 17, 33
5, 19, 23, 29, 27, 2, 12, 3, 31, 30, 0, 13, 18, 26, 9, 6, 21, 4, 35, 34, 10, 28, 11, 1, 32, 25, 14, 15, 20, 22, 24, 7, 8, 16, 17, 33
12, 29, 15, 9, 7, 10, 27, 31, 22, 14, 25, 19, 34, 3, 18, 23, 26, 16, 0, 33, 20, 4, 1, 5, 21, 11, 6, 32, 35, 13, 28, 17, 8, 30, 2, 24
Pocket:
30, 14, 0, 26, 9, 6, 17, 10, 3, 21, 2, 13, 32, 31, 34, 1, 24, 22, 5, 28, 4, 7, 16, 20, 23, 15, 19, 8, 18, 11, 35, 25, 33, 29, 27, 12
34, 20, 31, 27, 16, 23, 3, 29, 28, 1, 10, 35, 33, 7, 25, 15, 0, 26, 9, 17, 30, 32, 21, 24, 5, 14, 18, 2, 8, 11, 13, 19, 12, 4, 22, 6
5, 20, 13, 0, 7, 25, 26, 31, 24, 2, 14, 15, 32, 21, 22, 8, 1, 6, 4, 34, 17, 12, 23, 29, 9, 27, 10, 30, 16, 11, 33, 3, 35, 19, 18, 28
11, 6, 7, 2, 9, 23, 10, 21, 28, 8, 33, 29, 24, 15, 0, 13, 31, 25, 12, 4, 14, 35, 22, 17, 30, 20, 18, 32, 26, 19, 34, 3, 16, 1, 5, 27
24, 26, 22, 2, 29, 17, 0, 3, 31, 25, 9, 8, 7, 18, 13, 4, 35, 6, 34, 27, 32, 30, 11, 20, 12, 14, 23, 15, 21, 28, 10, 16, 33, 1, 19, 5
24, 5, 32, 9, 31, 6, 4, 30, 26, 18, 23, 34, 3, 20, 19, 13, 33, 25, 14, 28, 7, 15, 21, 12, 16, 8, 11, 22, 0, 35, 27, 2, 17, 1, 10, 29
19, 24, 23, 16, 11, 26, 1, 8, 6, 27, 21, 18, 20, 17, 3, 0, 14, 5, 25, 10, 9, 28, 2, 22, 32, 35, 7, 29, 13, 4, 15, 34, 33, 30, 31, 12
18, 4, 32, 0, 27, 20, 10, 7, 24, 29, 8, 11, 19, 35, 28, 26, 22, 3, 25, 9, 14, 34, 13, 23, 1, 30, 6, 15, 16, 17, 5, 21, 33, 2, 12, 31
20, 0, 9, 17, 25, 29, 1, 11, 5, 10, 26, 3, 8, 33, 18, 35, 23, 24, 28, 22, 30, 12, 19, 13, 32, 16, 21, 34, 14, 31, 7, 2, 27, 15, 4, 6
32, 31, 8, 2, 15, 6, 34, 20, 22, 4, 28, 12, 21, 16, 17, 3, 30, 0, 24, 7, 23, 19, 33, 25, 14, 29, 5, 26, 13, 10, 18, 11, 9, 35, 27, 1
Pocket:
9, 31, 32, 28, 19, 5, 2, 1, 27, 33, 30, 16, 24, 18, 22, 13, 6, 8, 34, 20, 29, 25, 15, 21, 4, 23, 14, 26, 17, 3, 10, 12, 7, 0, 11, 35
24, 29, 17, 10, 28, 7, 4, 3, 14, 0, 9, 21, 12, 20, 11, 18, 26, 34, 1, 5, 32, 27, 16, 30, 6, 25, 15, 19, 2, 35, 23, 13, 8, 33, 22, 31
17, 14, 11, 21, 35, 15, 20, 10, 26, 22, 34, 32, 13, 4, 30, 24, 29, 25, 28, 0, 9, 27, 1, 3, 12, 18, 31, 6, 7, 33, 16, 8, 23, 5, 19, 2
28, 17, 32, 35, 26, 30, 20, 23, 15, 24, 5, 0, 19, 7, 6, 10, 18, 2, 1, 34, 31, 12, 16, 14, 8, 25, 13, 21, 3, 9, 11, 29, 4, 27, 22, 33
24, 6, 13, 18, 35, 27, 4, 19, 1, 15, 25, 14, 17, 11, 26, 2, 8, 21, 0, 10, 29, 31, 22, 7, 9, 3, 20, 28, 5, 16, 32, 33, 23, 34, 12, 30
33, 13, 22, 5, 17, 35, 16, 4, 14, 19, 30, 27, 11, 1, 8, 20, 25, 29, 10, 34, 9, 18, 26, 24, 3, 31, 6, 21, 28, 32, 0, 2, 23, 12, 7, 15
19, 9, 20, 14, 18, 27, 23, 24, 15, 7, 35, 33, 22, 26, 10, 29, 34, 11, 4, 5, 32, 6, 2, 28, 8, 0, 25, 16, 30, 17, 31, 1, 3, 13, 12, 21
17, 1, 23, 2, 19, 5, 29, 20, 8, 31, 3, 34, 15, 24, 0, 28, 27, 6, 4, 30, 35, 9, 11, 7, 21, 33, 10, 14, 22, 26, 12, 13, 16, 32, 25, 18
11, 33, 10, 24, 7, 22, 12, 9, 5, 18, 8, 15, 1, 4, 17, 29, 35, 34, 19, 6, 3, 26, 30, 14, 32, 27, 25, 0, 21, 13, 20, 28, 23, 2, 16, 31
28, 23, 32, 11, 13, 14, 2, 5, 9, 26, 17, 4, 24, 7, 15, 19, 3, 30, 10, 6, 1, 31, 20, 22, 21, 25, 33, 34, 16, 35, 27, 29, 0, 8, 12, 18
Pocket:
17, 3, 29, 4, 33, 9, 26, 0, 14, 10, 34, 12, 5, 30, 22, 15, 2, 8, 11, 7, 16, 21, 28, 27, 6, 32, 20, 24, 19, 1, 31, 18, 35, 23, 13, 25
30, 4, 19, 0, 16, 6, 24, 27, 15, 20, 28, 8, 12, 22, 35, 18, 21, 7, 11, 31, 5, 32, 14, 26, 29, 3, 17, 25, 9, 1, 10, 2, 33, 23, 13, 34
3, 4, 31, 34, 26, 23, 10, 27, 20, 12, 11, 25, 24, 18, 8, 28, 32, 30, 13, 35, 1, 7, 6, 33, 0, 29, 16, 5, 21, 22, 15, 2, 14, 19, 17, 9
31, 5, 28, 21, 20, 7, 34, 19, 14, 24, 9, 22, 32, 16, 18, 0, 29, 12, 10, 8, 23, 1, 26, 15, 17, 25, 2, 27, 30, 6, 3, 4, 13, 11, 33, 35
2, 0, 16, 26, 3, 17, 23, 11, 10, 30, 27, 25, 4, 29, 5, 8, 12, 18, 9, 24, 6, 15, 14, 20, 7, 22, 32, 21, 31, 34, 28, 35, 33, 19, 13, 1
25, 28, 2, 6, 13, 30, 29, 12, 18, 7, 0, 3, 15, 34, 16, 8, 31, 26, 17, 14, 19, 23, 5, 11, 24, 33, 1, 21, 35, 4, 22, 27, 20, 10, 32, 9
6, 31, 7, 14, 8, 26, 21, 24, 20, 30, 4, 9, 16, 27, 23, 28, 19, 0, 22, 35, 10, 15, 32, 2, 33, 5, 11, 34, 12, 1, 29, 17, 18, 3, 13, 25
23, 26, 19, 18, 9, 0, 29, 11, 4, 31, 10, 30, 12, 24, 1, 14, 32, 27, 28, 2, 25, 17, 15, 34, 33, 16, 20, 21, 6, 7, 5, 22, 8, 3, 35, 13
9, 2, 10, 21, 1, 0, 25, 24, 34, 12, 20, 28, 3, 16, 31, 23, 33, 5, 17, 27, 32, 7, 30, 4, 13, 19, 8, 14, 18, 22, 26, 6, 11, 29, 15, 35
23, 21, 20, 28, 6, 32, 30, 4, 33, 11, 34, 14, 22, 13, 9, 3, 18, 1, 16, 5, 27, 26, 25, 24, 2, 8, 35, 15, 19, 0, 12, 7, 29, 17, 31, 10
Pocket:
7, 20, 16, 19, 3, 22, 12, 13, 34, 15, 27, 30, 29, 28, 8, 10, 5, 6, 32, 2, 25, 17, 11, 21, 1, 4, 24, 9, 33, 14, 0, 31, 23, 26, 35, 18
7, 26, 10, 18, 31, 15, 1, 28, 8, 30, 32, 3, 19, 22, 6, 29, 12, 17, 5, 14, 33, 16, 21, 9, 34, 25, 35, 27, 13, 0, 2, 24, 20, 4, 23, 11
8, 21, 19, 10, 13, 11, 5, 29, 18, 35, 30, 31, 0, 6, 23, 1, 22, 25, 14, 20, 15, 3, 28, 12, 7, 26, 34, 27, 24, 2, 9, 32, 17, 16, 4, 33
11, 14, 7, 30, 9, 24, 8, 0, 26, 22, 12, 32, 15, 28, 20, 34, 2, 6, 31, 33, 1, 4, 21, 18, 16, 13, 29, 25, 23, 35, 27, 5, 3, 19, 10, 17
24, 33, 9, 26, 34, 25, 21, 35, 4, 27, 3, 17, 10, 20, 32, 29, 28, 8, 23, 0, 6, 30, 13, 5, 18, 22, 31, 7, 12, 2, 14, 1, 16, 11, 19, 15
17, 13, 28, 35, 8, 26, 21, 6, 18, 24, 2, 25, 5, 14, 11, 12, 31, 34, 32, 9, 3, 29, 15, 16, 20, 22, 7, 10, 4, 27, 1, 0, 30, 23, 33, 19
27, 9, 19, 0, 5, 18, 30, 1, 8, 35, 6, 33, 25, 34, 31, 14, 29, 3, 17, 7, 21, 20, 24, 12, 2, 15, 16, 23, 32, 11, 4, 22, 26, 28, 13, 10
27, 20, 33, 4, 19, 24, 7, 23, 0, 5, 16, 34, 2, 6, 14, 3, 9, 35, 29, 10, 22, 1, 13, 25, 26, 18, 32, 12, 8, 31, 17, 15, 21, 11, 30, 28
2, 18, 24, 8, 15, 5, 14, 11, 21, 12, 10, 7, 13, 34, 35, 26, 3, 31, 22, 27, 9, 19, 16, 20, 0, 28, 17, 4, 30, 6, 33, 1, 29, 32, 23, 25
27, 31, 14, 30, 10, 34, 12, 22, 35, 6, 3, 16, 13, 18, 1, 0, 9, 33, 8, 24, 7, 28, 5, 15, 21, 26, 4, 11, 32, 17, 20, 2, 19, 25, 23, 29
Pocket:
16, 22, 18, 24, 8, 30, 17, 9, 13, 25, 28, 14, 21, 33, 7, 11, 2, 23, 31, 12, 15, 10, 35, 6, 3, 4, 1, 0, 34, 26, 32, 5, 19, 27, 20, 29
11, 13, 18, 27, 6, 14, 15, 9, 10, 5, 31, 20, 25, 17, 12, 26, 30, 4, 33, 23, 32, 1, 7, 2, 0, 24, 22, 8, 21, 29, 34, 28, 3, 35, 16, 19
20, 9, 4, 35, 3, 31, 24, 32, 34, 19, 27, 18, 33, 16, 22, 6, 8, 14, 5, 0, 12, 10, 28, 13, 2, 11, 1, 25, 7, 23, 17, 29, 26, 30, 21, 15
28, 6, 22, 29, 31, 21, 20, 34, 32, 16, 17, 4, 19, 8, 35, 10, 7, 33, 9, 5, 23, 30, 3, 26, 11, 27, 0, 14, 2, 12, 15, 24, 25, 1, 18, 13
30, 7, 31, 11, 17, 25, 18, 15, 13, 20, 4, 33, 34, 12, 28, 9, 22, 24, 0, 21, 19, 14, 1, 26, 6, 10, 5, 3, 8, 27, 23, 16, 2, 29, 35, 32
16, 35, 23, 18, 28, 30, 1, 5, 8, 29, 7, 27, 12, 21, 13, 19, 24, 15, 3, 25, 22, 0, 17, 32, 20, 2, 9, 34, 10, 6, 4, 31, 14, 11, 26, 33
13, 33, 31, 15, 9, 17, 8, 25, 30, 12, 28, 3, 34, 7, 18, 19, 22, 6, 35, 26, 32, 21, 1, 0, 11, 2, 23, 24, 27, 14, 29, 20, 10, 4, 5, 16
30, 7, 9, 21, 24, 14, 10, 19, 23, 31, 4, 20, 3, 22, 8, 29, 17, 34, 13, 27, 18, 16, 25, 6, 26, 1, 28, 2, 11, 0, 12, 15, 33, 32, 5, 35
5, 3, 30, 23, 35, 13, 0, 26, 7, 25, 32, 21, 29, 19, 15, 9, 16, 20, 4, 22, 12, 14, 17, 2, 1, 31, 33, 18, 6, 10, 11, 34, 28, 24, 27, 8
28, 34, 12, 32, 14, 7, 11, 26, 33, 10, 3, 19, 20, 6, 16, 4, 5, 29, 24, 27, 0, 23, 2, 9, 17, 13, 22, 21, 25, 35, 15, 18, 8, 31, 30, 1
Pocket:
18, 8, 5, 32, 35, 11, 21, 9, 22, 34, 3, 29, 6, 7, 14, 27, 31, 28, 10, 13, 2, 4, 0, 1, 26, 16, 17, 25, 30, 23, 12, 24, 20, 19, 33, 15
13, 22, 5, 33, 34, 11, 31, 1, 6, 20, 10, 16, 23, 19, 18, 4, 7, 15, 14, 17, 21, 3, 35, 28, 27, 0, 32, 9, 25, 8, 26, 30, 29, 24, 12, 2
21, 23, 17, 29, 11, 18, 32, 19, 3, 12, 4, 27, 2, 10, 20, 8, 26, 35, 24, 30, 14, 33, 5, 22, 0, 34, 25, 9, 13, 7, 16, 31, 6, 15, 1, 28
33, 4, 32, 3, 8, 11, 29, 24, 35, 0, 9, 7, 15, 27, 21, 28, 19, 30, 5, 14, 22, 13, 25, 6, 10, 1, 2, 16, 31, 34, 23, 20, 17, 12, 18, 26
14, 2, 28, 10, 13, 20, 23, 5, 17, 26, 34, 0, 18, 33, 21, 32, 29, 3, 15, 16, 31, 7, 24, 12, 8, 25, 22, 27, 19, 6, 4, 9, 1, 11, 35, 30
34, 21, 25, 16, 1, 26, 10, 33, 27, 7, 2, 19, 5, 0, 3, 20, 8, 9, 29, 22, 31, 23, 24, 4, 13, 6, 14, 11, 30, 15, 18, 28, 17, 32, 12, 35
28, 22, 35, 27, 4, 33, 16, 13, 14, 10, 17, 8, 18, 6, 21, 23, 1, 24, 11, 9, 25, 29, 32, 19, 34, 12, 30, 26, 0, 20, 3, 15, 5, 31, 2, 7
14, 19, 10, 7, 25, 26, 17, 32, 27, 29, 9, 1, 33, 0, 34, 20, 6, 2, 13, 31, 16, 15, 3, 12, 8, 22, 28, 30, 35, 4, 5, 23, 21, 11, 18, 24
20, 10, 22, 30, 6, 2, 18, 24, 12, 23, 17, 21, 13, 14, 33, 4, 27, 15, 9, 31, 19, 29, 3, 11, 0, 35, 1, 5, 32, 25, 16, 26, 28, 8, 7, 34
4, 14, 30, 28, 5, 24, 18, 16, 20, 9, 7, 22, 0, 3, 29, 33, 2, 34, 13, 11, 35, 10, 26, 32, 19, 6, 15, 8, 25, 27, 17, 12, 23, 1, 31, 21
Pocket:
26, 27, 9, 32, 10, 0, 33, 15, 28, 8, 5, 24, 16, 35, 17, 11, 30, 6, 19, 1, 20, 25, 12, 22, 7, 34, 18, 23, 21, 13, 2, 29, 31, 14, 4, 3
31, 15, 23, 8, 2, 33, 30, 11, 10, 6, 32, 18, 29, 27, 0, 1, 7, 4, 21, 17, 26, 13, 19, 34, 25, 35, 22, 16, 24, 9, 28, 5, 14, 20, 3, 12
33, 24, 6, 27, 18, 9, 23, 13, 15, 0, 32, 25, 5, 2, 35, 21, 4, 11, 8, 3, 22, 17, 26, 1, 30, 34, 28, 20, 16, 29, 12, 10, 14, 19, 7, 31
17, 10, 13, 14, 32, 26, 0, 24, 23, 4, 22, 18, 33, 27, 21, 11, 20, 19, 29, 9, 31, 7, 30, 1, 16, 25, 8, 3, 5, 34, 35, 15, 6, 12, 28, 2
30, 21, 4, 28, 35, 11, 5, 27, 9, 6, 18, 16, 13, 1, 2, 29, 33, 22, 17, 19, 7, 8, 34, 26, 12, 24, 15, 10, 3, 31, 20, 32, 0, 23, 25, 14
25, 27, 7, 26, 16, 15, 24, 9, 21, 1, 2, 33, 10, 5, 11, 34, 12, 8, 19, 28, 14, 13, 3, 31, 35, 22, 29, 6, 17, 32, 0, 20, 23, 4, 18, 30
20, 30, 21, 28, 4, 17, 29, 22, 3, 14, 16, 11, 6, 0, 1, 12, 9, 5, 26, 32, 10, 33, 27, 8, 15, 13, 7, 24, 2, 35, 34, 18, 23, 31, 19, 25
5, 32, 26, 7, 35, 13, 24, 23, 20, 19, 18, 34, 10, 27, 29, 6, 16, 9, 15, 2, 8, 14, 17, 28, 4, 11, 33, 22, 25, 3, 0, 30, 1, 12, 31, 21
31, 32, 5, 11, 7, 13, 0, 20, 15, 1, 4, 14, 6, 18, 33, 8, 2, 16, 27, 25, 19, 34, 21, 24, 17, 10, 29, 23, 3, 28, 22, 9, 12, 35, 26, 30
29, 15, 10, 8, 28, 26, 32, 24, 3, 12, 35, 18, 30, 22, 16, 21, 27, 25, 20, 7, 1, 2, 4, 17, 9, 19, 0, 33, 6, 11, 14, 13, 23, 31, 34, 5
Pocket:
1, 13, 14, 31, 22, 20, 25, 0, 6, 26, 29, 5, 21, 30, 23, 12, 35, 8, 28, 2, 24, 9, 33, 3, 32, 17, 10, 16, 27, 19, 7, 4, 34, 15, 11, 18
29, 17, 35, 8, 5, 16, 3, 2, 27, 14, 13, 9, 4, 20, 28, 26, 22, 24, 10, 25, 19, 18, 33, 12, 15, 6, 1, 0, 23, 21, 34, 31, 30, 11, 7, 32
11, 14, 7, 0, 16, 28, 24, 4, 8, 31, 32, 9, 25, 17, 26, 33, 23, 22, 5, 12, 20, 19, 30, 35, 10, 18, 1, 27, 34, 29, 21, 15, 6, 13, 2, 3
32, 29, 26, 11, 24, 33, 18, 6, 2, 5, 3, 31, 25, 34, 17, 27, 12, 30, 23, 14, 21, 7, 8, 16, 22, 28, 19, 20, 10, 0, 15, 35, 9, 4, 13, 1
4, 17, 31, 13, 27, 23, 32, 29, 33, 2, 34, 8, 15, 25, 10, 7, 19, 16, 0, 26, 20, 9, 21, 18, 1, 28, 14, 35, 3, 5, 22, 30, 11, 24, 12, 6
0, 17, 22, 31, 15, 13, 10, 8, 9, 23, 14, 1, 5, 11, 6, 29, 12, 28, 30, 16, 26, 25, 21, 33, 7, 34, 32, 3, 19, 27, 2, 20, 4, 35, 18, 24
11, 3, 24, 1, 5, 18, 30, 10, 15, 28, 16, 12, 2, 26, 4, 0, 9, 19, 21, 33, 35, 7, 22, 25, 31, 6, 29, 14, 34, 32, 23, 8, 20, 13, 17, 27
25, 18, 27, 33, 16, 19, 22, 35, 20, 0, 30, 3, 5, 9, 26, 1, 11, 8, 21, 6, 32, 28, 4, 14, 12, 34, 17, 7, 24, 29, 10, 2, 31, 13, 23, 15
16, 33, 12, 28, 22, 4, 30, 1, 8, 9, 17, 20, 29, 18, 5, 23, 7, 26, 27, 34, 10, 35, 13, 25, 2, 19, 15, 3, 6, 0, 31, 14, 21, 32, 11, 24
11, 8, 10, 2, 13, 28, 4, 21, 7, 18, 20, 30, 0, 32, 29, 22, 33, 3, 26, 1, 12, 9, 31, 25, 17, 27, 24, 15, 14, 6, 34, 5, 19, 23, 35, 16