Pocket:
26, 22, 13, 8, 16, 1, 9, 15, 14, 19, 4, 23, 11, 28, 0, 3, 25, 10, 18, 2, 27, 29, 6, 17, 21, 7, 24, 20, 12, 5
18, 12, 9, 4, 7, 22, 16, 25, 0, 19, 20, 3, 11, 23, 13, 24, 15, 27, 6, 21, 1, 2, 28, 5, 17, 14, 10, 26, 8, 29
10, 9, 21, 8, 28, 1, 27, 20, 5, 22, 25, 4, 26, 7, 29, 24, 13, 19, 11, 0, 3, 2, 17, 14, 12, 18, 16, 6, 23, 15
17, 5, 11, 0, 28, 6, 16, 3, 12, 18, 7, 29, 9, 26, 14, 22, 10, 15, 13, 2, 27, 25, 23, 24, 21, 19, 1, 8, 4, 20
11, 19, 18, 21, 0, 15, 8, 3, 16, 27, 14, 12, 23, 5, 9, 20, 2, 6, 29, 25, 7, 1, 24, 10, 26, 4, 17, 13, 28, 22
25, 9, 1, 27, 26, 3, 12, 17, 10, 19, 18, 6, 7, 29, 20, 21, 28, 14, 23, 15, 5, 8, 13, 11, 22, 24, 4, 2, 16, 0
27, 10, 2, 16, 11, 20, 19, 15, 7, 5, 3, 17, 0, 23, 8, 6, 14, 26, 21, 4, 9, 1, 13, 12, 25, 29, 18, 24, 22, 28
15, 27, 21, 22, 8, 1, 19, 25, 23, 3, 10, 5, 28, 2, 29, 11, 0, 24, 20, 17, 12, 9, 18, 13, 4, 14, 26, 6, 16, 7
22, 11, 19, 25, 15, 28, 4, 27, 0, 1, 23, 2, 5, 10, 26, 18, 17, 24, 29, 16, 3, 13, 8, 9, 21, 12, 7, 20, 14, 6
13, 7, 10, 28, 12, 4, 26, 17, 29, 11, 5, 27, 8, 24, 14, 19, 6, 3, 16, 21, 2, 0, 22, 25, 15, 1, 9, 20, 23, 18
Pocket:
17, 23, 19, 5, 6, 21, 3, 0, 27, 1, 12, 28, 26, 8, 7, 13, 11, 15, 20, 10, 22, 2, 16, 14, 29, 18, 25, 9, 4, 24
6, 25, 13, 20, 19, 7, 3, 1, 15, 27, 23, 22, 12, 28, 11, 0, 29, 14, 4, 2, 18, 16, 21, 24, 5, 9, 17, 10, 8, 26
18, 14, 0, 12, 25, 5, 29, 2, 23, 19, 9, 27, 21, 20, 16, 8, 3, 13, 7, 4, 11, 10, 6, 22, 24, 15, 26, 28, 1, 17
27, 10, 23, 29, 4, 9, 7, 13, 8, 1, 28, 17, 5, 26, 16, 14, 20, 3, 25, 11, 0, 15, 2, 19, 22, 6, 21, 18, 24, 12
16, 21, 28, 14, 4, 19, 22, 3, 12, 10, 13, 29, 24, 5, 1, 0, 7, 11, 23, 18, 9, 15, 17, 25, 8, 6, 27, 20, 2, 26
16, 2, 27, 4, 14, 22, 18, 7, 19, 1, 0, 28, 29, 5, 15, 10, 17, 9, 6, 25, 3, 8, 24, 26, 13, 23, 20, 11, 21, 12
22, 10, 16, 28, 19, 25, 13, 17, 20, 23, 5, 14, 15, 24, 27, 9, 3, 26, 7, 21, 11, 12, 18, 8, 1, 6, 4, 0, 29, 2
16, 24, 4, 28, 25, 5, 2, 11, 7, 29, 23, 9, 18, 3, 20, 8, 13, 14, 21, 19, 22, 17, 26, 12, 0, 6, 15, 27, 1, 10
26, 9, 17, 27, 4, 2, 8, 22, 18, 20, 6, 16, 1, 12, 23, 7, 25, 11, 28, 19, 21, 5, 29, 13, 15, 10, 3, 0, 14, 24
26, 11, 4, 0, 25, 23, 27, 15, 21, 2, 10, 5, 7, 19, 9, 8, 13, 22, 17, 6, 28, 18, 16, 14, 29, 1, 3, 12, 24, 20
Pocket:
16, 25, 11, 26, 28, 27, 21, 24, 3, 5, 8, 4, 7, 2, 12, 17, 9, 15, 13, 1, 6, 14, 10, 23, 19, 0, 20, 29, 22, 18
5, 24, 15, 18, 27, 9, 3, 10, 14, 13, 7, 12, 6, 26, 1, 21, 29, 2, 28, 22, 0, 17, 8, 11, 25, 20, 19, 4, 16, 23
26, 23, 18, 4, 11, 3, 6, 15, 12, 0, 20, 19, 9, 21, 1, 29, 13, 24, 16, 7, 5, 27, 22, 17, 8, 25, 14, 28, 10, 2
28, 19, 29, 6, 27, 2, 22, 8, 7, 20, 24, 17, 1, 13, 4, 15, 0, 10, 9, 12, 5, 21, 23, 3, 25, 14, 18, 16, 11, 26
1, 11, 24, 12, 23, 5, 19, 15, 3, 29, 18, 8, 7, 28, 16, 6, 25, 21, 26, 4, 17, 10, 2, 0, 14, 13, 20, 22, 9, 27
26, 14, 17, 23, 21, 10, 0, 12, 28, 24, 19, 29, 6, 13, 4, 2, 11, 18, 20, 15, 25, 8, 27, 16, 22, 5, 3, 9, 1, 7
5, 27, 1, 8, 9, 2, 23, 29, 26, 13, 0, 18, 20, 14, 10, 4, 21, 12, 17, 16, 11, 6, 22, 7, 15, 24, 19, 25, 3, 28
25, 0, 8, 18, 4, 11, 6, 26, 16, 3, 27, 7, 12, 21, 5, 23, 17, 15, 1, 2, 22, 13, 20, 29, 19, 14, 10, 24, 28, 9
2, 21, 18, 3, 5, 26, 0, 14, 10, 8, 22, 1, 17, 11, 15, 7, 9, 12, 25, 4, 28, 29, 6, 19, 20, 16, 23, 27, 24, 13
19, 1, 29, 0, 14, 3, 7, 15, 13, 11, 25, 4, 10, 27, 26, 20, 2, 28, 8, 9, 24, 12, 5, 22, 6, 18, 17, 23, 16, 21
Pocket:
8, 28, 14, 27, 25, 5, 18, 9, 23, 12, 20, 4, 11, 3, 0, 21, 1, 7, 24, 19, 15, 13, 26, 22, 29, 10, 16, 2, 17, 6
7, 15, 26, 9, 10, 14, 25, 23, 0, 24, 27, 2, 5, 1, 12, 22, 16, 11, 8, 6, 19, 29, 21, 28, 20, 4, 17, 18, 3, 13
10, 6, 26, 20, 8, 4, 23, 7, 0, 24, 1, 3, 18, 12, 25, 27, 21, 9, 13, 22, 5, 29, 15, 11, 19, 2, 17, 14, 28, 16
25, 12, 26, 23, 9, 5, 13, 8, 18, 21, 22, 24, 17, 7, 27, 6, 11, 20, 29, 10, 1, 3, 15, 14, 2, 28, 16, 0, 19, 4
18, 10, 15, 25, 6, 27, 0, 20, 13, 17, 24, 19, 3, 8, 1, 9, 22, 29, 21, 12, 14, 5, 26, 4, 11, 23, 2, 16, 28, 7
5, 17, 28, 3, 16, 21, 24, 13, 6, 1, 26, 0, 10, 27, 19, 20, 15, 7, 2, 9, 23, 22, 29, 12, 25, 18, 11, 8, 4, 14
5, 8, 29, 0, 20, 12, 23, 21, 2, 9, 16, 13, 14, 28, 6, 15, 17, 27, 24, 1, 4, 19, 10, 22, 3, 26, 7, 25, 11, 18
17, 13, 14, 12, 27, 28, 18, 15, 20, 21, 5, 0, 3, 9, 23, 19, 25, 22, 24, 7, 8, 1, 16, 4, 2, 6, 11, 10, 29, 26
15, 14, 13, 20, 10, 29, 21, 6, 8, 16, 7, 24, 3, 23, 18, 4, 19, 22, 1, 12, 28, 0, 25, 17, 9, 11, 2, 5, 26, 27
5, 6, 8, 7, 29, 21, 11, 23, 13, 24, 10, 22, 16, 12, 28, 18, 19, 17, 1, 15, 14, 9, 26, 20, 25, 4, 0, 3, 2, 27
Pocket:
19, 25, 29, 15, 23, 1, 10, 5, 9, 22, 6, 24, 7, 12, 4, 16, 11, 8, 3, 28, 14, 0, 20, 17, 18, 21, 26, 2, 13, 27
13, 16, 26, 23, 5, 10, 4, 24, 7, 22, 21, 1, 8, 11, 12, 3, 29, 2, 28, 0, 20, 15, 14, 18, 19, 9, 27, 6, 17, 25
10, 24, 17, 2, 14, 18, 12, 13, 29, 8, 25, 15, 5, 1, 16, 6, 22, 7, 26, 27, 19, 9, 20, 3, 21, 11, 4, 23, 0, 28
11, 10, 27, 3, 4, 23, 2, 13, 19, 21, 14, 1, 26, 20, 16, 28, 18, 7, 5, 6, 17, 25, 8, 22, 29, 24, 12, 9, 15, 0
15, 18, 2, 11, 4, 27, 3, 13, 22, 26, 21, 9, 20, 1, 5, 29, 6, 7, 8, 10, 23, 12, 17, 16, 14, 28, 19, 24, 25, 0
23, 18, 15, 7, 3, 6, 24, 25, 14, 21, 17, 4, 29, 20, 12, 22, 19, 26, 0, 16, 5, 13, 10, 8, 2, 11, 1, 9, 27, 28
21, 15, 10, 2, 6, 0, 3, 4, 7, 8, 18, 9, 24, 5, 23, 22, 20, 14, 29, 13, 28, 17, 26, 25, 27, 1, 16, 11, 19, 12
8, 27, 0, 21, 11, 3, 25, 12, 20, 23, 9, 15, 26, 16, 14, 22, 18, 10, 2, 28, 5, 17, 4, 29, 6, 24, 7, 19, 1, 13
20, 24, 15, 5, 2, 26, 16, 4, 19, 23, 9, 28, 22, 1, 29, 10, 11, 12, 13, 8, 18, 0, 25, 14, 7, 3, 27, 6, 21, 17
27, 6, 26, 16, 18, 21, 20, 8, 4, 3, 24, 22, 9, 19, 23, 29, 14, 2, 10, 11, 28, 15, 25, 13, 7, 1, 0, 5, 17, 12
Pocket:
14, 27, 21, 5, 2, 4, 15, 26, 10, 13, 23, 28, 19, 9, 16, 29, 8, 3, 22, 11, 7, 24, 20, 0, 18, 25, 12, 17, 1, 6
15, 0, 17, 4, 5, 22, 12, 14, 16, 23, 21, 10, 7, 29, 3, 28, 1, 26, 11, 19, 9, 24, 13, 2, 27, 8, 25, 20, 6, 18
14, 12, 26, 23, 10, 22, 6, 0, 13, 25, 8, 4, 5, 3, 24, 20, 1, 28, 11, 18, 2, 15, 16, 19, 21, 29, 27, 7, 17, 9
7, 22, 17, 5, 4, 23, 29, 20, 21, 6, 8, 9, 16, 13, 1, 3, 0, 24, 18, 26, 27, 11, 14, 25, 12, 2, 10, 15, 19, 28
11, 9, 24, 2, 29, 23, 20, 15, 17, 14, 18, 7, 4, 12, 26, 3, 16, 0, 27, 19, 5, 21, 6, 1, 13, 8, 25, 28, 10, 22
28, 29, 26, 6, 4, 19, 12, 27, 1, 0, 14, 23, 10, 3, 8, 21, 11, 2, 17, 16, 20, 9, 5, 25, 15, 18, 13, 24, 7, 22
20, 14, 25, 1, 19, 17, 4, 10, 28, 7, 16, 22, 15, 23, 18, 24, 3, 13, 6, 0, 9, 11, 5, 2, 26, 29, 8, 27, 21, 12
8, 15, 19, 0, 2, 5, 29, 18, 22, 10, 7, 26, 17, 25, 9, 1, 27, 21, 24, 14, 6, 3, 23, 28, 11, 16, 20, 12, 13, 4
1, 19, 22, 2, 16, 3, 12, 13, 23, 21, 5, 8, 0, 18, 14, 20, 28, 6, 25, 27, 10, 17, 15, 9, 11, 7, 29, 24, 26, 4
22, 21, 23, 4, 1, 3, 16, 17, 6, 2, 8, 7, 12, 9, 13, 25, 28, 11, 5, 18, 0, 19, 15, 26, 20, 29, 14, 24, 10, 27
Pocket:
5, 28, 10, 2, 11, 3, 21, 6, 25, 7, 1, 0, 15, 12, 19, 9, 17, 27, 18, 24, 14, 13, 26, 22, 20, 16, 4, 23, 8, 29
8, 23, 18, 22, 12, 17, 13, 28, 27, 7, 2, 0, 20, 24, 3, 6, 1, 5, 10, 16, 29, 11, 9, 21, 19, 4, 25, 14, 26, 15
29, 24, 10, 8, 21, 3, 22, 20, 25, 7, 27, 26, 6, 19, 28, 0, 12, 5, 1, 16, 15, 17, 4, 9, 2, 14, 18, 13, 11, 23
19, 22, 3, 12, 25, 13, 14, 11, 18, 29, 16, 6, 1, 7, 15, 8, 26, 2, 28, 0, 9, 4, 23, 10, 20, 17, 5, 27, 21, 24
6, 20, 11, 19, 25, 14, 10, 12, 5, 24, 26, 1, 7, 22, 4, 0, 21, 28, 2, 29, 27, 17, 13, 16, 23, 9, 3, 15, 8, 18
27, 7, 19, 16, 6, 20, 13, 11, 5, 26, 17, 21, 25, 4, 23, 15, 8, 24, 18, 1, 22, 28, 10, 29, 0, 14, 9, 3, 12, 2
12, 0, 3, 11, 19, 10, 15, 17, 16, 18, 7, 29, 22, 14, 13, 21, 23, 1, 27, 2, 5, 25, 9, 8, 26, 28, 4, 6, 24, 20
22, 12, 11, 18, 0, 24, 17, 6, 8, 27, 2, 4, 15, 16, 19, 3, 21, 20, 5, 7, 13, 28, 29, 25, 1, 14, 26, 10, 9, 23
13, 12, 8, 16, 23, 6, 7, 25, 5, 21, 17, 27, 0, 15, 3, 28, 14, 22, 18, 26, 11, 24, 10, 4, 19, 2, 9, 20, 1, 29
9, 6, 1, 16, 14, 13, 12, 5, 18, 4, 8, 26, 24, 23, 28, 15, 11, 19, 22, 20, 27, 3, 7, 25, 17, 0, 2, 21, 10, 29
Pocket:
26, 16, 5, 7, 2, 3, 27, 29, 28, 18, 0, 10, 4, 22, 14, 23, 21, 13, 12, 1, 6, 17, 20, 19, 25, 15, 9, 11, 8, 24
21, 19, 23, 12, 25, 20, 26, 7, 13, 0, 1, 5, 24, 29, 9, 16, 14, 8, 18, 15, 6, 10, 2, 11, 22, 3, 28, 17, 4, 27
10, 5, 8, 7, 6, 13, 14, 23, 22, 21, 17, 19, 3, 0, 20, 16, 12, 24, 18, 28, 25, 29, 27, 11, 2, 4, 9, 15, 1, 26
29, 11, 18, 28, 6, 25, 8, 27, 14, 23, 20, 22, 5, 3, 12, 24, 10, 26, 21, 7, 13, 2, 16, 15, 1, 0, 17, 9, 19, 4
10, 12, 16, 3, 17, 27, 26, 8, 7, 14, 6, 2, 20, 28, 25, 11, 19, 13, 18, 21, 29, 9, 0, 22, 23, 15, 24, 4, 1, 5
23, 15, 10, 6, 3, 20, 17, 29, 13, 26, 4, 22, 7, 12, 27, 24, 11, 5, 16, 19, 0, 1, 2, 9, 21, 25, 18, 8, 28, 14
18, 21, 17, 24, 1, 29, 13, 22, 10, 0, 26, 16, 20, 7, 6, 5, 23, 12, 2, 8, 14, 19, 11, 27, 15, 28, 25, 9, 4, 3
12, 2, 11, 16, 4, 17, 26, 28, 19, 9, 24, 15, 5, 6, 20, 23, 13, 22, 21, 27, 1, 18, 25, 14, 8, 3, 10, 29, 7, 0
29, 16, 19, 26, 12, 2, 5, 6, 27, 24, 4, 11, 14, 28, 1, 9, 0, 10, 13, 23, 22, 20, 18, 7, 3, 21, 8, 17, 25, 15
29, 5, 15, 16, 23, 13, 1, 25, 6, 24, 14, 9, 19, 18, 4, 17, 0, 27, 10, 20, 2, 11, 8, 22, 21, 3, 26, 12, 28, 7
Pocket:
7, 2, 25, 4, 21, 5, 12, 24, 27, 19, 6, 22, 8, 18, 11, 16, 20, 9, 13, 14, 3, 1, 26, 28, 17, 15, 10, 0, 23, 29
25, 7, 13, 29, 8, 27, 16, 5, 28, 9, 24, 23, 22, 3, 18, 11, 20, 1, 10, 6, 19, 15, 2, 14, 0, 26, 4, 17, 12, 21
9, 10, 20, 16, 6, 8, 11, 28, 1, 27, 13, 21, 19, 2, 29, 23, 22, 15, 17, 4, 3, 25, 14, 24, 12, 26, 5, 18, 7, 0
20, 28, 16, 0, 3, 18, 7, 10, 29, 4, 27, 8, 5, 6, 14, 22, 26, 17, 11, 21, 12, 1, 23, 25, 24, 9, 13, 19, 15, 2
18, 6, 21, 1, 2, 14, 28, 26, 23, 29, 22, 11, 20, 10, 3, 15, 9, 5, 4, 8, 13, 25, 7, 16, 17, 19, 24, 0, 27, 12
0, 3, 21, 12, 25, 23, 24, 6, 26, 27, 19, 8, 4, 13, 1, 17, 28, 5, 9, 20, 15, 11, 7, 10, 2, 29, 22, 16, 14, 18
24, 28, 23, 1, 13, 27, 16, 20, 22, 4, 18, 21, 3, 14, 15, 7, 12, 11, 10, 5, 25, 2, 17, 0, 19, 8, 9, 26, 29, 6
11, 3, 8, 19, 18, 7, 10, 12, 15, 21, 28, 14, 13, 20, 26, 0, 2, 29, 17, 27, 22, 6, 4, 1, 9, 24, 23, 5, 16, 25
4, 9, 15, 6, 10, 19, 23, 22, 26, 21, 5, 0, 29, 20, 2, 27, 12, 24, 11, 14, 16, 3, 18, 1, 28, 7, 25, 17, 8, 13
26, 13, 17, 18, 7, 1, 20, 12, 4, 3, 25, 28, 14, 11, 24, 23, 2, 15, 16, 0, 21, 10, 8, 6, 5, 9, 22, 29, 27, 19
Pocket:
19, 11, 6, 18, 7, 13, 1, 27, 16, 3, 22, 21, 12, 25, 4, 10, 14, 8, 23, 0, 17, 9, 20, 5, 29, 26, 24, 2, 15, 28
8, 21, 9, 29, 15, 12, 20, 11, 1, 22, 27, 28, 13, 5, 3, 24, 4, 23, 2, 26, 6, 18, 16, 0, 7, 25, 19, 10, 17, 14
28, 15, 23, 0, 7, 26, 19, 9, 10, 16, 14, 2, 3, 1, 11, 21, 6, 12, 13, 24, 5, 18, 4, 17, 22, 25, 20, 8, 29, 27
3, 10, 17, 25, 6, 19, 24, 15, 26, 4, 5, 21, 23, 9, 8, 13, 29, 28, 7, 20, 11, 22, 16, 18, 14, 12, 2, 0, 1, 27
8, 4, 2, 9, 16, 18, 28, 17, 26, 0, 10, 29, 3, 22, 14, 25, 7, 1, 15, 5, 13, 27, 23, 21, 19, 11, 6, 24, 12, 20
11, 0, 25, 19, 8, 5, 1, 14, 17, 23, 4, 2, 10, 16, 7, 13, 18, 24, 26, 15, 21, 12, 3, 27, 6, 29, 20, 22, 28, 9
6, 19, 21, 22, 7, 9, 8, 27, 10, 26, 24, 11, 25, 20, 29, 4, 28, 18, 23, 0, 2, 14, 12, 5, 16, 13, 17, 3, 1, 15
28, 7, 24, 6, 15, 13, 10, 14, 3, 21, 8, 25, 26, 11, 0, 27, 18, 12, 1, 19, 9, 4, 17, 29, 23, 16, 22, 20, 2, 5
27, 16, 8, 26, 10, 9, 7, 20, 6, 14, 0, 15, 29, 2, 19, 11, 24, 3, 12, 22, 13, 21, 23, 4, 18, 5, 25, 1, 28, 17
26, 19, 27, 10, 20, 29, 24, 5, 22, 12, 21, 16, 0, 6, 9, 3, 23, 25, 28, 8, 18, 13, 2, 14, 4, 11, 15, 7, 17, 1
Pocket:
21, 13, 16, 14, 27, 7, 25, 19, 9, 15, 4, 17, 8, 20, 6, 11, 29, 0, 23, 5, 2, 28, 18, 24, 3, 22, 10, 1, 12, 26
10, 16, 27, 25, 13, 9, 17, 18, 2, 1, 0, 21, 23, 8, 28, 4, 19, 29, 22, 24, 26, 15, 14, 20, 12, 3, 6, 5, 11, 7
27, 14, 13, 5, 23, 15, 3, 7, 12, 1, 20, 11, 21, 19, 2, 22, 9, 25, 28, 29, 18, 10, 8, 24, 4, 16, 0, 6, 26, 17
17, 2, 9, 21, 8, 19, 12, 13, 16, 20, 29, 0, 18, 15, 28, 24, 5, 11, 4, 3, 7, 25, 6, 23, 26, 27, 14, 1, 10, 22
13, 14, 0, 21, 5, 23, 20, 11, 26, 18, 4, 22, 28, 27, 8, 9, 24, 6, 3, 2, 10, 17, 1, 12, 25, 19, 7, 15, 16, 29
17, 0, 7, 11, 15, 9, 2, 14, 1, 29, 27, 19, 28, 3, 6, 4, 12, 25, 24, 10, 20, 8, 13, 18, 21, 23, 22, 26, 16, 5
9, 13, 18, 2, 15, 21, 12, 6, 29, 24, 16, 5, 7, 10, 4, 1, 27, 23, 0, 17, 25, 20, 26, 3, 28, 11, 14, 8, 22, 19
18, 4, 20, 16, 6, 7, 26, 14, 12, 22, 23, 27, 1, 29, 11, 21, 3, 25, 10, 17, 15, 2, 5, 9, 19, 8, 0, 13, 28, 24
6, 2, 23, 10, 13, 15, 9, 5, 21, 28, 22, 20, 7, 4, 11, 25, 29, 26, 0, 17, 18, 12, 8, 24, 3, 16, 19, 27, 14, 1
2, 26, 11, 21, 29, 22, 24, 4, 20, 8, 6, 14, 23, 9, 16, 27, 17, 7, 5, 10, 18, 13, 28, 15, 12, 3, 0, 1, 25, 19
Pocket:
17, 9, 1, 12, 16, 21, 8, 27, 20, 6, 3, 19, 18, 15, 10, 28, 7, 24, 22, 2, 14, 13, 29, 5, 23, 25, 4, 11, 26, 0
19, 6, 26, 20, 22, 5, 28, 10, 27, 29, 14, 0, 11, 18, 4, 21, 25, 17, 12, 1, 7, 15, 8, 2, 13, 9, 24, 16, 23, 3
17, 28, 6, 12, 29, 13, 21, 18, 26, 4, 11, 8, 20, 1, 27, 24, 15, 7, 3, 22, 16, 10, 19, 2, 5, 23, 25, 9, 14, 0
20, 10, 19, 23, 24, 22, 8, 12, 13, 27, 18, 6, 26, 29, 25, 28, 14, 1, 5, 4, 3, 7, 17, 0, 9, 2, 16, 21, 15, 11
26, 27, 1, 25, 22, 23, 11, 13, 7, 14, 18, 24, 4, 10, 0, 9, 5, 28, 12, 8, 16, 17, 3, 20, 15, 29, 19, 2, 21, 6
6, 9, 18, 16, 0, 15, 17, 23, 7, 11, 4, 21, 12, 25, 1, 13, 5, 14, 20, 3, 8, 26, 24, 22, 19, 29, 2, 28, 27, 10
1, 25, 27, 21, 5, 3, 8, 9, 2, 7, 19, 17, 20, 28, 26, 24, 10, 11, 0, 14, 13, 22, 23, 4, 6, 18, 12, 29, 15, 16
8, 7, 2, 24, 4, 14, 16, 11, 18, 12, 13, 9, 20, 23, 3, 5, 27, 25, 10, 17, 29, 21, 0, 15, 6, 26, 28, 22, 19, 1
25, 14, 27, 9, 7, 13, 1, 28, 3, 18, 8, 22, 6, 15, 11, 0, 23, 16, 10, 24, 4, 21, 17, 20, 5, 19, 29, 26, 12, 2
21, 11, 20, 25, 23, 19, 18, 29, 5, 3, 26, 7, 8, 22, 28, 1, 12, 27, 6, 24, 15, 9, 2, 0, 17, 10, 4, 16, 14, 13
Pocket:
10, 16, 13, 4, 21, 2, 17, 7, 1, 26, 9, 11, 12, 18, 3, 8, 20, 22, 29, 28, 15, 24, 19, 27, 14, 0, 6, 5, 25, 23
12, 18, 2, 5, 26, 20, 28, 4, 8, 22, 0, 24, 11, 16, 29, 23, 10, 3, 14, 17, 15, 25, 13, 6, 7, 27, 1, 9, 21, 19
17, 19, 22, 5, 24, 18, 14, 25, 9, 1, 29, 2, 11, 10, 15, 21, 0, 23, 26, 6, 28, 3, 12, 7, 27, 16, 13, 20, 4, 8
19, 14, 8, 5, 26, 25, 20, 18, 27, 23, 1, 12, 11, 6, 4, 2, 21, 10, 17, 3, 15, 16, 22, 9, 28, 0, 7, 24, 29, 13
14, 7, 16, 26, 21, 0, 22, 9, 10, 27, 6, 4, 2, 20, 8, 1, 3, 29, 12, 13, 24, 15, 18, 28, 23, 11, 25, 5, 19, 17
18, 25, 2, 28, 13, 0, 14, 27, 20, 5, 10, 7, 17, 21, 4, 8, 16, 6, 23, 12, 22, 15, 19, 9, 1, 26, 11, 29, 3, 24
1, 14, 17, 3, 23, 20, 11, 12, 21, 24, 28, 25, 18, 6, 9, 19, 4, 22, 0, 8, 13, 15, 2, 29, 16, 7, 5, 10, 26, 27
22, 13, 4, 16, 14, 12, 19, 0, 1, 8, 6, 28, 15, 7, 26, 18, 27, 2, 3, 24, 10, 20, 5, 25, 29, 23, 9, 21, 17, 11
12, 3, 27, 10, 25, 18, 6, 0, 1, 7, 16, 26, 17, 2, 23, 11, 5, 22, 29, 24, 19, 20, 28, 13, 9, 21, 8, 14, 4, 15
11, 13, 17, 20, 6, 26, 7, 29, 4, 1, 27, 12, 18, 25, 15, 3, 5, 22, 0, 23, 2, 19, 14, 21, 8, 24, 28, 10, 16, 9