Pocket:
10, 25, 23, 9, 11, 18, 0, 16, 17, 8, 38, 34, 3, 35, 26, 13, 2, 33, 37, 22, 19, 7, 28, 27, 29, 4, 5, 31, 20, 30, 39, 14, 15, 24, 36, 21, 6, 12, 1, 32
26, 19, 37, 10, 23, 7, 27, 13, 20, 1, 31, 8, 5, 12, 2, 35, 38, 14, 11, 28, 15, 16, 25, 17, 18, 3, 39, 4, 33, 32, 34, 9, 21, 22, 24, 29, 30, 6, 0, 36
26, 35, 31, 29, 5, 34, 3, 19, 18, 10, 25, 4, 16, 30, 2, 37, 32, 1, 38, 33, 39, 20, 24, 23, 13, 6, 15, 12, 28, 14, 9, 22, 8, 11, 0, 36, 27, 21, 7, 17
38, 27, 3, 24, 14, 36, 22, 4, 28, 37, 15, 39, 11, 26, 33, 7, 31, 21, 10, 5, 0, 34, 8, 2, 32, 23, 12, 20, 13, 35, 6, 25, 9, 1, 30, 29, 17, 18, 16, 19
18, 35, 14, 38, 39, 36, 25, 37, 23, 17, 26, 30, 16, 8, 11, 28, 29, 10, 15, 31, 2, 32, 9, 6, 7, 1, 12, 33, 3, 20, 4, 34, 19, 24, 27, 0, 5, 22, 21, 13
17, 8, 25, 37, 3, 28, 36, 30, 33, 15, 24, 0, 38, 32, 26, 39, 10, 9, 14, 13, 19, 31, 16, 12, 11, 34, 20, 4, 29, 21, 7, 18, 6, 22, 23, 2, 5, 35, 27, 1
9, 20, 2, 27, 26, 0, 15, 39, 29, 35, 14, 33, 31, 24, 4, 30, 11, 21, 6, 19, 12, 28, 36, 37, 18, 5, 38, 32, 23, 10, 8, 3, 1, 17, 16, 7, 34, 22, 25, 13
9, 16, 37, 8, 14, 23, 15, 32, 38, 13, 18, 27, 35, 11, 7, 2, 20, 34, 10, 36, 31, 3, 5, 25, 33, 4, 21, 17, 28, 0, 19, 12, 26, 24, 1, 22, 6, 30, 39, 29
18, 1, 9, 28, 4, 3, 31, 38, 33, 13, 12, 19, 5, 17, 30, 23, 7, 36, 20, 35, 29, 22, 15, 16, 8, 10, 37, 2, 34, 39, 25, 6, 24, 0, 32, 27, 11, 21, 26, 14
11, 33, 38, 3, 22, 17, 29, 37, 13, 23, 7, 19, 30, 24, 25, 34, 35, 21, 4, 14, 12, 20, 18, 28, 36, 5, 2, 15, 10, 32, 9, 6, 8, 31, 0, 1, 39, 27, 26, 16
Pocket:
13, 35, 20, 5, 21, 15, 2, 12, 33, 24, 25, 39, 34, 4, 26, 17, 9, 3, 10, 36, 32, 14, 29, 1, 37, 27, 0, 23, 22, 11, 16, 28, 18, 19, 38, 30, 7, 31, 6, 8
28, 2, 5, 38, 22, 27, 29, 31, 7, 12, 24, 3, 13, 19, 1, 37, 0, 11, 10, 21, 18, 17, 15, 26, 23, 30, 14, 39, 20, 33, 16, 9, 34, 4, 32, 25, 35, 6, 8, 36
9, 19, 35, 12, 34, 27, 1, 30, 4, 18, 14, 11, 28, 15, 25, 21, 2, 7, 32, 8, 24, 17, 26, 0, 33, 6, 10, 22, 39, 31, 20, 29, 23, 13, 3, 37, 38, 5, 36, 16
22, 1, 29, 13, 27, 9, 17, 30, 8, 16, 21, 37, 0, 5, 32, 19, 34, 15, 18, 14, 28, 10, 6, 23, 24, 11, 31, 39, 12, 25, 36, 26, 2, 20, 38, 7, 3, 35, 4, 33
30, 20, 28, 17, 37, 14, 8, 2, 1, 18, 22, 36, 39, 38, 7, 24, 5, 35, 29, 23, 12, 34, 6, 10, 32, 19, 21, 15, 26, 27, 3, 16, 0, 33, 31, 13, 4, 9, 11, 25
4, 11, 21, 12, 23, 20, 17, 19, 29, 25, 6, 33, 24, 14, 15, 16, 28, 0, 9, 31, 7, 13, 34, 22, 26, 36, 39, 5, 35, 1, 10, 3, 27, 18, 8, 37, 2, 38, 32, 30
21, 9, 2, 35, 38, 24, 29, 16, 6, 8, 1, 0, 30, 22, 39, 31, 15, 12, 7, 28, 10, 37, 13, 33, 34, 25, 3, 20, 19, 5, 36, 11, 27, 23, 17, 32, 14, 4, 18, 26
24, 28, 26, 33, 32, 22, 7, 38, 12, 29, 19, 15, 20, 10, 14, 8, 6, 23, 11, 18, 0, 3, 21, 4, 39, 9, 36, 1, 25, 2, 30, 16, 34, 37, 5, 27, 13, 17, 31, 35
20, 29, 25, 2, 15, 8, 9, 26, 22, 10, 21, 13, 14, 1, 17, 24, 12, 5, 0, 33, 39, 28, 6, 19, 30, 7, 11, 3, 27, 35, 31, 38, 32, 4, 23, 34, 16, 18, 36, 37
20, 12, 10, 5, 6, 0, 2, 29, 28, 31, 19, 7, 9, 22, 39, 38, 16, 36, 26, 27, 3, 34, 30, 24, 8, 4, 1, 35, 21, 15, 18, 25, 14, 33, 23, 37, 17, 32, 11, 13
Pocket:
20, 33, 5, 38, 0, 17, 4, 26, 24, 36, 18, 23, 30, 39, 3, 11, 34, 14, 28, 12, 13, 7, 37, 27, 22, 10, 19, 32, 21, 16, 31, 6, 9, 25, 15, 35, 1, 2, 8, 29
12, 11, 22, 19, 35, 13, 5, 14, 28, 17, 23, 10, 39, 32, 3, 34, 21, 8, 24, 27, 1, 30, 16, 26, 31, 25, 33, 7, 6, 2, 37, 36, 0, 9, 38, 4, 15, 29, 18, 20
17, 13, 14, 34, 25, 3, 20, 31, 1, 2, 24, 30, 26, 39, 37, 11, 23, 12, 15, 33, 32, 8, 7, 35, 9, 28, 29, 4, 21, 5, 36, 0, 19, 38, 27, 18, 16, 6, 10, 22
8, 39, 38, 32, 24, 34, 25, 37, 4, 33, 16, 17, 19, 30, 23, 21, 31, 6, 29, 1, 28, 13, 35, 26, 27, 36, 5, 14, 10, 22, 7, 2, 0, 18, 20, 15, 12, 9, 11, 3
14, 22, 21, 4, 9, 6, 17, 36, 26, 29, 34, 27, 33, 0, 20, 25, 12, 28, 31, 39, 10, 32, 35, 18, 1, 23, 16, 3, 2, 8, 15, 19, 7, 5, 37, 13, 11, 38, 24, 30
7, 18, 26, 29, 25, 6, 35, 13, 5, 21, 12, 22, 37, 38, 10, 4, 16, 39, 32, 15, 17, 20, 33, 8, 19, 11, 14, 23, 34, 30, 28, 27, 36, 31, 0, 3, 2, 1, 24, 9
31, 22, 15, 14, 35, 16, 23, 5, 3, 4, 20, 32, 10, 26, 33, 29, 8, 17, 34, 38, 30, 6, 18, 7, 12, 11, 19, 36, 37, 39, 25, 27, 9, 2, 28, 0, 1, 13, 24, 21
36, 18, 6, 34, 14, 4, 11, 32, 7, 25, 26, 0, 38, 23, 13, 24, 30, 3, 5, 37, 12, 10, 39, 29, 16, 31, 2, 27, 8, 35, 28, 15, 17, 21, 19, 20, 9, 1, 22, 33
0, 26, 6, 3, 2, 37, 30, 24, 22, 34, 18, 29, 35, 1, 7, 14, 31, 39, 10, 20, 13, 15, 9, 32, 4, 25, 36, 16, 11, 33, 21, 8, 38, 19, 27, 12, 28, 23, 5, 17
11, 17, 3, 32, 4, 26, 36, 10, 16, 6, 13, 35, 19, 14, 8, 12, 7, 30, 39, 22, 33, 29, 37, 5, 28, 1, 20, 0, 9, 31, 34, 38, 27, 23, 25, 2, 18, 21, 15, 24
Pocket:
36, 5, 11, 17, 2, 9, 7, 22, 30, 39, 0, 32, 15, 35, 1, 3, 25, 8, 37, 12, 33, 19, 38, 13, 20, 10, 27, 4, 21, 23, 16, 24, 28, 6, 18, 26, 14, 31, 34, 29
14, 31, 16, 33, 5, 11, 0, 35, 37, 27, 4, 3, 24, 13, 6, 34, 32, 28, 21, 17, 38, 7, 18, 9, 23, 39, 30, 15, 36, 8, 29, 12, 22, 1, 2, 10, 20, 26, 19, 25
38, 22, 16, 21, 14, 35, 12, 34, 27, 5, 36, 39, 31, 0, 2, 29, 30, 20, 25, 7, 10, 26, 13, 3, 37, 6, 33, 18, 23, 24, 15, 9, 8, 11, 28, 19, 4, 1, 32, 17
7, 33, 38, 12, 6, 32, 25, 21, 24, 4, 13, 35, 23, 15, 9, 31, 1, 20, 2, 10, 29, 14, 22, 3, 16, 8, 5, 18, 30, 0, 37, 39, 19, 26, 11, 17, 34, 27, 28, 36
28, 2, 30, 1, 16, 14, 25, 38, 13, 3, 17, 0, 10, 27, 12, 33, 26, 8, 34, 6, 5, 9, 31, 19, 22, 15, 36, 20, 4, 21, 37, 7, 11, 32, 18, 39, 24, 29, 35, 23
1, 39, 16, 35, 6, 14, 15, 22, 4, 3, 29, 2, 32, 26, 30, 13, 33, 0, 17, 8, 23, 21, 9, 18, 19, 25, 31, 27, 38, 11, 5, 7, 36, 24, 37, 28, 20, 12, 34, 10
6, 29, 22, 7, 28, 21, 37, 14, 0, 31, 2, 39, 33, 3, 11, 35, 8, 34, 15, 9, 36, 13, 4, 27, 26, 10, 24, 16, 32, 1, 18, 5, 12, 23, 25, 17, 20, 38, 30, 19
38, 20, 15, 36, 13, 2, 17, 31, 10, 35, 23, 8, 11, 9, 16, 34, 25, 21, 1, 19, 0, 5, 29, 33, 39, 12, 26, 4, 32, 37, 30, 14, 28, 18, 3, 7, 22, 27, 24, 6
32, 2, 8, 10, 36, 14, 15, 16, 1, 25, 4, 26, 29, 7, 22, 0, 21, 6, 12, 3, 28, 18, 27, 24, 34, 38, 9, 23, 17, 35, 33, 19, 31, 5, 13, 39, 20, 11, 37, 30
26, 8, 34, 25, 13, 22, 27, 10, 31, 6, 23, 15, 21, 9, 19, 35, 33, 38, 36, 20, 4, 7, 11, 37, 32, 14, 29, 39, 0, 24, 16, 3, 1, 17, 5, 2, 30, 18, 12, 28
Pocket:
9, 30, 32, 5, 11, 10, 14, 18, 33, 24, 20, 39, 27, 0, 19, 3, 21, 37, 35, 12, 6, 36, 15, 16, 8, 25, 28, 26, 13, 4, 29, 23, 34, 2, 7, 22, 1, 17, 38, 31
24, 5, 27, 31, 21, 17, 32, 30, 33, 15, 6, 14, 19, 8, 20, 16, 22, 18, 29, 11, 4, 10, 3, 37, 12, 34, 26, 38, 25, 2, 13, 39, 36, 7, 9, 35, 28, 1, 0, 23
33, 21, 26, 16, 27, 14, 30, 39, 37, 17, 15, 20, 29, 12, 34, 1, 31, 28, 24, 2, 18, 32, 25, 38, 13, 35, 4, 23, 19, 36, 22, 6, 3, 0, 5, 10, 9, 7, 8, 11
28, 20, 4, 7, 6, 34, 21, 14, 1, 18, 27, 23, 26, 19, 17, 33, 12, 38, 35, 2, 30, 16, 36, 5, 32, 0, 13, 11, 8, 39, 25, 22, 9, 24, 3, 37, 15, 31, 10, 29
16, 12, 22, 7, 31, 2, 25, 13, 28, 32, 9, 6, 38, 8, 19, 3, 35, 39, 34, 14, 37, 23, 27, 0, 26, 36, 17, 4, 29, 11, 10, 24, 1, 15, 20, 5, 33, 21, 18, 30
1, 33, 35, 5, 2, 7, 6, 24, 14, 0, 16, 20, 8, 17, 19, 32, 10, 11, 25, 36, 15, 13, 21, 31, 12, 38, 9, 30, 27, 3, 37, 23, 29, 4, 26, 18, 28, 34, 39, 22
5, 10, 9, 24, 27, 31, 36, 7, 3, 12, 38, 29, 20, 18, 8, 16, 13, 33, 28, 6, 1, 2, 25, 11, 0, 32, 22, 30, 17, 26, 21, 37, 23, 35, 14, 4, 34, 19, 39, 15
7, 15, 9, 1, 3, 21, 27, 39, 13, 26, 29, 0, 24, 8, 37, 22, 6, 30, 28, 19, 25, 11, 34, 14, 10, 20, 32, 36, 31, 12, 2, 33, 23, 16, 4, 35, 38, 5, 18, 17
23, 3, 7, 36, 16, 32, 6, 27, 21, 14, 22, 15, 38, 28, 20, 39, 2, 29, 9, 19, 31, 8, 1, 18, 0, 33, 26, 10, 12, 24, 11, 37, 13, 25, 34, 5, 17, 35, 4, 30
18, 27, 32, 20, 34, 10, 2, 1, 3, 17, 38, 30, 4, 6, 16, 28, 24, 0, 35, 33, 23, 21, 31, 19, 37, 11, 7, 9, 29, 25, 13, 15, 8, 36, 26, 12, 39, 5, 14, 22
Pocket:
2, 17, 25, 20, 32, 39, 27, 5, 31, 26, 33, 24, 23, 6, 9, 22, 38, 1, 11, 18, 3, 21, 29, 16, 10, 4, 7, 19, 12, 13, 14, 30, 36, 0, 15, 8, 34, 37, 35, 28
3, 31, 0, 4, 5, 18, 33, 21, 24, 15, 11, 6, 17, 34, 37, 38, 14, 39, 28, 29, 22, 35, 10, 16, 7, 36, 30, 20, 1, 8, 32, 25, 13, 19, 26, 27, 12, 2, 9, 23
39, 8, 25, 1, 2, 21, 38, 11, 12, 17, 7, 0, 26, 28, 22, 32, 18, 33, 19, 34, 27, 16, 9, 24, 4, 6, 10, 37, 31, 36, 35, 14, 15, 5, 3, 30, 23, 29, 13, 20
0, 35, 26, 31, 3, 5, 4, 17, 37, 15, 30, 6, 10, 9, 18, 13, 27, 12, 22, 29, 16, 23, 7, 39, 8, 38, 28, 24, 19, 25, 20, 32, 14, 2, 34, 11, 33, 21, 1, 36
10, 25, 5, 12, 15, 21, 30, 16, 20, 11, 38, 18, 3, 23, 37, 31, 33, 1, 9, 13, 14, 35, 34, 8, 4, 2, 39, 6, 26, 0, 7, 17, 22, 27, 28, 24, 32, 29, 19, 36
22, 28, 0, 36, 31, 25, 32, 35, 12, 34, 39, 2, 10, 8, 30, 18, 27, 26, 37, 23, 38, 29, 1, 24, 16, 11, 33, 13, 14, 6, 17, 19, 20, 7, 21, 9, 3, 4, 15, 5
19, 27, 10, 14, 7, 26, 34, 20, 12, 8, 2, 15, 6, 13, 33, 38, 25, 35, 23, 24, 11, 16, 1, 21, 31, 9, 36, 17, 28, 32, 29, 0, 39, 30, 37, 18, 5, 22, 4, 3
4, 5, 21, 33, 19, 37, 27, 34, 0, 25, 20, 38, 14, 11, 8, 23, 22, 17, 7, 16, 10, 30, 15, 1, 36, 39, 26, 9, 2, 6, 35, 13, 18, 28, 29, 3, 24, 32, 12, 31
38, 21, 33, 23, 2, 26, 24, 32, 3, 17, 14, 18, 20, 31, 13, 37, 5, 30, 19, 34, 10, 27, 35, 29, 8, 4, 7, 11, 1, 0, 22, 6, 39, 36, 25, 28, 9, 12, 15, 16
29, 33, 31, 15, 23, 26, 11, 20, 6, 5, 19, 30, 35, 9, 4, 17, 21, 32, 38, 39, 16, 1, 13, 7, 27, 18, 14, 12, 37, 28, 2, 22, 25, 0, 36, 34, 3, 8, 24, 10
Pocket:
4, 1, 8, 29, 16, 11, 38, 17, 34, 5, 15, 30, 12, 28, 3, 10, 20, 24, 9, 18, 21, 26, 2, 13, 27, 14, 23, 31, 25, 6, 0, 37, 32, 35, 7, 36, 19, 39, 33, 22
32, 16, 4, 36, 24, 13, 2, 39, 11, 10, 29, 22, 7, 35, 18, 21, 23, 34, 5, 6, 33, 37, 20, 30, 15, 14, 3, 9, 1, 27, 17, 28, 26, 8, 25, 0, 38, 19, 31, 12
25, 32, 5, 6, 9, 37, 28, 34, 26, 8, 16, 13, 1, 23, 17, 19, 21, 10, 33, 31, 18, 38, 4, 7, 29, 3, 11, 22, 24, 2, 39, 27, 20, 14, 0, 12, 30, 15, 36, 35
19, 34, 36, 9, 5, 11, 27, 25, 29, 28, 38, 24, 22, 35, 18, 32, 10, 16, 31, 13, 6, 4, 37, 30, 39, 0, 26, 12, 15, 21, 2, 23, 1, 7, 20, 33, 3, 8, 14, 17
2, 21, 16, 0, 7, 35, 33, 5, 14, 31, 29, 30, 26, 4, 38, 27, 23, 6, 9, 18, 1, 19, 34, 13, 28, 15, 8, 10, 17, 11, 37, 3, 25, 39, 20, 36, 12, 24, 22, 32
6, 15, 12, 39, 36, 19, 27, 21, 5, 30, 35, 25, 11, 22, 37, 3, 17, 18, 38, 10, 8, 26, 9, 16, 33, 29, 7, 28, 14, 2, 1, 20, 0, 32, 4, 31, 34, 23, 24, 13
8, 4, 20, 29, 25, 35, 30, 10, 22, 24, 5, 26, 18, 0, 15, 21, 11, 3, 37, 38, 27, 17, 33, 28, 16, 14, 7, 6, 13, 1, 31, 39, 32, 19, 36, 2, 12, 23, 9, 34
21, 17, 9, 10, 28, 14, 23, 26, 7, 3, 25, 6, 1, 5, 8, 29, 33, 19, 2, 34, 37, 35, 20, 12, 27, 13, 15, 32, 39, 16, 22, 31, 18, 38, 0, 30, 11, 4, 36, 24
18, 4, 37, 26, 5, 30, 10, 31, 28, 0, 13, 33, 19, 6, 11, 7, 32, 38, 25, 3, 8, 16, 12, 1, 23, 15, 36, 9, 39, 21, 17, 22, 34, 27, 35, 14, 2, 29, 24, 20
9, 27, 3, 11, 12, 15, 1, 14, 26, 39, 23, 32, 6, 19, 18, 38, 33, 36, 4, 13, 30, 8, 21, 25, 10, 34, 7, 22, 2, 20, 0, 37, 29, 31, 28, 35, 16, 17, 24, 5
Pocket:
13, 2, 7, 32, 4, 6, 17, 14, 35, 21, 5, 1, 38, 10, 39, 27, 18, 30, 19, 25, 8, 9, 34, 12, 20, 16, 23, 22, 29, 0, 37, 15, 11, 24, 36, 33, 3, 26, 31, 28
2, 35, 13, 25, 1, 21, 8, 33, 26, 20, 7, 9, 5, 6, 30, 15, 22, 38, 23, 11, 14, 19, 29, 16, 36, 18, 37, 32, 10, 31, 12, 28, 3, 0, 27, 17, 39, 34, 4, 24
25, 10, 14, 6, 15, 19, 5, 37, 34, 23, 36, 21, 1, 26, 18, 7, 20, 33, 30, 29, 28, 31, 13, 4, 32, 27, 12, 39, 2, 17, 0, 22, 38, 35, 11, 16, 8, 24, 3, 9
33, 13, 20, 0, 1, 30, 34, 2, 10, 27, 39, 18, 26, 36, 3, 37, 19, 38, 14, 31, 12, 35, 5, 21, 4, 9, 15, 6, 29, 32, 28, 25, 24, 23, 7, 16, 22, 17, 11, 8
23, 19, 27, 36, 32, 22, 34, 14, 20, 17, 5, 28, 7, 9, 29, 15, 3, 24, 26, 31, 11, 21, 18, 33, 35, 4, 16, 39, 0, 2, 30, 6, 12, 1, 38, 25, 37, 10, 13, 8
32, 27, 38, 19, 0, 22, 17, 14, 18, 1, 3, 16, 37, 7, 30, 34, 11, 36, 6, 8, 31, 24, 39, 4, 13, 29, 5, 23, 35, 9, 10, 28, 21, 26, 2, 20, 25, 33, 15, 12
18, 26, 19, 11, 16, 25, 17, 0, 4, 36, 28, 31, 27, 8, 37, 5, 14, 3, 23, 6, 29, 22, 34, 30, 20, 39, 1, 15, 32, 7, 24, 9, 12, 21, 38, 13, 2, 10, 33, 35
19, 20, 33, 3, 12, 27, 15, 37, 10, 31, 16, 0, 39, 29, 6, 14, 5, 18, 24, 2, 32, 1, 25, 28, 30, 17, 21, 26, 38, 23, 4, 36, 9, 8, 13, 34, 11, 22, 35, 7
0, 1, 12, 35, 33, 15, 30, 31, 10, 6, 37, 38, 18, 26, 24, 2, 17, 28, 11, 3, 36, 13, 25, 29, 19, 32, 27, 8, 34, 21, 39, 5, 14, 4, 23, 16, 7, 20, 22, 9
17, 9, 21, 2, 8, 31, 30, 39, 29, 6, 37, 24, 14, 34, 3, 7, 18, 33, 35, 22, 5, 12, 19, 16, 38, 0, 28, 4, 10, 26, 27, 36, 15, 11, 25, 20, 23, 32, 1, 13
Pocket:
9, 30, 8, 27, 15, 36, 29, 13, 11, 12, 31, 33, 39, 20, 14, 34, 7, 2, 3, 22, 21, 32, 26, 0, 35, 19, 23, 6, 1, 24, 10, 5, 18, 28, 38, 17, 4, 25, 16, 37
10, 32, 37, 17, 15, 25, 34, 7, 21, 27, 8, 36, 38, 39, 23, 28, 16, 9, 11, 22, 35, 26, 2, 5, 33, 1, 13, 0, 24, 14, 29, 18, 20, 3, 31, 12, 6, 4, 19, 30
14, 37, 38, 32, 21, 4, 20, 17, 16, 22, 11, 18, 31, 10, 8, 0, 34, 24, 5, 6, 3, 35, 30, 27, 39, 9, 12, 29, 2, 36, 26, 19, 7, 28, 25, 13, 15, 1, 23, 33
31, 25, 18, 5, 20, 13, 26, 3, 39, 14, 36, 9, 23, 8, 24, 16, 7, 6, 2, 10, 4, 32, 29, 19, 38, 28, 0, 21, 22, 35, 11, 15, 27, 17, 1, 34, 12, 37, 33, 30
1, 25, 30, 6, 12, 29, 2, 19, 37, 22, 21, 35, 18, 9, 10, 5, 28, 8, 39, 32, 27, 26, 13, 11, 33, 3, 17, 15, 36, 23, 34, 38, 31, 4, 24, 7, 14, 20, 0, 16
10, 11, 29, 13, 39, 4, 22, 32, 24, 1, 25, 5, 2, 26, 18, 3, 8, 30, 20, 15, 21, 17, 6, 37, 16, 12, 33, 19, 35, 34, 23, 7, 9, 14, 0, 27, 36, 38, 28, 31
23, 11, 14, 12, 10, 1, 0, 16, 2, 22, 17, 7, 37, 27, 35, 28, 5, 33, 15, 31, 34, 24, 4, 19, 30, 39, 36, 9, 21, 38, 25, 13, 26, 29, 8, 18, 3, 6, 20, 32
0, 6, 33, 37, 19, 18, 4, 20, 28, 22, 35, 27, 30, 29, 10, 34, 13, 7, 31, 11, 8, 36, 32, 39, 25, 15, 5, 16, 26, 2, 9, 21, 12, 3, 1, 17, 14, 38, 23, 24
19, 15, 8, 36, 30, 33, 25, 28, 35, 31, 29, 39, 7, 5, 9, 23, 6, 22, 24, 18, 1, 0, 17, 3, 21, 10, 27, 11, 12, 14, 32, 16, 37, 20, 26, 38, 2, 13, 34, 4
24, 29, 2, 11, 10, 12, 23, 21, 9, 37, 33, 19, 32, 3, 17, 34, 20, 38, 7, 28, 16, 22, 4, 14, 31, 6, 27, 8, 15, 25, 18, 5, 39, 0, 26, 30, 1, 35, 13, 36
Pocket:
31, 17, 38, 33, 13, 30, 7, 21, 1, 25, 32, 9, 12, 4, 27, 0, 3, 28, 36, 24, 23, 26, 29, 34, 16, 18, 8, 39, 22, 10, 6, 19, 37, 20, 2, 14, 35, 15, 11, 5
8, 22, 12, 31, 19, 21, 3, 20, 13, 14, 0, 4, 33, 35, 10, 25, 36, 9, 37, 32, 7, 18, 34, 38, 24, 28, 15, 39, 27, 26, 2, 1, 5, 6, 23, 29, 17, 11, 16, 30
21, 26, 6, 8, 15, 0, 31, 1, 34, 27, 35, 38, 25, 39, 29, 5, 4, 12, 16, 2, 20, 28, 13, 33, 10, 3, 18, 32, 14, 36, 24, 17, 30, 9, 19, 22, 7, 23, 11, 37
35, 25, 24, 36, 33, 27, 37, 17, 14, 39, 34, 23, 21, 20, 5, 1, 15, 8, 31, 10, 22, 26, 30, 2, 0, 11, 7, 18, 9, 28, 13, 4, 6, 16, 38, 3, 32, 12, 29, 19
28, 13, 5, 4, 20, 2, 24, 10, 23, 0, 22, 26, 37, 7, 12, 27, 8, 6, 16, 14, 34, 32, 29, 15, 25, 11, 30, 3, 17, 18, 36, 39, 33, 19, 35, 9, 38, 31, 21, 1
15, 32, 4, 24, 36, 10, 37, 35, 11, 3, 17, 39, 29, 22, 34, 9, 8, 28, 6, 33, 7, 0, 38, 12, 23, 21, 2, 27, 5, 14, 19, 26, 13, 25, 1, 18, 16, 20, 30, 31
9, 5, 8, 10, 19, 25, 12, 6, 34, 32, 22, 13, 23, 26, 31, 37, 28, 7, 33, 11, 15, 2, 0, 21, 3, 27, 36, 4, 14, 1, 17, 29, 20, 39, 35, 30, 24, 38, 16, 18
19, 18, 28, 24, 2, 31, 23, 17, 35, 12, 14, 11, 25, 7, 1, 10, 6, 5, 38, 33, 32, 4, 8, 36, 20, 26, 13, 0, 39, 30, 37, 21, 27, 15, 9, 34, 16, 22, 29, 3
1, 38, 20, 16, 15, 13, 10, 5, 24, 18, 14, 27, 8, 37, 31, 30, 3, 19, 6, 22, 2, 36, 26, 0, 35, 7, 9, 23, 39, 29, 4, 12, 32, 28, 17, 11, 25, 33, 34, 21
7, 9, 13, 27, 11, 17, 16, 25, 22, 24, 8, 1, 33, 2, 5, 6, 18, 34, 39, 35, 23, 0, 14, 29, 31, 3, 32, 4, 19, 37, 12, 20, 38, 15, 36, 21, 10, 28, 30, 26
Pocket:
14, 33, 1, 8, 4, 19, 20, 28, 17, 21, 2, 26, 12, 0, 13, 23, 30, 10, 11, 27, 18, 7, 39, 6, 15, 36, 38, 5, 25, 37, 34, 29, 3, 9, 31, 16, 22, 35, 24, 32
32, 5, 25, 29, 33, 20, 34, 19, 31, 23, 8, 26, 24, 21, 12, 6, 10, 28, 30, 38, 36, 13, 14, 15, 7, 39, 1, 17, 4, 27, 3, 16, 9, 18, 2, 22, 0, 37, 11, 35
28, 7, 31, 10, 39, 16, 38, 19, 25, 21, 11, 32, 34, 23, 24, 6, 15, 13, 29, 27, 35, 9, 18, 4, 3, 17, 36, 30, 20, 5, 14, 33, 0, 37, 1, 22, 8, 12, 2, 26
0, 2, 8, 36, 35, 13, 15, 37, 33, 17, 14, 6, 27, 9, 11, 30, 4, 20, 38, 22, 32, 16, 7, 31, 34, 25, 1, 19, 29, 5, 28, 26, 12, 21, 23, 39, 3, 24, 10, 18
28, 24, 14, 27, 1, 5, 34, 11, 30, 25, 38, 31, 4, 16, 10, 23, 29, 19, 26, 8, 0, 36, 33, 22, 12, 37, 7, 13, 9, 20, 39, 2, 6, 35, 15, 32, 17, 3, 21, 18
27, 4, 24, 10, 17, 25, 11, 28, 34, 7, 22, 37, 32, 9, 31, 36, 16, 33, 18, 0, 3, 29, 13, 15, 26, 23, 14, 38, 8, 1, 12, 5, 6, 2, 19, 35, 21, 20, 39, 30
39, 38, 37, 0, 2, 22, 15, 24, 31, 32, 8, 36, 13, 1, 3, 6, 19, 12, 17, 25, 35, 16, 21, 23, 30, 14, 4, 11, 7, 18, 28, 5, 26, 10, 34, 29, 33, 20, 27, 9
17, 1, 35, 0, 29, 39, 13, 16, 25, 5, 33, 32, 12, 4, 14, 3, 8, 24, 7, 9, 37, 34, 28, 2, 36, 11, 20, 10, 6, 27, 26, 21, 19, 23, 31, 15, 38, 30, 22, 18
38, 34, 6, 20, 0, 13, 10, 26, 12, 8, 35, 11, 7, 37, 32, 27, 25, 28, 30, 9, 2, 19, 4, 36, 5, 3, 17, 22, 33, 18, 29, 14, 15, 39, 23, 24, 21, 16, 1, 31
1, 18, 21, 17, 16, 31, 28, 30, 22, 35, 38, 14, 13, 19, 2, 26, 9, 33, 25, 6, 27, 4, 39, 32, 5, 37, 10, 20, 23, 11, 34, 0, 7, 8, 36, 24, 3, 29, 15, 12
Pocket:
21, 6, 5, 2, 22, 37, 17, 29, 18, 26, 0, 3, 8, 19, 39, 27, 35, 23, 12, 1, 28, 10, 36, 4, 32, 24, 25, 30, 13, 34, 31, 14, 11, 7, 15, 16, 38, 20, 33, 9
19, 13, 7, 39, 38, 35, 25, 12, 30, 29, 32, 2, 26, 23, 5, 17, 15, 16, 31, 8, 20, 9, 0, 28, 11, 18, 34, 6, 33, 14, 24, 4, 1, 27, 10, 37, 21, 36, 22, 3
35, 23, 10, 7, 2, 24, 25, 37, 34, 19, 33, 27, 0, 21, 14, 30, 36, 17, 13, 1, 38, 28, 8, 29, 26, 9, 12, 5, 3, 32, 4, 31, 11, 39, 20, 22, 15, 18, 16, 6
4, 15, 12, 37, 27, 17, 13, 39, 30, 35, 8, 26, 2, 16, 38, 31, 3, 21, 5, 32, 28, 19, 23, 14, 25, 11, 6, 24, 33, 7, 10, 20, 36, 22, 29, 1, 9, 0, 34, 18
6, 20, 21, 0, 25, 12, 24, 31, 34, 2, 18, 4, 5, 28, 26, 13, 1, 33, 16, 15, 36, 32, 19, 30, 39, 23, 3, 27, 37, 9, 17, 11, 14, 35, 22, 29, 8, 10, 7, 38
35, 10, 8, 14, 21, 23, 2, 6, 17, 15, 34, 32, 11, 26, 18, 25, 4, 16, 12, 24, 27, 37, 36, 30, 39, 31, 20, 5, 29, 1, 9, 13, 0, 38, 33, 19, 22, 28, 3, 7
26, 9, 10, 24, 8, 16, 11, 4, 13, 12, 35, 7, 20, 39, 6, 23, 36, 28, 32, 19, 14, 34, 29, 31, 25, 38, 27, 33, 18, 2, 37, 1, 30, 5, 0, 17, 21, 22, 3, 15
29, 17, 10, 5, 18, 2, 9, 37, 3, 1, 22, 38, 25, 31, 30, 12, 21, 11, 26, 27, 28, 34, 33, 39, 16, 20, 6, 23, 7, 8, 32, 24, 36, 35, 19, 15, 0, 13, 4, 14
3, 6, 36, 19, 1, 39, 29, 4, 17, 22, 30, 35, 32, 28, 20, 18, 27, 37, 2, 12, 7, 31, 5, 13, 38, 15, 21, 11, 26, 33, 10, 16, 8, 25, 23, 14, 0, 34, 24, 9
23, 37, 8, 22, 2, 10, 35, 33, 16, 12, 0, 4, 3, 34, 36, 17, 25, 20, 5, 32, 19, 30, 15, 6, 14, 24, 18, 11, 31, 29, 39, 7, 21, 13, 26, 38, 28, 1, 27, 9
Pocket:
20, 2, 14, 31, 3, 11, 37, 1, 0, 7, 4, 38, 16, 6, 17, 12, 24, 35, 32, 26, 23, 22, 29, 36, 19, 25, 8, 10, 39, 9, 28, 27, 30, 13, 15, 18, 34, 5, 33, 21
37, 0, 5, 27, 15, 16, 12, 3, 7, 31, 36, 8, 35, 30, 2, 1, 4, 25, 22, 29, 11, 39, 33, 28, 20, 24, 13, 34, 38, 32, 17, 23, 26, 9, 6, 21, 18, 14, 10, 19
25, 37, 20, 27, 15, 23, 32, 10, 4, 24, 19, 22, 28, 2, 26, 38, 0, 1, 6, 14, 3, 31, 5, 39, 21, 29, 36, 33, 18, 35, 13, 34, 16, 11, 12, 17, 30, 7, 8, 9
17, 30, 13, 22, 21, 31, 11, 19, 8, 39, 10, 16, 25, 0, 14, 35, 3, 1, 26, 6, 33, 37, 5, 9, 27, 12, 36, 18, 24, 15, 7, 38, 2, 28, 23, 4, 32, 29, 20, 34
3, 6, 8, 35, 13, 10, 23, 16, 19, 33, 9, 7, 39, 22, 18, 29, 1, 11, 32, 38, 25, 21, 26, 28, 20, 12, 31, 37, 36, 0, 27, 5, 14, 2, 17, 15, 30, 4, 34, 24
8, 19, 18, 20, 26, 37, 22, 25, 12, 35, 15, 31, 32, 13, 11, 9, 4, 10, 5, 24, 17, 21, 28, 27, 29, 6, 36, 16, 2, 7, 30, 3, 23, 38, 0, 39, 1, 34, 14, 33
32, 19, 26, 30, 34, 17, 38, 23, 12, 29, 22, 37, 15, 18, 16, 31, 7, 0, 39, 11, 33, 6, 9, 35, 8, 2, 10, 36, 24, 28, 14, 13, 4, 25, 1, 3, 20, 5, 21, 27
11, 38, 39, 7, 25, 17, 13, 27, 34, 19, 36, 2, 24, 22, 32, 6, 10, 12, 14, 33, 4, 15, 26, 9, 18, 16, 30, 0, 8, 37, 20, 21, 5, 23, 31, 29, 28, 3, 35, 1
18, 10, 28, 35, 12, 0, 2, 15, 27, 20, 9, 34, 25, 37, 19, 36, 4, 1, 32, 13, 39, 3, 5, 24, 38, 8, 7, 11, 17, 6, 16, 33, 23, 21, 30, 26, 31, 29, 14, 22
32, 22, 33, 30, 4, 34, 12, 24, 35, 39, 28, 21, 17, 2, 13, 5, 0, 3, 19, 10, 36, 27, 37, 15, 23, 16, 11, 25, 18, 29, 38, 6, 31, 8, 14, 9, 26, 7, 20, 1
